step=3103875, graph_id=0, num_atoms=13
scalar_charges: [ 0.805648, -1.544352, -1.546122,  0.716376,  0.687019,  0.690532,  0.711537,  0.706958,  0.706771,  0.729993, -1.545658, -1.544956,  0.764409]
spherical_charges_l0: [[-0.50957 ],
 [-0.000689],
 [-0.001279],
 [-0.033604],
 [-0.006706],
 [-0.008165],
 [-0.009983],
 [-0.006552],
 [-0.004762],
 [-0.024371],
 [-0.002405],
 [-0.001311],
 [-0.469545]]
spherical_charges_l1: [[ 1.782033e-02,  8.792701e-01,  5.411084e-01],
 [ 4.264876e-03,  3.480923e-03,  3.986230e-03],
 [-1.787912e-03,  5.998967e-03,  2.095245e-03],
 [-3.824596e-02,  9.655758e-02,  6.839870e-03],
 [ 1.876359e-02, -5.630749e-03,  1.161428e-02],
 [ 6.115244e-03,  8.742704e-03,  1.054961e-02],
 [ 3.152409e-03,  1.449263e-03,  9.693824e-03],
 [-3.412683e-03, -1.423445e-03,  2.038307e-02],
 [-1.074711e-03,  1.347925e-02,  2.000286e-02],
 [ 2.744443e-02, -7.910890e-02,  2.557759e-02],
 [ 6.349150e-03, -2.279471e-03,  1.335339e-03],
 [ 1.745158e-05, -6.144624e-03,  3.016930e-03],
 [ 5.079625e-01, -6.899484e-01,  5.261530e-01]]
spherical_charges_l2: [[ 0.849138, -0.727193,  1.16866 ,  0.470612, -0.812232],
 [-0.020714,  0.017416, -0.011505,  0.008632,  0.010688],
 [-0.020628,  0.011635, -0.014217,  0.006964,  0.008278],
 [-0.001781,  0.050328,  0.019969, -0.005423,  0.037966],
 [ 0.092021,  0.096968, -0.060344, -0.027586,  0.052032],
 [ 0.11211 ,  0.056857, -0.012194, -0.09994 ,  0.029283],
 [ 0.075706,  0.009964,  0.006615,  0.027469,  0.051   ],
 [ 0.035042,  0.09206 , -0.064097,  0.077081, -0.004465],
 [ 0.062943,  0.105049, -0.006226, -0.002314,  0.040153],
 [ 0.009791, -0.022094,  0.024036,  0.035937,  0.017454],
 [-0.00881 , -0.02714 ,  0.012254,  0.005844,  0.011633],
 [-0.016887, -0.022626,  0.009752,  0.002127,  0.012749],
 [ 0.75718 ,  0.91117 , -0.227241, -0.951655, -1.048679]]
energy_short: [-1.33094 ,  0.809485,  0.804048, -0.745897, -0.412849, -0.463434, -0.698456, -0.651276, -0.649166, -0.868903,  0.817335,  0.81258 , -1.091331]
energy_long: [0.206093, 0.210582, 0.211492, 0.3098  , 0.279974, 0.369232, 0.356266, 0.406358, 0.438391, 0.306957, 0.214091, 0.213473, 0.340573]