step=340425, graph_id=0, num_atoms=13
scalar_charges: [  3.460903, -10.634969, -10.623499,   3.378201,   3.394222,   3.400437,   3.442861,   3.439359,   3.441318,   3.437114, -10.64956 , -10.643236,   3.417341]
spherical_charges_l0: [[-4.286382e+00],
 [-7.258056e-03],
 [-2.956175e-03],
 [-5.215712e-01],
 [-7.784736e-02],
 [-9.667876e-02],
 [-4.161278e-02],
 [-5.882666e-02],
 [-3.140233e-02],
 [-4.610231e-01],
 [-1.139329e-02],
 [-8.436570e-03],
 [-4.207202e+00]]
spherical_charges_l1: [[ 7.704138e-02,  7.184934e+00,  4.272343e+00],
 [ 5.521921e-04, -3.247282e-02, -1.166724e-02],
 [ 2.599600e-03, -2.210909e-02, -7.955840e-03],
 [-3.774265e-01,  1.195664e+00,  1.216897e-01],
 [-3.084240e-02, -2.840288e-02, -1.426341e-01],
 [-1.130894e-01,  3.585276e-02, -3.354100e-02],
 [ 1.449080e-02,  2.455271e-03,  4.973583e-02],
 [ 3.164422e-02,  1.563961e-02,  2.520608e-02],
 [-3.903247e-02,  1.194503e-02,  9.425860e-03],
 [ 2.783358e-01, -9.338300e-01,  2.787120e-01],
 [-4.298580e-02,  2.455317e-02, -1.348985e-02],
 [-1.179632e-02,  3.875619e-02, -1.939893e-02],
 [ 4.244939e+00, -5.816912e+00,  4.229656e+00]]
spherical_charges_l2: [[ 4.109746e+00, -3.321673e+00,  5.583363e+00,  2.117639e+00, -3.787080e+00],
 [-8.639006e-02,  1.063992e-01, -4.577176e-02,  3.726701e-02,  6.652192e-02],
 [-1.053675e-01,  2.560010e-02, -8.475544e-02,  2.488655e-02,  2.851025e-02],
 [ 1.611136e-01,  2.436093e-01,  3.443145e-01, -1.326312e-01,  5.368844e-02],
 [ 6.853313e-01,  5.908488e-01, -3.037678e-01, -2.772434e-01,  3.472719e-01],
 [ 6.504982e-01,  4.363327e-01, -1.065916e-01, -4.006080e-01,  2.980772e-01],
 [ 4.212340e-01,  2.067522e-01,  1.831412e-02,  1.371300e-01,  3.297155e-01],
 [ 3.118507e-01,  5.777921e-01, -2.741533e-01,  4.026443e-01,  8.832917e-02],
 [ 4.254645e-01,  6.254202e-01, -1.206999e-01,  9.998341e-02,  2.497354e-01],
 [ 1.166272e-01, -1.697623e-02,  4.783708e-02,  6.256355e-02, -1.904487e-01],
 [-3.020223e-02, -1.614710e-01,  7.423427e-02,  3.723701e-02,  5.863132e-02],
 [-1.120393e-01, -1.175145e-01,  4.953032e-02,  3.509321e-03,  7.350165e-02],
 [ 3.598240e+00,  4.443167e+00, -1.245679e+00, -4.259043e+00, -4.951126e+00]]
energy_short: [-0.933509,  0.263091,  0.253619, -0.401466, -0.285775, -0.320608, -0.535376, -0.510692, -0.516953, -0.63277 ,  0.273549,  0.266005, -0.608919]
energy_long: [0.19913 , 0.162234, 0.163018, 0.317858, 0.2855  , 0.365494, 0.320299, 0.400457, 0.455602, 0.317992, 0.162259, 0.162834, 0.348531]