step=3296115, graph_id=0, num_atoms=13
scalar_charges: [ 0.781276, -1.548855, -1.549927,  0.707998,  0.683056,  0.685949,  0.703902,  0.699924,  0.699775,  0.719396, -1.551019, -1.54988 ,  0.748561]
spherical_charges_l0: [[-0.510464],
 [-0.000731],
 [-0.001384],
 [-0.032628],
 [-0.006464],
 [-0.007594],
 [-0.009014],
 [-0.005997],
 [-0.00436 ],
 [-0.023716],
 [-0.002473],
 [-0.001329],
 [-0.470097]]
spherical_charges_l1: [[ 1.903436e-02,  8.836808e-01,  5.413565e-01],
 [ 4.321762e-03,  3.475381e-03,  4.027470e-03],
 [-1.851687e-03,  6.015377e-03,  2.085947e-03],
 [-3.803738e-02,  9.666078e-02,  6.806675e-03],
 [ 1.840738e-02, -5.586446e-03,  1.190136e-02],
 [ 6.054353e-03,  8.763111e-03,  1.053273e-02],
 [ 2.949998e-03,  1.391606e-03,  9.213326e-03],
 [-3.363899e-03, -1.346217e-03,  1.986335e-02],
 [-1.007025e-03,  1.317220e-02,  1.953698e-02],
 [ 2.720833e-02, -7.874412e-02,  2.544340e-02],
 [ 6.323706e-03, -2.279107e-03,  1.334415e-03],
 [ 2.522258e-05, -6.148819e-03,  3.019374e-03],
 [ 5.105814e-01, -6.936179e-01,  5.267575e-01]]
spherical_charges_l2: [[ 0.860927, -0.734566,  1.185427,  0.474058, -0.822899],
 [-0.020937,  0.018132, -0.011665,  0.008743,  0.011163],
 [-0.021508,  0.011499, -0.015025,  0.007001,  0.008472],
 [-0.001344,  0.050195,  0.020484, -0.004673,  0.037878],
 [ 0.09332 ,  0.096379, -0.059798, -0.028507,  0.051526],
 [ 0.110868,  0.0575  , -0.012715, -0.098741,  0.030881],
 [ 0.074271,  0.010681,  0.006331,  0.02672 ,  0.04991 ],
 [ 0.034936,  0.091599, -0.061781,  0.076392, -0.00373 ],
 [ 0.062593,  0.104215, -0.007573, -0.00184 ,  0.039797],
 [ 0.00997 , -0.021637,  0.024124,  0.035418,  0.017384],
 [-0.008672, -0.02799 ,  0.012642,  0.006376,  0.012072],
 [-0.017677, -0.023056,  0.009901,  0.002239,  0.013326],
 [ 0.769565,  0.925913, -0.231644, -0.965792, -1.067021]]
energy_short: [-1.331277,  0.810184,  0.804711, -0.745405, -0.408817, -0.459466, -0.695336, -0.647882, -0.646395, -0.866683,  0.817994,  0.81324 , -1.092441]
energy_long: [0.197735, 0.207819, 0.208663, 0.306619, 0.274218, 0.364152, 0.353066, 0.401884, 0.435046, 0.303636, 0.211274, 0.210602, 0.330208]