step=200250, graph_id=0, num_atoms=13
scalar_charges: [  3.926018, -13.089578, -13.095693,   3.975678,   4.055554,   4.057249,   4.067163,   4.05981 ,   4.059692,   3.988433, -13.081098, -13.090064,   3.987019]
spherical_charges_l0: [[-4.726354],
 [-0.021622],
 [-0.013695],
 [-0.479534],
 [-0.056034],
 [-0.072263],
 [-0.056115],
 [-0.058996],
 [-0.035592],
 [-0.423239],
 [-0.027792],
 [-0.024098],
 [-4.58124 ]]
spherical_charges_l1: [[ 3.695169e-01,  8.445110e+00,  5.130764e+00],
 [-2.103145e-02, -3.655107e-02, -2.612524e-02],
 [ 1.013315e-02, -4.088177e-02, -1.459223e-02],
 [-4.010914e-01,  1.285454e+00,  2.520339e-01],
 [-3.287708e-02, -4.995304e-02, -1.644973e-01],
 [-1.459816e-01,  6.214768e-02, -5.923410e-02],
 [ 1.538203e-02,  6.675851e-03,  6.013943e-02],
 [ 5.006582e-02, -1.369088e-02, -1.430214e-02],
 [-4.873358e-02,  1.545218e-02, -4.003432e-02],
 [ 3.356432e-01, -9.853892e-01,  4.130687e-01],
 [-6.514556e-02,  2.604100e-02, -1.497481e-02],
 [-5.513953e-03,  5.986997e-02, -2.955499e-02],
 [ 4.967556e+00, -6.790223e+00,  4.710129e+00]]
spherical_charges_l2: [[ 4.429373e+00, -3.550854e+00,  5.796912e+00,  2.047425e+00, -3.880613e+00],
 [-8.627145e-02,  9.557779e-02, -5.696283e-02,  3.106885e-02,  6.894082e-02],
 [-1.120669e-01,  2.978409e-02, -8.544888e-02,  3.182208e-02,  3.256202e-02],
 [ 2.143474e-01,  2.390684e-01,  3.358866e-01, -1.905066e-01,  4.953332e-02],
 [ 4.766188e-01,  3.952107e-01, -1.580475e-01, -2.116012e-01,  2.359081e-01],
 [ 4.276855e-01,  3.101582e-01, -1.980880e-02, -1.869452e-01,  2.291083e-01],
 [ 3.089908e-01,  1.863333e-01,  2.555995e-02,  1.084750e-01,  2.844338e-01],
 [ 2.432753e-01,  4.088799e-01, -1.891512e-01,  2.504640e-01,  1.230426e-01],
 [ 2.956762e-01,  4.309872e-01, -9.784009e-02,  1.469998e-01,  2.015684e-01],
 [ 1.227884e-01,  3.333351e-02,  7.885810e-03,  1.555993e-01, -1.517453e-01],
 [-4.297872e-02, -1.690800e-01,  7.706460e-02,  3.766071e-02,  6.677735e-02],
 [-1.151285e-01, -1.327474e-01,  5.674998e-02,  3.924996e-03,  7.643437e-02],
 [ 3.750466e+00,  4.711471e+00, -1.321951e+00, -4.378199e+00, -5.095249e+00]]
energy_short: [-0.8385  ,  0.289797,  0.276007, -0.269798, -0.205098, -0.235595, -0.437735, -0.421281, -0.429248, -0.490144,  0.299323,  0.289379, -0.537784]
energy_long: [0.139007, 0.132717, 0.13252 , 0.26141 , 0.212211, 0.289251, 0.259386, 0.34182 , 0.371718, 0.259065, 0.131992, 0.132567, 0.280088]