step=3824775, graph_id=0, num_atoms=13
scalar_charges: [ 0.77835 , -1.515968, -1.516268,  0.707869,  0.683646,  0.686486,  0.703967,  0.700099,  0.699931,  0.718675, -1.518299, -1.516891,  0.747644]
spherical_charges_l0: [[-0.499406],
 [-0.000952],
 [-0.001649],
 [-0.031375],
 [-0.006252],
 [-0.007115],
 [-0.008594],
 [-0.005571],
 [-0.004128],
 [-0.023062],
 [-0.002704],
 [-0.001555],
 [-0.45846 ]]
spherical_charges_l1: [[ 1.451331e-02,  8.571973e-01,  5.240084e-01],
 [ 4.473590e-03,  3.208082e-03,  3.946575e-03],
 [-2.215936e-03,  5.937545e-03,  1.830176e-03],
 [-3.709295e-02,  9.331755e-02,  6.648878e-03],
 [ 1.885758e-02, -5.456282e-03,  1.245034e-02],
 [ 6.578771e-03,  8.893498e-03,  1.127411e-02],
 [ 2.864557e-03,  1.428042e-03,  9.137413e-03],
 [-3.354047e-03, -1.373653e-03,  2.023543e-02],
 [-9.598360e-04,  1.327261e-02,  1.988099e-02],
 [ 2.605287e-02, -7.601097e-02,  2.478948e-02],
 [ 6.655683e-03, -2.039824e-03,  1.227746e-03],
 [-3.308837e-04, -6.229206e-03,  3.046213e-03],
 [ 4.946943e-01, -6.721691e-01,  5.129495e-01]]
spherical_charges_l2: [[ 0.829526, -0.709316,  1.144125,  0.463123, -0.794667],
 [-0.020344,  0.018236, -0.011755,  0.008362,  0.011377],
 [-0.021576,  0.01144 , -0.015164,  0.006815,  0.008611],
 [-0.001471,  0.048552,  0.020825, -0.004193,  0.036136],
 [ 0.091624,  0.094685, -0.059562, -0.028155,  0.050492],
 [ 0.108427,  0.056045, -0.012473, -0.098115,  0.030736],
 [ 0.073146,  0.009733,  0.006305,  0.026311,  0.048696],
 [ 0.033637,  0.089986, -0.060336,  0.075577, -0.003973],
 [ 0.061504,  0.102558, -0.008017, -0.002206,  0.039033],
 [ 0.01003 , -0.021135,  0.02374 ,  0.034275,  0.016102],
 [-0.008624, -0.027641,  0.012465,  0.00651 ,  0.012147],
 [-0.017648, -0.022743,  0.009743,  0.00236 ,  0.013401],
 [ 0.74314 ,  0.892937, -0.221654, -0.934797, -1.028686]]
energy_short: [-1.328824,  0.809267,  0.803567, -0.733497, -0.400773, -0.450834, -0.685344, -0.638534, -0.636935, -0.852703,  0.817586,  0.812324, -1.091038]
energy_long: [0.193909, 0.201032, 0.201923, 0.299322, 0.269911, 0.357712, 0.349634, 0.394334, 0.43077 , 0.296119, 0.204724, 0.203946, 0.327725]