step=2715390, graph_id=0, num_atoms=13
scalar_charges: [ 0.808768, -1.596947, -1.600053,  0.734379,  0.706865,  0.710144,  0.729123,  0.724937,  0.724854,  0.745846, -1.598612, -1.597688,  0.773832]
spherical_charges_l0: [[-5.488065e-01],
 [-1.193860e-04],
 [-9.171409e-04],
 [-3.789418e-02],
 [-9.056240e-03],
 [-9.632542e-03],
 [-1.034451e-02],
 [-7.303291e-03],
 [-5.608488e-03],
 [-2.729803e-02],
 [-2.159922e-03],
 [-9.069573e-04],
 [-5.079991e-01]]
spherical_charges_l1: [[ 1.801371e-02,  9.303346e-01,  5.718874e-01],
 [ 4.319805e-03,  4.196101e-03,  4.396924e-03],
 [-1.641165e-03,  6.402782e-03,  2.405968e-03],
 [-4.095630e-02,  1.042675e-01,  7.960100e-03],
 [ 1.971467e-02, -6.431896e-03,  1.201679e-02],
 [ 6.621850e-03,  9.784801e-03,  1.185487e-02],
 [ 3.229408e-03,  1.488102e-03,  1.016016e-02],
 [-3.736756e-03, -1.500585e-03,  2.221101e-02],
 [-1.192468e-03,  1.462567e-02,  2.157936e-02],
 [ 2.890628e-02, -8.381487e-02,  2.675432e-02],
 [ 6.584436e-03, -2.202508e-03,  1.305850e-03],
 [ 5.904161e-05, -6.364814e-03,  3.126734e-03],
 [ 5.433418e-01, -7.391137e-01,  5.610304e-01]]
spherical_charges_l2: [[ 9.121414e-01, -7.771757e-01,  1.247654e+00,  4.917862e-01, -8.711035e-01],
 [-2.304547e-02,  1.863706e-02, -1.374255e-02,  8.705293e-03,  1.200858e-02],
 [-2.140526e-02,  1.310679e-02, -1.525341e-02,  6.848938e-03,  9.397130e-03],
 [-3.068924e-04,  5.385003e-02,  2.196747e-02, -6.305019e-03,  4.116336e-02],
 [ 9.889652e-02,  1.024728e-01, -6.238249e-02, -3.020839e-02,  5.547435e-02],
 [ 1.195100e-01,  6.083231e-02, -1.273407e-02, -1.031598e-01,  3.195026e-02],
 [ 7.955499e-02,  1.178592e-02,  6.956747e-03,  2.869627e-02,  5.407693e-02],
 [ 3.868562e-02,  9.731752e-02, -6.702284e-02,  8.114479e-02, -3.400469e-03],
 [ 6.733031e-02,  1.106031e-01, -6.889829e-03, -9.714225e-04,  4.282846e-02],
 [ 1.012783e-02, -2.295747e-02,  2.520194e-02,  3.840331e-02,  1.903641e-02],
 [-9.850532e-03, -2.847858e-02,  1.279065e-02,  6.516238e-03,  1.289726e-02],
 [-1.729247e-02, -2.397523e-02,  1.031383e-02,  3.115020e-03,  1.393014e-02],
 [ 8.159471e-01,  9.903476e-01, -2.534845e-01, -1.010635e+00, -1.124958e+00]]
energy_short: [-1.318712,  0.778173,  0.77233 , -0.767416, -0.425479, -0.477694, -0.716672, -0.667095, -0.665077, -0.889453,  0.78571 ,  0.781093, -1.08036 ]
energy_long: [0.219315, 0.223146, 0.223638, 0.323703, 0.293051, 0.382169, 0.373489, 0.420482, 0.446659, 0.321211, 0.226213, 0.225643, 0.351367]