step=1638045, graph_id=0, num_atoms=13
scalar_charges: [ 0.992606, -2.128286, -2.126348,  0.957469,  0.933207,  0.936905,  0.955482,  0.952176,  0.952044,  0.969139, -2.128207, -2.124884,  0.970859]
spherical_charges_l0: [[-9.419600e-01],
 [ 3.735861e-04],
 [-3.371073e-04],
 [-6.128972e-02],
 [-1.158528e-02],
 [-1.737745e-02],
 [-1.941070e-02],
 [-1.383048e-02],
 [-8.589652e-03],
 [-4.497714e-02],
 [-2.650318e-03],
 [-1.023592e-03],
 [-8.801693e-01]]
spherical_charges_l1: [[ 5.279662e-02,  1.558431e+00,  9.584289e-01],
 [ 3.971632e-03,  5.802264e-03,  5.130832e-03],
 [-5.339936e-04,  8.703817e-03,  3.984917e-03],
 [-6.715582e-02,  1.713981e-01,  1.371745e-02],
 [ 2.394745e-02, -1.214749e-02,  8.709018e-03],
 [ 2.794601e-03,  1.599489e-02,  1.250796e-02],
 [ 4.101778e-03,  1.447976e-03,  1.276969e-02],
 [-2.581203e-03, -3.701825e-03,  3.032432e-02],
 [-4.028184e-03,  2.113512e-02,  2.634826e-02],
 [ 4.824882e-02, -1.400425e-01,  4.560916e-02],
 [ 7.894501e-03, -5.033525e-03,  2.739293e-03],
 [ 2.100751e-03, -8.865353e-03,  4.423086e-03],
 [ 9.051793e-01, -1.228178e+00,  9.222755e-01]]
spherical_charges_l2: [[ 1.429363e+00, -1.256838e+00,  2.000398e+00,  8.029911e-01, -1.401778e+00],
 [-3.297403e-02,  2.663772e-02, -2.099978e-02,  1.231337e-02,  1.761277e-02],
 [-2.933628e-02,  1.694176e-02, -2.184320e-02,  7.645700e-03,  1.389983e-02],
 [ 2.764124e-03,  7.965609e-02,  3.608097e-02, -1.313561e-02,  5.911097e-02],
 [ 1.449158e-01,  1.539399e-01, -9.245135e-02, -4.513413e-02,  8.044370e-02],
 [ 1.810329e-01,  9.414013e-02, -1.847048e-02, -1.492076e-01,  4.613785e-02],
 [ 1.262097e-01,  1.992290e-02,  9.136384e-03,  4.553671e-02,  8.564639e-02],
 [ 6.188517e-02,  1.480424e-01, -1.058900e-01,  1.218811e-01, -1.438281e-03],
 [ 1.014062e-01,  1.662646e-01, -6.900000e-03,  1.258655e-03,  6.736770e-02],
 [ 1.511588e-02, -3.565687e-02,  3.652206e-02,  5.576834e-02,  2.318222e-02],
 [-1.156146e-02, -4.014307e-02,  1.804217e-02,  1.118100e-02,  1.863002e-02],
 [-2.671574e-02, -3.321381e-02,  1.411974e-02,  4.165719e-03,  2.075179e-02],
 [ 1.280718e+00,  1.541911e+00, -3.876826e-01, -1.634907e+00, -1.807705e+00]]
energy_short: [-1.091421,  0.612159,  0.604152, -0.660557, -0.392181, -0.439397, -0.66508 , -0.624631, -0.62573 , -0.817138,  0.622574,  0.615733, -0.828444]
energy_long: [0.206345, 0.210557, 0.210958, 0.316812, 0.2991  , 0.367799, 0.369233, 0.414809, 0.442493, 0.316026, 0.212516, 0.212232, 0.339921]