step=144180, graph_id=0, num_atoms=13
scalar_charges: [  4.382696, -14.957758, -14.970495,   4.398643,   4.519781,   4.517073,   4.526807,   4.515712,   4.518371,   4.407015, -14.947384, -14.959291,   4.45416 ]
spherical_charges_l0: [[-3.875584],
 [-0.016818],
 [-0.012321],
 [-0.411069],
 [-0.0892  ],
 [-0.095444],
 [-0.067657],
 [-0.077271],
 [-0.061885],
 [-0.325549],
 [-0.020202],
 [-0.018831],
 [-3.758262]]
spherical_charges_l1: [[ 2.821024e-01,  6.859631e+00,  4.084341e+00],
 [-2.452859e-02, -3.231411e-02, -2.884996e-02],
 [ 5.636677e-03, -3.989076e-02, -1.743782e-02],
 [-3.426708e-01,  1.189989e+00,  3.214178e-01],
 [-8.523443e-02, -1.955491e-02, -1.887126e-01],
 [-1.428021e-01,  2.617166e-02, -6.412314e-02],
 [ 1.090632e-02,  6.311242e-03,  4.922208e-02],
 [ 4.638048e-02,  7.697427e-03, -2.764900e-02],
 [-4.029724e-02, -8.827385e-03, -4.893462e-02],
 [ 3.086550e-01, -8.373119e-01,  4.085419e-01],
 [-5.776176e-02,  2.744040e-02, -1.541935e-02],
 [-9.366712e-03,  5.370482e-02, -2.667081e-02],
 [ 4.173343e+00, -5.685144e+00,  3.893209e+00]]
spherical_charges_l2: [[ 3.427174e+00, -2.934389e+00,  4.652878e+00,  1.776338e+00, -3.231922e+00],
 [-4.069788e-02,  6.365076e-02, -5.415662e-02, -6.931001e-03,  5.864566e-02],
 [-6.364586e-02,  2.292862e-02, -6.318838e-02,  3.402560e-03,  3.147237e-02],
 [ 2.069845e-01,  2.942996e-01,  3.106236e-01, -2.210216e-01,  9.065549e-02],
 [ 5.079832e-01,  3.851696e-01, -1.869734e-01, -2.323809e-01,  2.101431e-01],
 [ 4.093282e-01,  3.028854e-01, -7.570179e-02, -1.292660e-01,  2.490144e-01],
 [ 2.405366e-01,  1.956367e-01,  2.227429e-02,  8.271870e-02,  2.522198e-01],
 [ 2.746909e-01,  3.828961e-01, -1.237338e-01,  2.015363e-01,  1.252716e-01],
 [ 3.197252e-01,  3.987445e-01, -1.336683e-01,  1.707643e-01,  1.607218e-01],
 [ 1.125877e-01, -3.546700e-03,  1.176337e-02,  1.859121e-01, -1.220548e-01],
 [-3.282428e-02, -1.113783e-01,  4.932768e-02,  4.137629e-02,  6.138131e-02],
 [-7.477875e-02, -8.252977e-02,  3.373968e-02,  2.167208e-02,  6.653225e-02],
 [ 2.977935e+00,  3.743568e+00, -1.032918e+00, -3.672608e+00, -4.182434e+00]]
energy_short: [-0.755362,  0.218828,  0.204127, -0.163412, -0.115023, -0.14767 , -0.351335, -0.337175, -0.347772, -0.387038,  0.230448,  0.219332, -0.442927]
energy_long: [0.105655, 0.127442, 0.126308, 0.199953, 0.160821, 0.25698 , 0.173722, 0.280209, 0.302005, 0.201006, 0.126738, 0.127337, 0.228314]