step=3728655, graph_id=0, num_atoms=13
scalar_charges: [ 0.772714, -1.519963, -1.520462,  0.702588,  0.678843,  0.681613,  0.69875 ,  0.694929,  0.694747,  0.713277, -1.521963, -1.520745,  0.741823]
spherical_charges_l0: [[-0.505558],
 [-0.001024],
 [-0.00171 ],
 [-0.032389],
 [-0.006518],
 [-0.00736 ],
 [-0.008586],
 [-0.005674],
 [-0.004204],
 [-0.024017],
 [-0.002793],
 [-0.001658],
 [-0.464626]]
spherical_charges_l1: [[ 1.571904e-02,  8.662328e-01,  5.300654e-01],
 [ 4.470271e-03,  3.235686e-03,  3.982400e-03],
 [-2.155947e-03,  5.942257e-03,  1.879947e-03],
 [-3.705150e-02,  9.358387e-02,  6.718840e-03],
 [ 1.859760e-02, -5.583330e-03,  1.190349e-02],
 [ 6.270536e-03,  8.863919e-03,  1.089252e-02],
 [ 2.921863e-03,  1.476766e-03,  9.286077e-03],
 [-3.340227e-03, -1.360350e-03,  1.997596e-02],
 [-9.758835e-04,  1.315051e-02,  1.965894e-02],
 [ 2.614624e-02, -7.630101e-02,  2.482389e-02],
 [ 6.626972e-03, -1.989916e-03,  1.202519e-03],
 [-3.454705e-04, -6.201663e-03,  3.032445e-03],
 [ 5.006422e-01, -6.800374e-01,  5.179836e-01]]
spherical_charges_l2: [[ 0.833389, -0.712734,  1.151904,  0.465549, -0.801139],
 [-0.020671,  0.018442, -0.01198 ,  0.008414,  0.011516],
 [-0.021657,  0.011627, -0.015317,  0.006789,  0.008748],
 [-0.001491,  0.048941,  0.02084 , -0.004255,  0.036035],
 [ 0.091815,  0.094719, -0.05949 , -0.02861 ,  0.050529],
 [ 0.108887,  0.056619, -0.012895, -0.097695,  0.030493],
 [ 0.073406,  0.009868,  0.006441,  0.02661 ,  0.049292],
 [ 0.03421 ,  0.090424, -0.060706,  0.075232, -0.003881],
 [ 0.061801,  0.102875, -0.007889, -0.001786,  0.038895],
 [ 0.010054, -0.021608,  0.023786,  0.034277,  0.015958],
 [-0.008737, -0.027768,  0.012511,  0.006625,  0.012322],
 [-0.017697, -0.022914,  0.009812,  0.002524,  0.013584],
 [ 0.747804,  0.898944, -0.224126, -0.939613, -1.035711]]
energy_short: [-1.328697,  0.81346 ,  0.807811, -0.734131, -0.400718, -0.451211, -0.686111, -0.638891, -0.637156, -0.853567,  0.821293,  0.816271, -1.090725]
energy_long: [0.19313 , 0.201667, 0.202586, 0.299927, 0.271147, 0.358336, 0.349763, 0.395348, 0.430555, 0.296753, 0.205305, 0.204586, 0.327972]