step=981225, graph_id=0, num_atoms=13
scalar_charges: [ 1.260993, -2.988834, -2.97606 ,  1.243001,  1.235073,  1.237621,  1.249965,  1.24877 ,  1.249074,  1.254277, -2.996867, -2.989019,  1.251876]
spherical_charges_l0: [[-1.857980e+00],
 [ 3.704723e-03],
 [ 7.777817e-04],
 [-1.145318e-01],
 [-3.370105e-02],
 [-3.968326e-02],
 [-2.734299e-02],
 [-2.594872e-02],
 [-1.718163e-02],
 [-8.924893e-02],
 [-6.395580e-03],
 [-1.811113e-03],
 [-1.709364e+00]]
spherical_charges_l1: [[ 9.490849e-02,  3.236865e+00,  1.997463e+00],
 [ 7.479564e-03,  8.893195e-03,  1.009573e-02],
 [ 9.534431e-04,  1.534628e-02,  9.523670e-03],
 [-1.278712e-01,  3.468448e-01,  2.972171e-02],
 [ 5.085699e-02, -2.699673e-02,  1.880373e-02],
 [-4.090092e-04,  3.815612e-02,  3.029445e-02],
 [ 4.759287e-03,  1.468593e-03,  1.818426e-02],
 [-1.372774e-05, -8.940754e-03,  5.797589e-02],
 [-1.137504e-02,  4.113078e-02,  4.785860e-02],
 [ 9.107359e-02, -2.791665e-01,  8.928201e-02],
 [ 1.590273e-02, -1.040903e-02,  5.664067e-03],
 [ 4.442258e-03, -1.735673e-02,  8.686780e-03],
 [ 1.860489e+00, -2.532133e+00,  1.880979e+00]]
spherical_charges_l2: [[ 2.639065e+00, -2.180745e+00,  3.457348e+00,  1.229176e+00, -2.382038e+00],
 [-7.386015e-02,  6.368646e-02, -3.745360e-02,  3.330576e-02,  3.959589e-02],
 [-7.240292e-02,  3.339903e-02, -5.315875e-02,  2.274952e-02,  2.629676e-02],
 [ 1.643898e-02,  1.289402e-01,  8.751687e-02, -1.964858e-02,  8.144943e-02],
 [ 2.664473e-01,  2.795339e-01, -1.460343e-01, -8.388976e-02,  1.494062e-01],
 [ 3.258987e-01,  1.649096e-01, -3.467749e-02, -2.497240e-01,  7.707549e-02],
 [ 2.148291e-01,  3.509194e-02,  1.270736e-02,  7.745589e-02,  1.466461e-01],
 [ 1.165745e-01,  2.512227e-01, -1.862135e-01,  2.072421e-01, -3.805577e-03],
 [ 1.789525e-01,  2.831611e-01, -3.954645e-03,  3.338574e-03,  1.203378e-01],
 [ 3.088664e-02, -5.269531e-02,  6.080143e-02,  6.912989e-02,  9.420988e-03],
 [-2.950810e-02, -1.050348e-01,  4.792412e-02,  1.984436e-02,  3.989841e-02],
 [-6.737372e-02, -8.394989e-02,  3.619260e-02,  3.092516e-03,  4.574146e-02],
 [ 2.265229e+00,  2.814415e+00, -7.498767e-01, -2.664541e+00, -3.019659e+00]]
energy_short: [-1.019179,  0.394828,  0.386216, -0.554327, -0.323117, -0.366493, -0.58964 , -0.554247, -0.557396, -0.738339,  0.401742,  0.396629, -0.719705]
energy_long: [0.225175, 0.217634, 0.21958 , 0.32521 , 0.321351, 0.377315, 0.391479, 0.415499, 0.469462, 0.324745, 0.220383, 0.220739, 0.360949]