step=2443050, graph_id=0, num_atoms=13
scalar_charges: [ 0.825841, -1.630292, -1.634055,  0.7454  ,  0.714473,  0.718167,  0.738769,  0.734308,  0.734199,  0.757886, -1.631729, -1.629955,  0.785885]
spherical_charges_l0: [[-5.899541e-01],
 [-5.669511e-04],
 [-1.279943e-03],
 [-3.856288e-02],
 [-8.197203e-03],
 [-1.013294e-02],
 [-1.276882e-02],
 [-8.352648e-03],
 [-5.870162e-03],
 [-2.796736e-02],
 [-2.372135e-03],
 [-1.167397e-03],
 [-5.451064e-01]]
spherical_charges_l1: [[ 2.328807e-02,  1.004901e+00,  6.119628e-01],
 [ 4.558105e-03,  4.736976e-03,  4.785843e-03],
 [-1.523227e-03,  6.951391e-03,  2.735941e-03],
 [-4.260952e-02,  1.101370e-01,  9.537891e-03],
 [ 2.087517e-02, -7.218495e-03,  1.267817e-02],
 [ 6.706759e-03,  1.057985e-02,  1.276353e-02],
 [ 3.154750e-03,  1.346219e-03,  1.010457e-02],
 [-3.561064e-03, -1.873774e-03,  2.340168e-02],
 [-1.409053e-03,  1.563743e-02,  2.227003e-02],
 [ 3.190953e-02, -8.992779e-02,  2.991845e-02],
 [ 7.399411e-03, -2.536321e-03,  1.497578e-03],
 [ 2.122837e-04, -7.132446e-03,  3.508755e-03],
 [ 5.818401e-01, -7.921343e-01,  5.961163e-01]]
spherical_charges_l2: [[ 0.968555, -0.833402,  1.338799,  0.536516, -0.936925],
 [-0.02503 ,  0.019728, -0.014815,  0.009606,  0.012727],
 [-0.023091,  0.01431 , -0.016353,  0.007411,  0.010264],
 [-0.002464,  0.058545,  0.023082, -0.004362,  0.042921],
 [ 0.106518,  0.109796, -0.068586, -0.033472,  0.059247],
 [ 0.129396,  0.066213, -0.016754, -0.112831,  0.031988],
 [ 0.086036,  0.009591,  0.007708,  0.031237,  0.057635],
 [ 0.041718,  0.1052  , -0.073164,  0.087209, -0.00609 ],
 [ 0.072649,  0.119501, -0.006745, -0.002098,  0.044601],
 [ 0.010116, -0.026863,  0.027764,  0.039502,  0.018887],
 [-0.011533, -0.031484,  0.014131,  0.006709,  0.014188],
 [-0.018957, -0.026705,  0.011524,  0.003267,  0.015161],
 [ 0.865155,  1.047434, -0.266975, -1.083636, -1.204103]]
energy_short: [-1.30384 ,  0.760795,  0.753645, -0.767737, -0.428598, -0.479724, -0.716996, -0.668359, -0.666756, -0.892011,  0.767929,  0.76291 , -1.066717]
energy_long: [0.227814, 0.227328, 0.227687, 0.330577, 0.307151, 0.387642, 0.378522, 0.425881, 0.463589, 0.328734, 0.23062 , 0.229903, 0.365033]