step=128160, graph_id=0, num_atoms=13
scalar_charges: [  4.382098, -15.013333, -15.030757,   4.466731,   4.6214  ,   4.611043,   4.595841,   4.58684 ,   4.590023,   4.445464, -14.999419, -15.015355,   4.498307]
spherical_charges_l0: [[-4.082518],
 [-0.030146],
 [-0.029764],
 [-0.437935],
 [-0.107545],
 [-0.109092],
 [-0.086748],
 [-0.094348],
 [-0.083424],
 [-0.349264],
 [-0.049634],
 [-0.038739],
 [-3.839496]]
spherical_charges_l1: [[ 3.183920e-01,  6.688611e+00,  3.991211e+00],
 [-2.733662e-02, -3.692220e-02, -3.544177e-02],
 [ 1.645959e-03, -3.971958e-02, -2.229143e-02],
 [-2.471832e-01,  1.096795e+00,  3.251390e-01],
 [-1.217783e-01,  3.446854e-03, -1.971819e-01],
 [-1.382353e-01, -1.518413e-03, -7.860142e-02],
 [ 1.215975e-02,  2.630035e-03,  4.086944e-02],
 [ 4.139262e-02,  2.185939e-02, -5.485637e-02],
 [-3.345267e-02, -3.507341e-02, -7.000414e-02],
 [ 3.060669e-01, -7.651643e-01,  3.704771e-01],
 [-5.402483e-02,  2.816859e-02, -1.567952e-02],
 [-1.397314e-02,  5.563903e-02, -2.780408e-02],
 [ 4.053726e+00, -5.503848e+00,  3.738763e+00]]
spherical_charges_l2: [[ 3.334412e+00, -2.935963e+00,  4.594260e+00,  1.768852e+00, -3.192779e+00],
 [-4.954194e-02,  5.752259e-02, -5.396710e-02,  1.660171e-03,  5.969582e-02],
 [-6.279920e-02,  2.398504e-02, -5.483052e-02,  1.603435e-02,  2.884834e-02],
 [ 1.774335e-01,  2.361628e-01,  3.603293e-01, -1.691758e-01,  4.372749e-02],
 [ 4.641723e-01,  3.233156e-01, -1.077501e-01, -2.207339e-01,  1.936939e-01],
 [ 3.631788e-01,  2.902602e-01, -4.513123e-02, -5.931729e-02,  2.521049e-01],
 [ 2.239115e-01,  2.321486e-01,  7.442310e-03,  6.812358e-02,  2.375762e-01],
 [ 2.745889e-01,  3.494367e-01, -9.769223e-02,  1.669640e-01,  1.636485e-01],
 [ 2.893016e-01,  3.499449e-01, -1.322845e-01,  2.065155e-01,  1.606596e-01],
 [ 9.342448e-02, -1.553178e-03,  2.347378e-02,  1.626222e-01, -1.459396e-01],
 [-4.224509e-02, -1.090340e-01,  4.922798e-02,  1.751153e-02,  4.545629e-02],
 [-6.582855e-02, -8.824461e-02,  3.807649e-02,  8.250859e-03,  4.975520e-02],
 [ 2.873335e+00,  3.599956e+00, -9.774961e-01, -3.653865e+00, -4.156013e+00]]
energy_short: [-0.718036,  0.207458,  0.192403, -0.159551, -0.098343, -0.125592, -0.317231, -0.30737 , -0.318852, -0.380822,  0.224721,  0.210299, -0.416311]
energy_long: [0.071048, 0.145445, 0.143429, 0.175956, 0.140651, 0.235844, 0.161849, 0.290661, 0.284319, 0.173842, 0.143166, 0.143784, 0.196285]