step=704880, graph_id=0, num_atoms=13
scalar_charges: [ 1.626092, -4.144996, -4.119013,  1.607073,  1.607035,  1.609077,  1.620288,  1.620211,  1.620633,  1.62342 , -4.166209, -4.152441,  1.610019]
spherical_charges_l0: [[-2.424631e+00],
 [ 2.621997e-03],
 [ 1.492287e-03],
 [-1.573788e-01],
 [-4.783214e-02],
 [-5.158563e-02],
 [-2.322822e-02],
 [-2.828781e-02],
 [-1.999260e-02],
 [-1.241663e-01],
 [-5.660443e-03],
 [-1.528333e-03],
 [-2.282840e+00]]
spherical_charges_l1: [[ 1.194801e-01,  4.178725e+00,  2.528770e+00],
 [ 5.065906e-03,  9.031923e-03,  9.566257e-03],
 [ 5.103538e-03,  1.638258e-02,  1.210314e-02],
 [-1.709757e-01,  5.191105e-01,  5.926698e-02],
 [ 3.950609e-02, -3.114229e-02, -9.980352e-03],
 [-1.763045e-02,  4.581173e-02,  1.713209e-02],
 [ 4.110883e-03,  2.489534e-03,  1.875083e-02],
 [ 9.302468e-04, -1.082554e-02,  5.828359e-02],
 [-1.673658e-02,  4.688431e-02,  4.523321e-02],
 [ 1.430891e-01, -4.094587e-01,  1.348572e-01],
 [ 1.423971e-02, -1.247798e-02,  6.619533e-03],
 [ 7.441753e-03, -1.770628e-02,  8.958722e-03],
 [ 2.441421e+00, -3.323911e+00,  2.449381e+00]]
spherical_charges_l2: [[ 3.477786e+00, -2.858160e+00,  4.549989e+00,  1.635548e+00, -3.088454e+00],
 [-7.847756e-02,  7.193910e-02, -4.307130e-02,  3.126422e-02,  4.697758e-02],
 [-7.311138e-02,  3.307161e-02, -5.698820e-02,  2.005473e-02,  2.671865e-02],
 [ 5.685227e-02,  1.611066e-01,  1.426068e-01, -5.994717e-02,  1.021276e-01],
 [ 3.527921e-01,  3.584552e-01, -1.671600e-01, -1.046549e-01,  2.108187e-01],
 [ 4.074160e-01,  2.126610e-01, -2.182935e-02, -3.450513e-01,  1.216195e-01],
 [ 3.013327e-01,  4.396595e-02,  1.493658e-02,  1.023473e-01,  1.870460e-01],
 [ 1.223584e-01,  3.297206e-01, -2.400326e-01,  3.005551e-01,  2.427559e-03],
 [ 2.264006e-01,  3.851826e-01, -1.319198e-02, -7.697565e-03,  1.834383e-01],
 [ 4.546021e-02, -5.470399e-02,  7.227314e-02,  8.246295e-02, -6.699835e-03],
 [-2.458724e-02, -1.171626e-01,  5.365716e-02,  2.725233e-02,  4.427695e-02],
 [-7.969552e-02, -8.744430e-02,  3.704291e-02,  3.403958e-03,  5.328466e-02],
 [ 2.974075e+00,  3.731331e+00, -1.016521e+00, -3.527547e+00, -4.030088e+00]]
energy_short: [-0.97944 ,  0.31613 ,  0.306262, -0.536689, -0.337131, -0.374056, -0.587498, -0.559584, -0.565423, -0.740616,  0.327254,  0.320277, -0.669955]
energy_long: [0.251849, 0.226278, 0.227978, 0.345618, 0.320616, 0.401586, 0.426575, 0.454058, 0.478657, 0.345682, 0.2283  , 0.228684, 0.381656]