step=400500, graph_id=0, num_atoms=13
scalar_charges: [ 2.649552, -8.910752, -8.89396 ,  2.629835,  2.655597,  2.657694,  2.668655,  2.668285,  2.668108,  2.654638, -8.923529, -8.917393,  2.630627]
spherical_charges_l0: [[-3.569858],
 [-0.013773],
 [-0.007753],
 [-0.370111],
 [-0.014866],
 [-0.056293],
 [-0.044264],
 [-0.037757],
 [-0.011041],
 [-0.359146],
 [-0.018648],
 [-0.015935],
 [-3.541453]]
spherical_charges_l1: [[ 1.560640e-01,  6.205092e+00,  3.774998e+00],
 [-5.511161e-04, -1.322168e-02, -2.737618e-03],
 [ 8.969111e-03, -7.366010e-03,  2.816482e-03],
 [-2.853823e-01,  1.048967e+00,  1.467765e-01],
 [ 7.765308e-02, -4.507682e-02, -2.802424e-03],
 [-3.817995e-02,  6.711525e-02,  3.525562e-02],
 [ 9.641403e-03,  5.072975e-03,  4.235795e-02],
 [ 1.275577e-02, -6.967640e-03,  7.734675e-02],
 [-2.973246e-02,  6.056872e-02,  6.920587e-02],
 [ 3.046412e-01, -8.665721e-01,  2.828539e-01],
 [-1.808969e-02,  7.966778e-03, -4.503005e-03],
 [ 1.322947e-04,  1.578677e-02, -7.715774e-03],
 [ 3.745348e+00, -5.074668e+00,  3.701235e+00]]
spherical_charges_l2: [[ 4.034031e+00, -3.340420e+00,  5.251444e+00,  1.909453e+00, -3.648833e+00],
 [-1.304194e-01,  1.478705e-01, -7.001758e-02,  5.780259e-02,  9.070812e-02],
 [-1.437183e-01,  4.488719e-02, -1.091276e-01,  4.102627e-02,  4.006072e-02],
 [ 1.768687e-01,  1.881277e-01,  2.952742e-01, -1.553341e-01,  6.966058e-02],
 [ 5.269860e-01,  4.743434e-01, -2.025435e-01, -1.888210e-01,  2.826321e-01],
 [ 5.421164e-01,  3.480152e-01, -4.576704e-02, -3.829477e-01,  2.264739e-01],
 [ 3.997031e-01,  1.341268e-01,  2.812351e-02,  1.363425e-01,  2.906893e-01],
 [ 2.093435e-01,  4.772926e-01, -2.757044e-01,  3.761647e-01,  5.050890e-02],
 [ 3.255570e-01,  5.336692e-01, -6.888007e-02,  4.774158e-02,  2.382233e-01],
 [ 9.383587e-02,  5.179415e-03,  4.065402e-02,  9.060121e-02, -1.357815e-01],
 [-4.273520e-02, -2.245069e-01,  1.032122e-01,  5.110108e-02,  8.133524e-02],
 [-1.511854e-01, -1.652048e-01,  7.007920e-02,  4.649970e-03,  9.943537e-02],
 [ 3.464436e+00,  4.346799e+00, -1.215489e+00, -4.154056e+00, -4.730337e+00]]
energy_short: [-0.946606,  0.276966,  0.267026, -0.417144, -0.265203, -0.29954 , -0.511512, -0.485425, -0.490954, -0.635445,  0.287953,  0.280609, -0.62828 ]
energy_long: [0.224326, 0.19271 , 0.193442, 0.32158 , 0.272136, 0.380842, 0.391355, 0.420202, 0.457383, 0.319533, 0.19252 , 0.193263, 0.362408]