step=36045, graph_id=0, num_atoms=13
scalar_charges: [ 4.270977, -9.792103, -9.769588,  4.127236,  4.334191,  4.3386  ,  4.378677,  4.384288,  4.390131,  4.211839, -9.825253, -9.804812,  4.193025]
spherical_charges_l0: [[-1.135725e+00],
 [ 8.381701e-04],
 [ 5.436476e-04],
 [-8.656504e-02],
 [ 1.598497e-02],
 [-2.163266e-04],
 [-2.730566e-02],
 [-9.166725e-03],
 [-3.996378e-03],
 [-7.142553e-02],
 [ 5.173916e-04],
 [ 3.350197e-04],
 [-1.078777e+00]]
spherical_charges_l1: [[ 6.100055e-01,  2.036472e+00,  1.385881e+00],
 [-1.623875e-03,  1.507081e-03, -4.558773e-04],
 [ 1.446211e-03,  4.182236e-04,  5.253313e-04],
 [-2.061706e-02,  1.054489e-01,  1.220215e-01],
 [ 1.724279e-02, -2.661509e-03, -1.421112e-02],
 [-1.830936e-02, -8.795918e-03, -8.609968e-03],
 [ 1.838443e-02,  1.511993e-02,  6.155600e-02],
 [ 1.412667e-02,  1.832588e-04, -2.999463e-02],
 [-7.324170e-03, -2.151965e-02, -9.033569e-03],
 [ 5.384631e-02, -6.048027e-02,  1.080186e-01],
 [ 1.494047e-03, -9.594860e-04,  5.192439e-04],
 [ 6.152546e-04, -8.239152e-04,  4.223984e-04],
 [ 1.370645e+00, -1.844469e+00,  9.589489e-01]]
spherical_charges_l2: [[ 1.627996e+00, -1.404768e+00,  1.973496e+00,  2.679655e-01, -1.499632e+00],
 [ 6.503196e-04,  1.042648e-03,  4.909825e-03,  3.075445e-03, -1.846725e-03],
 [-1.789782e-03, -2.515022e-03,  5.490109e-05,  1.684442e-03, -2.391925e-03],
 [ 8.127914e-02,  4.399591e-02,  3.226367e-02, -1.350657e-01,  2.124456e-02],
 [ 8.835895e-02,  2.269011e-02,  3.942048e-02, -4.772572e-02,  4.663406e-02],
 [ 6.547892e-02,  8.391052e-02,  2.060222e-03,  1.755551e-02,  6.355853e-02],
 [ 6.624964e-02,  1.088940e-01, -2.263706e-02,  1.352039e-03,  5.116774e-02],
 [ 6.744660e-02,  8.903353e-02, -9.242609e-03,  2.442626e-02,  6.761279e-02],
 [ 4.380256e-02,  6.815970e-02, -3.524912e-02,  7.677626e-02,  4.426648e-02],
 [ 2.854788e-02,  7.577661e-02, -5.702243e-02,  1.177171e-01,  1.045269e-03],
 [ 3.322964e-03, -8.643270e-04,  6.532568e-04, -3.882571e-05, -1.907574e-03],
 [-2.121595e-03,  1.141305e-03, -4.900544e-04, -3.102093e-03, -1.599969e-03],
 [ 1.283740e+00,  1.903612e+00, -7.111101e-01, -1.376209e+00, -1.970448e+00]]
energy_short: [-0.406068, -0.125243, -0.147224,  0.204954,  0.064446,  0.039285, -0.099645, -0.132259, -0.156765, -0.053728, -0.080319, -0.115004, -0.151217]
energy_long: [0.064373, 0.165069, 0.164907, 0.137957, 0.131243, 0.139042, 0.155193, 0.151733, 0.235045, 0.152388, 0.165016, 0.165126, 0.131062]