step=1750185, graph_id=0, num_atoms=13
scalar_charges: [ 0.959259, -2.116703, -2.117701,  0.913268,  0.886129,  0.889962,  0.909599,  0.905712,  0.905688,  0.925419, -2.112959, -2.112236,  0.930683]
spherical_charges_l0: [[-8.297322e-01],
 [-2.684068e-04],
 [-1.441542e-03],
 [-5.317061e-02],
 [-1.572375e-02],
 [-1.768774e-02],
 [-1.681193e-02],
 [-1.339494e-02],
 [-1.010278e-02],
 [-3.575712e-02],
 [-3.513863e-03],
 [-1.649612e-03],
 [-7.681298e-01]]
spherical_charges_l1: [[ 3.493569e-02,  1.431718e+00,  8.696522e-01],
 [ 5.878337e-03,  4.507064e-03,  5.499713e-03],
 [-2.333602e-03,  8.641059e-03,  3.122244e-03],
 [-6.263617e-02,  1.534228e-01,  9.078846e-03],
 [ 2.752879e-02, -1.201028e-02,  1.462817e-02],
 [ 5.869985e-03,  1.691458e-02,  1.651961e-02],
 [ 4.233281e-03,  1.056951e-03,  1.294537e-02],
 [-4.211762e-03, -3.287127e-03,  3.181745e-02],
 [-2.984111e-03,  2.185718e-02,  3.024789e-02],
 [ 4.003929e-02, -1.227294e-01,  3.779643e-02],
 [ 8.928502e-03, -3.465298e-03,  2.005184e-03],
 [ 1.095252e-04, -8.913806e-03,  4.379663e-03],
 [ 8.244153e-01, -1.125798e+00,  8.421024e-01]]
spherical_charges_l2: [[ 1.344466e+00, -1.139821e+00,  1.810320e+00,  6.894974e-01, -1.260452e+00],
 [-3.201293e-02,  2.663061e-02, -1.726790e-02,  1.434513e-02,  1.554899e-02],
 [-3.006415e-02,  1.705751e-02, -2.052300e-02,  9.773375e-03,  1.242829e-02],
 [-1.760752e-03,  7.996923e-02,  3.384552e-02, -9.158947e-03,  6.094888e-02],
 [ 1.534631e-01,  1.540233e-01, -9.398076e-02, -4.966152e-02,  8.402213e-02],
 [ 1.792507e-01,  9.502526e-02, -2.299725e-02, -1.509996e-01,  4.738971e-02],
 [ 1.194626e-01,  1.750574e-02,  9.040520e-03,  4.251297e-02,  7.928468e-02],
 [ 5.962621e-02,  1.458036e-01, -1.000880e-01,  1.205075e-01, -4.807078e-03],
 [ 1.012596e-01,  1.654804e-01, -9.795733e-03, -7.647132e-04,  6.361188e-02],
 [ 1.260454e-02, -3.800354e-02,  3.999553e-02,  5.310252e-02,  2.719445e-02],
 [-1.235344e-02, -4.303409e-02,  1.953045e-02,  9.291276e-03,  1.753854e-02],
 [-2.731351e-02, -3.462730e-02,  1.490633e-02,  2.137442e-03,  1.935296e-02],
 [ 1.179198e+00,  1.447406e+00, -3.788227e-01, -1.441344e+00, -1.616816e+00]]
energy_short: [-1.150165,  0.666313,  0.658166, -0.689385, -0.395401, -0.443762, -0.675723, -0.63137 , -0.632232, -0.839895,  0.675155,  0.668918, -0.890962]
energy_long: [0.199336, 0.216465, 0.216841, 0.317134, 0.287222, 0.370301, 0.362602, 0.416217, 0.437321, 0.314803, 0.218823, 0.218368, 0.345212]