step=3800745, graph_id=0, num_atoms=13
scalar_charges: [ 0.776115, -1.519867, -1.520095,  0.707765,  0.684062,  0.686826,  0.703909,  0.700159,  0.699997,  0.718299, -1.522411, -1.520899,  0.746623]
spherical_charges_l0: [[-0.498451],
 [-0.00095 ],
 [-0.001625],
 [-0.031704],
 [-0.006204],
 [-0.007123],
 [-0.008728],
 [-0.005601],
 [-0.004112],
 [-0.023441],
 [-0.002706],
 [-0.001558],
 [-0.458043]]
spherical_charges_l1: [[ 1.428311e-02,  8.553119e-01,  5.231352e-01],
 [ 4.461060e-03,  3.290997e-03,  4.000467e-03],
 [-2.148533e-03,  6.024242e-03,  1.917904e-03],
 [-3.704466e-02,  9.347713e-02,  6.613708e-03],
 [ 1.887899e-02, -5.605008e-03,  1.244452e-02],
 [ 6.481132e-03,  9.051622e-03,  1.119793e-02],
 [ 2.922407e-03,  1.456692e-03,  9.264776e-03],
 [-3.304239e-03, -1.444312e-03,  2.019131e-02],
 [-1.005290e-03,  1.332296e-02,  1.983334e-02],
 [ 2.620516e-02, -7.639968e-02,  2.483623e-02],
 [ 6.665970e-03, -2.061921e-03,  1.239103e-03],
 [-2.735631e-04, -6.274126e-03,  3.070352e-03],
 [ 4.943230e-01, -6.716763e-01,  5.123506e-01]]
spherical_charges_l2: [[ 8.277202e-01, -7.069436e-01,  1.140348e+00,  4.611502e-01, -7.914334e-01],
 [-2.046130e-02,  1.841151e-02, -1.188028e-02,  8.348977e-03,  1.147950e-02],
 [-2.169676e-02,  1.152303e-02, -1.531826e-02,  6.774768e-03,  8.710384e-03],
 [-8.016124e-04,  4.840396e-02,  2.108479e-02, -4.660426e-03,  3.588934e-02],
 [ 9.119725e-02,  9.465568e-02, -5.969442e-02, -2.788452e-02,  5.022639e-02],
 [ 1.083849e-01,  5.584415e-02, -1.256752e-02, -9.825461e-02,  3.042600e-02],
 [ 7.319033e-02,  9.553100e-03,  6.343410e-03,  2.647753e-02,  4.883362e-02],
 [ 3.359360e-02,  8.998502e-02, -6.054398e-02,  7.564800e-02, -4.247661e-03],
 [ 6.147938e-02,  1.025498e-01, -7.846005e-03, -2.450315e-03,  3.891796e-02],
 [ 1.028076e-02, -2.070387e-02,  2.334416e-02,  3.440838e-02,  1.583723e-02],
 [-8.612317e-03, -2.765528e-02,  1.246424e-02,  6.630084e-03,  1.224872e-02],
 [-1.766360e-02, -2.277449e-02,  9.748125e-03,  2.496442e-03,  1.353309e-02],
 [ 7.414762e-01,  8.913106e-01, -2.213151e-01, -9.314197e-01, -1.025153e+00]]
energy_short: [-1.326543,  0.809388,  0.803803, -0.732976, -0.400514, -0.450367, -0.684547, -0.63798 , -0.636487, -0.851953,  0.817448,  0.812372, -1.089859]
energy_long: [0.193577, 0.201021, 0.20196 , 0.299275, 0.271039, 0.357135, 0.349772, 0.394486, 0.430859, 0.296245, 0.204783, 0.204012, 0.328988]