step=857070, graph_id=0, num_atoms=13
scalar_charges: [ 1.474893, -3.568948, -3.551425,  1.449071,  1.446309,  1.448456,  1.46031 ,  1.460615,  1.46145 ,  1.465704, -3.579947, -3.5708  ,  1.463141]
spherical_charges_l0: [[-2.068676e+00],
 [-1.338200e-03],
 [-2.735379e-03],
 [-1.283702e-01],
 [-3.910760e-02],
 [-4.404442e-02],
 [-2.568488e-02],
 [-2.705820e-02],
 [-1.894536e-02],
 [-1.008752e-01],
 [-9.640992e-03],
 [-5.676085e-03],
 [-1.935027e+00]]
spherical_charges_l1: [[ 8.793940e-02,  3.440723e+00,  2.123783e+00],
 [ 4.941215e-03,  3.549401e-03,  5.312637e-03],
 [ 3.138758e-04,  1.134913e-02,  6.386459e-03],
 [-1.512794e-01,  3.875819e-01,  3.204937e-02],
 [ 5.061964e-02, -2.279628e-02,  1.354505e-02],
 [ 1.085727e-03,  3.406291e-02,  2.901032e-02],
 [ 4.806221e-03,  2.653338e-03,  2.020709e-02],
 [-3.292909e-03, -7.992921e-03,  5.914529e-02],
 [-1.184724e-02,  4.457591e-02,  5.240763e-02],
 [ 1.008485e-01, -3.161879e-01,  1.019835e-01],
 [ 1.069137e-02, -8.633150e-03,  4.606804e-03],
 [ 3.944532e-03, -1.155328e-02,  5.812588e-03],
 [ 2.000171e+00, -2.728284e+00,  2.038052e+00]]
spherical_charges_l2: [[ 2.836502e+00, -2.395643e+00,  3.849312e+00,  1.463001e+00, -2.663368e+00],
 [-6.928366e-02,  6.352621e-02, -3.441571e-02,  3.320134e-02,  3.795296e-02],
 [-6.752341e-02,  3.189737e-02, -4.665417e-02,  2.286750e-02,  2.390518e-02],
 [ 1.555044e-02,  1.458346e-01,  8.793578e-02, -2.435462e-02,  1.006536e-01],
 [ 2.990207e-01,  3.078355e-01, -1.541514e-01, -8.881762e-02,  1.786228e-01],
 [ 3.382304e-01,  1.837411e-01, -2.215391e-02, -2.864098e-01,  1.030053e-01],
 [ 2.409405e-01,  4.032078e-02,  1.223780e-02,  8.336218e-02,  1.533318e-01],
 [ 1.033354e-01,  2.791929e-01, -1.940842e-01,  2.406974e-01,  1.637367e-03],
 [ 1.880374e-01,  3.219952e-01, -1.600367e-02, -6.432405e-03,  1.440334e-01],
 [ 3.058008e-02, -7.090544e-02,  7.622784e-02,  7.283056e-02,  1.833078e-02],
 [-2.679753e-02, -1.025387e-01,  4.703063e-02,  1.770081e-02,  3.630693e-02],
 [-6.568217e-02, -8.102691e-02,  3.503999e-02,  9.140061e-04,  4.267162e-02],
 [ 2.490448e+00,  3.039834e+00, -8.041695e-01, -3.052304e+00, -3.439638e+00]]
energy_short: [-1.064126,  0.366975,  0.358074, -0.536295, -0.34309 , -0.380525, -0.588991, -0.563988, -0.571691, -0.738964,  0.37551 ,  0.369437, -0.756766]
energy_long: [0.243311, 0.226603, 0.227365, 0.34    , 0.342322, 0.394544, 0.409   , 0.435484, 0.48548 , 0.340065, 0.228061, 0.228385, 0.373652]