step=2074590, graph_id=0, num_atoms=13
scalar_charges: [ 0.870888, -1.760165, -1.762913,  0.819049,  0.786372,  0.790647,  0.81203 ,  0.807432,  0.807271,  0.829919, -1.759979, -1.758219,  0.843369]
spherical_charges_l0: [[-6.901093e-01],
 [-5.761305e-04],
 [-1.371650e-03],
 [-4.620927e-02],
 [-1.245352e-02],
 [-1.364275e-02],
 [-1.415180e-02],
 [-1.027907e-02],
 [-7.505664e-03],
 [-3.358616e-02],
 [-2.725755e-03],
 [-1.314623e-03],
 [-6.413219e-01]]
spherical_charges_l1: [[ 3.702535e-02,  1.183719e+00,  7.234579e-01],
 [ 4.611595e-03,  5.735241e-03,  5.466571e-03],
 [-1.364265e-03,  8.130918e-03,  3.486078e-03],
 [-5.248871e-02,  1.327644e-01,  1.174335e-02],
 [ 2.232381e-02, -7.836362e-03,  1.183190e-02],
 [ 6.223529e-03,  1.086047e-02,  1.321455e-02],
 [ 3.712436e-03,  1.736075e-03,  1.205558e-02],
 [-3.928281e-03, -1.522547e-03,  2.594856e-02],
 [-2.048525e-03,  1.674365e-02,  2.465998e-02],
 [ 3.674905e-02, -1.066074e-01,  3.600641e-02],
 [ 8.100567e-03, -3.019031e-03,  1.759362e-03],
 [ 5.787699e-04, -8.075859e-03,  3.985161e-03],
 [ 6.930501e-01, -9.404770e-01,  7.017069e-01]]
spherical_charges_l2: [[ 1.126284e+00, -9.803932e-01,  1.566818e+00,  6.253744e-01, -1.091649e+00],
 [-3.008372e-02,  2.399133e-02, -1.825209e-02,  1.102264e-02,  1.569177e-02],
 [-2.711321e-02,  1.637902e-02, -1.985608e-02,  8.206991e-03,  1.212256e-02],
 [ 1.651541e-03,  6.514727e-02,  2.992979e-02, -1.002013e-02,  4.616771e-02],
 [ 1.234835e-01,  1.272736e-01, -8.035501e-02, -4.160996e-02,  6.919716e-02],
 [ 1.491985e-01,  7.866912e-02, -2.261513e-02, -1.249061e-01,  3.688921e-02],
 [ 9.683880e-02,  1.281319e-02,  8.698585e-03,  3.513637e-02,  6.606426e-02],
 [ 5.059974e-02,  1.205272e-01, -8.227302e-02,  9.715242e-02, -5.171822e-03],
 [ 8.463035e-02,  1.367455e-01, -8.094707e-03,  4.009646e-04,  5.002896e-02],
 [ 1.248709e-02, -2.762031e-02,  2.949374e-02,  4.449699e-02,  1.813946e-02],
 [-1.205987e-02, -3.683265e-02,  1.658320e-02,  8.502439e-03,  1.635595e-02],
 [-2.287501e-02, -3.089320e-02,  1.327418e-02,  3.670078e-03,  1.798518e-02],
 [ 1.017050e+00,  1.227974e+00, -3.095348e-01, -1.276912e+00, -1.417590e+00]]
energy_short: [-1.219982,  0.717613,  0.708716, -0.750701, -0.422489, -0.473712, -0.712086, -0.662409, -0.659769, -0.87834 ,  0.725333,  0.719661, -0.978391]
energy_long: [0.221939, 0.232145, 0.232282, 0.334606, 0.310363, 0.389346, 0.379414, 0.431701, 0.463275, 0.333771, 0.23482 , 0.234042, 0.361944]