step=2190735, graph_id=0, num_atoms=13
scalar_charges: [ 0.865374, -1.783584, -1.788654,  0.807276,  0.774471,  0.778465,  0.799323,  0.794669,  0.794504,  0.818224, -1.784525, -1.782958,  0.834666]
spherical_charges_l0: [[-6.522404e-01],
 [-6.463637e-04],
 [-1.324267e-03],
 [-4.500747e-02],
 [-1.241536e-02],
 [-1.235585e-02],
 [-1.121680e-02],
 [-8.474783e-03],
 [-6.619424e-03],
 [-3.332065e-02],
 [-3.317401e-03],
 [-1.898880e-03],
 [-5.980039e-01]]
spherical_charges_l1: [[ 2.536918e-02,  1.085237e+00,  6.693187e-01],
 [ 4.033023e-03,  4.746279e-03,  4.604937e-03],
 [-1.059509e-03,  6.707336e-03,  2.853626e-03],
 [-4.956065e-02,  1.220027e-01,  6.852218e-03],
 [ 1.996567e-02, -6.528114e-03,  1.078301e-02],
 [ 5.138541e-03,  9.831996e-03,  1.106472e-02],
 [ 3.349123e-03,  1.661507e-03,  1.084884e-02],
 [-3.004463e-03, -2.021216e-03,  2.276625e-02],
 [-2.102088e-03,  1.573131e-02,  2.150029e-02],
 [ 3.267921e-02, -9.979833e-02,  3.018353e-02],
 [ 6.786659e-03, -2.430006e-03,  1.424847e-03],
 [ 3.244698e-04, -6.754863e-03,  3.327354e-03],
 [ 6.263157e-01, -8.529352e-01,  6.451639e-01]]
spherical_charges_l2: [[ 1.049145e+00, -8.893528e-01,  1.423986e+00,  5.520310e-01, -9.901639e-01],
 [-2.668325e-02,  2.210583e-02, -1.624869e-02,  1.028449e-02,  1.440528e-02],
 [-2.477972e-02,  1.470361e-02, -1.818679e-02,  7.360482e-03,  1.126471e-02],
 [ 5.028044e-03,  5.929685e-02,  2.707595e-02, -6.506994e-03,  4.767526e-02],
 [ 1.155658e-01,  1.179668e-01, -7.330102e-02, -3.705429e-02,  6.559935e-02],
 [ 1.373243e-01,  7.273605e-02, -1.681563e-02, -1.175861e-01,  3.531606e-02],
 [ 9.074964e-02,  1.144254e-02,  7.734431e-03,  3.304189e-02,  6.101029e-02],
 [ 4.461643e-02,  1.120843e-01, -7.763617e-02,  9.197003e-02, -3.570691e-03],
 [ 7.708036e-02,  1.277766e-01, -7.383057e-03, -2.753106e-04,  4.915627e-02],
 [ 1.313656e-02, -2.423909e-02,  2.995799e-02,  4.275865e-02,  2.311141e-02],
 [-1.094205e-02, -3.319724e-02,  1.489800e-02,  8.293330e-03,  1.534882e-02],
 [-2.111800e-02, -2.794652e-02,  1.195851e-02,  3.656177e-03,  1.681561e-02],
 [ 9.319969e-01,  1.129181e+00, -2.876766e-01, -1.149144e+00, -1.280404e+00]]
energy_short: [-1.236933,  0.739834,  0.7324  , -0.768849, -0.436915, -0.489184, -0.728228, -0.67773 , -0.675394, -0.89426 ,  0.747615,  0.742257, -0.997454]
energy_long: [0.228393, 0.230035, 0.230614, 0.335937, 0.306964, 0.391812, 0.385327, 0.435744, 0.458721, 0.333455, 0.232699, 0.232216, 0.352424]