step=2382975, graph_id=0, num_atoms=13
scalar_charges: [ 0.833944, -1.628725, -1.63241 ,  0.764207,  0.734259,  0.737876,  0.757685,  0.753383,  0.753281,  0.775524, -1.630842, -1.628625,  0.798846]
spherical_charges_l0: [[-0.592891],
 [-0.00082 ],
 [-0.001542],
 [-0.042277],
 [-0.010144],
 [-0.010977],
 [-0.010944],
 [-0.007803],
 [-0.005711],
 [-0.030594],
 [-0.003243],
 [-0.001811],
 [-0.551666]]
spherical_charges_l1: [[ 2.305037e-02,  1.030796e+00,  6.329038e-01],
 [ 4.758194e-03,  4.169334e-03,  4.655294e-03],
 [-2.101642e-03,  6.772732e-03,  2.350182e-03],
 [-4.664188e-02,  1.156751e-01,  8.318624e-03],
 [ 2.069248e-02, -7.352958e-03,  1.132670e-02],
 [ 5.703578e-03,  1.016579e-02,  1.239350e-02],
 [ 3.503270e-03,  1.637850e-03,  1.141276e-02],
 [-3.318763e-03, -1.352582e-03,  2.299306e-02],
 [-1.779061e-03,  1.500937e-02,  2.210109e-02],
 [ 3.215167e-02, -9.457191e-02,  3.072701e-02],
 [ 7.343058e-03, -2.311053e-03,  1.384817e-03],
 [-1.925111e-04, -6.887786e-03,  3.374647e-03],
 [ 6.029184e-01, -8.182963e-01,  6.195043e-01]]
spherical_charges_l2: [[ 1.007929e+00, -8.638293e-01,  1.375417e+00,  5.384039e-01, -9.612323e-01],
 [-2.610805e-02,  2.100364e-02, -1.543418e-02,  1.028506e-02,  1.321539e-02],
 [-2.441494e-02,  1.503018e-02, -1.713176e-02,  7.722700e-03,  1.091131e-02],
 [ 1.843620e-03,  5.928437e-02,  2.144349e-02, -8.558626e-03,  4.443888e-02],
 [ 1.149965e-01,  1.167209e-01, -7.181667e-02, -3.783436e-02,  6.426302e-02],
 [ 1.365320e-01,  7.194365e-02, -1.796621e-02, -1.155777e-01,  3.547075e-02],
 [ 8.909047e-02,  1.324969e-02,  7.664357e-03,  3.242889e-02,  6.130769e-02],
 [ 4.603171e-02,  1.113306e-01, -7.582611e-02,  8.983986e-02, -3.219906e-03],
 [ 7.708849e-02,  1.259672e-01, -8.224815e-03,  1.165429e-03,  4.743803e-02],
 [ 1.158598e-02, -2.443316e-02,  2.562480e-02,  4.412269e-02,  2.167265e-02],
 [-1.102400e-02, -3.313529e-02,  1.491754e-02,  7.480704e-03,  1.466779e-02],
 [-2.044833e-02, -2.785588e-02,  1.199182e-02,  3.190798e-03,  1.600818e-02],
 [ 8.989297e-01,  1.094489e+00, -2.807937e-01, -1.119954e+00, -1.246745e+00]]
energy_short: [-1.308897,  0.766332,  0.758875, -0.794895, -0.455237, -0.506715, -0.745246, -0.695712, -0.69345 , -0.917596,  0.773862,  0.768419, -1.067191]
energy_long: [0.226073, 0.238536, 0.239076, 0.344807, 0.319777, 0.393898, 0.383753, 0.439245, 0.473361, 0.342863, 0.241577, 0.24104 , 0.371818]