step=1361700, graph_id=0, num_atoms=13
scalar_charges: [ 1.102229, -2.334874, -2.328111,  1.073207,  1.051001,  1.054563,  1.073712,  1.070895,  1.071411,  1.085443, -2.337298, -2.332672,  1.087704]
spherical_charges_l0: [[-1.023112e+00],
 [ 8.010577e-04],
 [-1.952482e-04],
 [-7.626204e-02],
 [-1.707954e-02],
 [-2.303877e-02],
 [-2.794903e-02],
 [-1.968948e-02],
 [-1.358744e-02],
 [-5.140060e-02],
 [-4.355294e-03],
 [-1.699657e-03],
 [-9.723347e-01]]
spherical_charges_l1: [[ 4.359375e-02,  1.858449e+00,  1.131588e+00],
 [ 6.905430e-03,  6.198040e-03,  6.968027e-03],
 [-2.238681e-03,  1.181545e-02,  4.725242e-03],
 [-8.705483e-02,  2.254112e-01,  1.533638e-02],
 [ 2.241123e-02, -1.216304e-02,  8.360951e-03],
 [ 5.634291e-03,  1.911833e-02,  1.700400e-02],
 [ 4.557685e-03,  1.282575e-03,  1.503888e-02],
 [-5.035662e-03, -4.926001e-03,  4.134360e-02],
 [-3.953019e-03,  2.740199e-02,  3.577114e-02],
 [ 5.864616e-02, -1.788294e-01,  5.649057e-02],
 [ 1.290419e-02, -4.641885e-03,  2.718781e-03],
 [-3.346688e-05, -1.271806e-02,  6.243018e-03],
 [ 1.098919e+00, -1.504253e+00,  1.123113e+00]]
spherical_charges_l2: [[ 1.633592e+00, -1.397535e+00,  2.259694e+00,  8.986334e-01, -1.576526e+00],
 [-4.469661e-02,  3.684609e-02, -2.383060e-02,  1.985675e-02,  2.228134e-02],
 [-4.164496e-02,  2.204253e-02, -2.833922e-02,  1.451696e-02,  1.618385e-02],
 [ 5.147438e-03,  9.814653e-02,  5.044420e-02, -2.187619e-02,  7.133408e-02],
 [ 2.026847e-01,  2.001173e-01, -1.157362e-01, -6.132413e-02,  1.151544e-01],
 [ 2.319652e-01,  1.205518e-01, -1.827655e-02, -1.910559e-01,  7.154647e-02],
 [ 1.555245e-01,  2.785966e-02,  8.026692e-03,  5.430905e-02,  9.910392e-02],
 [ 7.745869e-02,  1.884758e-01, -1.266255e-01,  1.598659e-01,  2.242483e-03],
 [ 1.332555e-01,  2.151410e-01, -1.494645e-02,  2.756398e-03,  9.092618e-02],
 [ 1.749503e-02, -4.232086e-02,  4.424806e-02,  6.387591e-02,  2.044689e-02],
 [-1.650533e-02, -5.974699e-02,  2.729520e-02,  1.098076e-02,  2.226985e-02],
 [-3.764682e-02, -4.816981e-02,  2.087842e-02,  1.256698e-03,  2.519808e-02],
 [ 1.479031e+00,  1.794728e+00, -4.616685e-01, -1.856895e+00, -2.066976e+00]]
energy_short: [-1.049585,  0.540206,  0.532564, -0.614331, -0.37936 , -0.420346, -0.642294, -0.605768, -0.610568, -0.785183,  0.54819 ,  0.54247 , -0.767977]
energy_long: [0.181897, 0.195941, 0.197305, 0.307939, 0.297859, 0.36229 , 0.366373, 0.409439, 0.442399, 0.305991, 0.198544, 0.198711, 0.327496]