step=3900870, graph_id=0, num_atoms=13
scalar_charges: [ 0.776395, -1.512329, -1.512698,  0.707584,  0.683737,  0.686537,  0.703685,  0.699881,  0.699711,  0.718071, -1.514621, -1.513243,  0.746692]
spherical_charges_l0: [[-0.502113],
 [-0.000999],
 [-0.001677],
 [-0.031658],
 [-0.006157],
 [-0.006975],
 [-0.00846 ],
 [-0.005413],
 [-0.003982],
 [-0.023412],
 [-0.002761],
 [-0.001601],
 [-0.460636]]
spherical_charges_l1: [[ 1.427250e-02,  8.597732e-01,  5.260103e-01],
 [ 4.408227e-03,  3.285898e-03,  3.961680e-03],
 [-2.149700e-03,  5.997967e-03,  1.902930e-03],
 [-3.714507e-02,  9.340643e-02,  6.635746e-03],
 [ 1.890559e-02, -5.442491e-03,  1.239585e-02],
 [ 6.504072e-03,  8.842597e-03,  1.116331e-02],
 [ 2.905587e-03,  1.461738e-03,  9.256498e-03],
 [-3.302654e-03, -1.376231e-03,  2.000150e-02],
 [-9.844849e-04,  1.317000e-02,  1.971288e-02],
 [ 2.604141e-02, -7.617278e-02,  2.481294e-02],
 [ 6.640429e-03, -2.097287e-03,  1.255506e-03],
 [-2.469617e-04, -6.250407e-03,  3.059543e-03],
 [ 4.959653e-01, -6.739553e-01,  5.146837e-01]]
spherical_charges_l2: [[ 0.831531, -0.709745,  1.147373,  0.465303, -0.796166],
 [-0.020343,  0.018372, -0.011827,  0.008308,  0.011471],
 [-0.021686,  0.011404, -0.015287,  0.006782,  0.008631],
 [-0.00145 ,  0.04858 ,  0.021183, -0.003986,  0.036241],
 [ 0.091599,  0.094704, -0.059527, -0.028227,  0.050444],
 [ 0.108327,  0.055949, -0.012391, -0.097842,  0.030757],
 [ 0.072988,  0.009768,  0.006341,  0.026361,  0.048768],
 [ 0.033725,  0.08986 , -0.060253,  0.075355, -0.003798],
 [ 0.061457,  0.102394, -0.008005, -0.002035,  0.039008],
 [ 0.010206, -0.021105,  0.023869,  0.034267,  0.015948],
 [-0.008569, -0.027636,  0.012459,  0.006606,  0.012201],
 [-0.017705, -0.022784,  0.009754,  0.002442,  0.013508],
 [ 0.744912,  0.89451 , -0.22194 , -0.936372, -1.030305]]
energy_short: [-1.326227,  0.809426,  0.803735, -0.730584, -0.396419, -0.446755, -0.681608, -0.634528, -0.632798, -0.849064,  0.817695,  0.812439, -1.089676]
energy_long: [0.191514, 0.200046, 0.201034, 0.29834 , 0.268233, 0.357047, 0.348367, 0.393965, 0.429314, 0.295236, 0.203831, 0.203059, 0.326266]