step=3968955, graph_id=0, num_atoms=13
scalar_charges: [ 0.773395, -1.514044, -1.514285,  0.706606,  0.683209,  0.685956,  0.702806,  0.699067,  0.698905,  0.716865, -1.516582, -1.515058,  0.744784]
spherical_charges_l0: [[-0.504377],
 [-0.001016],
 [-0.001687],
 [-0.031805],
 [-0.006189],
 [-0.006993],
 [-0.008302],
 [-0.005377],
 [-0.003965],
 [-0.023513],
 [-0.002779],
 [-0.001621],
 [-0.462847]]
spherical_charges_l1: [[ 1.465266e-02,  8.618807e-01,  5.273265e-01],
 [ 4.445765e-03,  3.311359e-03,  3.999749e-03],
 [-2.186518e-03,  6.035963e-03,  1.910530e-03],
 [-3.711597e-02,  9.351500e-02,  6.660705e-03],
 [ 1.880322e-02, -5.468394e-03,  1.230900e-02],
 [ 6.401780e-03,  8.846366e-03,  1.108100e-02],
 [ 2.883908e-03,  1.467224e-03,  9.201696e-03],
 [-3.255876e-03, -1.403000e-03,  1.989751e-02],
 [-1.009903e-03,  1.313866e-02,  1.958871e-02],
 [ 2.615996e-02, -7.637815e-02,  2.488491e-02],
 [ 6.706074e-03, -2.075618e-03,  1.247164e-03],
 [-2.756488e-04, -6.299543e-03,  3.082746e-03],
 [ 4.975270e-01, -6.758397e-01,  5.158904e-01]]
spherical_charges_l2: [[ 0.832251, -0.711154,  1.149804,  0.466337, -0.798169],
 [-0.020453,  0.018483, -0.011949,  0.008295,  0.011558],
 [-0.021758,  0.011477, -0.01538 ,  0.006751,  0.008693],
 [-0.001571,  0.048568,  0.020904, -0.00413 ,  0.03633 ],
 [ 0.091287,  0.094448, -0.059364, -0.027968,  0.050291],
 [ 0.107945,  0.055752, -0.012319, -0.097809,  0.030733],
 [ 0.072836,  0.009681,  0.006324,  0.026303,  0.048607],
 [ 0.033457,  0.089643, -0.060045,  0.075302, -0.003843],
 [ 0.061225,  0.102158, -0.00803 , -0.002188,  0.038947],
 [ 0.010084, -0.021173,  0.023895,  0.034299,  0.016118],
 [-0.008672, -0.027667,  0.012465,  0.006644,  0.012296],
 [-0.017698, -0.02284 ,  0.009775,  0.002539,  0.013594],
 [ 0.746416,  0.895837, -0.221824, -0.939408, -1.033087]]
energy_short: [-1.322921,  0.807089,  0.80138 , -0.728514, -0.39463 , -0.444896, -0.679538, -0.632558, -0.630826, -0.846683,  0.815309,  0.810108, -1.086825]
energy_long: [0.191118, 0.199711, 0.200714, 0.297839, 0.268392, 0.356572, 0.348794, 0.393268, 0.429364, 0.294691, 0.203507, 0.202757, 0.326516]