step=2503125, graph_id=0, num_atoms=13
scalar_charges: [ 0.82177 , -1.621721, -1.622733,  0.753471,  0.725349,  0.728779,  0.747991,  0.743808,  0.743653,  0.764986, -1.625828, -1.622523,  0.789587]
spherical_charges_l0: [[-0.588082],
 [-0.001133],
 [-0.001706],
 [-0.040078],
 [-0.008732],
 [-0.01001 ],
 [-0.011689],
 [-0.00778 ],
 [-0.005627],
 [-0.029447],
 [-0.002624],
 [-0.001564],
 [-0.544237]]
spherical_charges_l1: [[ 2.631024e-02,  9.955301e-01,  6.097877e-01],
 [ 4.074843e-03,  4.355411e-03,  4.487807e-03],
 [-1.674514e-03,  6.651425e-03,  2.648939e-03],
 [-4.559425e-02,  1.124150e-01,  8.174824e-03],
 [ 1.908785e-02, -7.709712e-03,  1.019940e-02],
 [ 4.840299e-03,  1.118009e-02,  1.091866e-02],
 [ 3.231899e-03,  1.515876e-03,  1.013510e-02],
 [-3.078080e-03, -2.258703e-03,  2.220437e-02],
 [-2.005234e-03,  1.562472e-02,  2.064668e-02],
 [ 3.068777e-02, -9.049340e-02,  2.923011e-02],
 [ 6.792954e-03, -2.551838e-03,  1.485178e-03],
 [ 4.260368e-04, -6.570141e-03,  3.240888e-03],
 [ 5.777258e-01, -7.857147e-01,  5.910411e-01]]
spherical_charges_l2: [[ 9.540052e-01, -8.203421e-01,  1.324466e+00,  5.334920e-01, -9.237520e-01],
 [-2.361728e-02,  1.931546e-02, -1.369650e-02,  9.356772e-03,  1.215216e-02],
 [-2.217343e-02,  1.378139e-02, -1.527743e-02,  7.573864e-03,  9.515387e-03],
 [-1.675013e-03,  5.527027e-02,  2.464010e-02, -6.540746e-03,  4.354171e-02],
 [ 1.033784e-01,  1.057504e-01, -6.514776e-02, -3.296882e-02,  5.761620e-02],
 [ 1.226201e-01,  6.470670e-02, -1.435288e-02, -1.065964e-01,  3.246585e-02],
 [ 8.498476e-02,  1.117537e-02,  7.559413e-03,  3.062712e-02,  5.696993e-02],
 [ 3.927853e-02,  1.019652e-01, -6.976137e-02,  8.390991e-02, -3.996338e-03],
 [ 6.924742e-02,  1.156013e-01, -7.711033e-03, -9.376907e-04,  4.378619e-02],
 [ 9.610942e-03, -2.440012e-02,  2.734489e-02,  4.124946e-02,  1.939242e-02],
 [-1.083179e-02, -2.988319e-02,  1.347909e-02,  5.520158e-03,  1.264342e-02],
 [-1.789027e-02, -2.545433e-02,  1.103525e-02,  2.539575e-03,  1.383488e-02],
 [ 8.573191e-01,  1.032817e+00, -2.609724e-01, -1.078469e+00, -1.197987e+00]]
energy_short: [-1.304381,  0.767433,  0.760631, -0.774901, -0.43526 , -0.487486, -0.725849, -0.676828, -0.67471 , -0.900154,  0.774897,  0.769904, -1.066587]
energy_long: [0.22093 , 0.226716, 0.226943, 0.330631, 0.304554, 0.384908, 0.376046, 0.428956, 0.460169, 0.32845 , 0.229754, 0.229092, 0.353222]