step=3408255, graph_id=0, num_atoms=13
scalar_charges: [ 0.779047, -1.517791, -1.518747,  0.700429,  0.674428,  0.677466,  0.696206,  0.69202 ,  0.691786,  0.712325, -1.519668, -1.518628,  0.74325 ]
spherical_charges_l0: [[-0.502853],
 [-0.000814],
 [-0.001491],
 [-0.032508],
 [-0.006961],
 [-0.007648],
 [-0.00911 ],
 [-0.00599 ],
 [-0.004533],
 [-0.023824],
 [-0.002484],
 [-0.001413],
 [-0.462573]]
spherical_charges_l1: [[ 1.507235e-02,  8.695436e-01,  5.325916e-01],
 [ 4.430796e-03,  3.338392e-03,  4.000342e-03],
 [-1.901343e-03,  5.865822e-03,  1.956943e-03],
 [-3.748292e-02,  9.476605e-02,  6.418419e-03],
 [ 1.832402e-02, -5.575304e-03,  1.198588e-02],
 [ 6.466425e-03,  8.683055e-03,  1.120440e-02],
 [ 2.964838e-03,  1.425965e-03,  9.358741e-03],
 [-3.332956e-03, -1.237263e-03,  2.036459e-02],
 [-1.002268e-03,  1.324661e-02,  1.985018e-02],
 [ 2.651210e-02, -7.720847e-02,  2.470648e-02],
 [ 6.460773e-03, -2.034347e-03,  1.218824e-03],
 [-1.827300e-04, -6.105169e-03,  2.990717e-03],
 [ 5.022290e-01, -6.830846e-01,  5.207633e-01]]
spherical_charges_l2: [[ 8.421928e-01, -7.192638e-01,  1.159305e+00,  4.655721e-01, -8.050897e-01],
 [-2.093343e-02,  1.761787e-02, -1.186684e-02,  8.623358e-03,  1.092760e-02],
 [-2.093549e-02,  1.191455e-02, -1.444998e-02,  6.935573e-03,  8.541464e-03],
 [-1.008362e-03,  4.903959e-02,  2.036044e-02, -4.670371e-03,  3.575345e-02],
 [ 9.177756e-02,  9.574714e-02, -6.041776e-02, -2.788926e-02,  5.069267e-02],
 [ 1.100890e-01,  5.621780e-02, -1.299355e-02, -9.945147e-02,  3.001790e-02],
 [ 7.407860e-02,  9.300752e-03,  6.521078e-03,  2.673797e-02,  4.933021e-02],
 [ 3.406410e-02,  9.063471e-02, -6.153258e-02,  7.645798e-02, -4.852272e-03],
 [ 6.214879e-02,  1.033581e-01, -7.441810e-03, -2.938822e-03,  3.915006e-02],
 [ 9.857453e-03, -2.137573e-02,  2.316040e-02,  3.428391e-02,  1.583591e-02],
 [-9.100540e-03, -2.712784e-02,  1.223626e-02,  5.731588e-03,  1.170079e-02],
 [-1.674369e-02, -2.266836e-02,  9.771651e-03,  2.289995e-03,  1.281389e-02],
 [ 7.530015e-01,  9.069601e-01, -2.268467e-01, -9.430932e-01, -1.041507e+00]]
energy_short: [-1.326642,  0.805477,  0.800165, -0.739097, -0.406136, -0.456988, -0.6919  , -0.644509, -0.642422, -0.859592,  0.813295,  0.808457, -1.087979]
energy_long: [0.196602, 0.205627, 0.20662 , 0.303699, 0.277489, 0.35995 , 0.352211, 0.397334, 0.434458, 0.300989, 0.209303, 0.208632, 0.332907]