step=2378970, graph_id=0, num_atoms=13
scalar_charges: [ 0.836639, -1.647524, -1.651678,  0.764346,  0.733814,  0.737444,  0.757695,  0.75331 ,  0.753208,  0.776198, -1.649675, -1.647798,  0.799453]
spherical_charges_l0: [[-5.901859e-01],
 [ 6.038112e-05],
 [-6.607739e-04],
 [-3.966791e-02],
 [-9.527793e-03],
 [-1.025988e-02],
 [-1.021808e-02],
 [-7.378707e-03],
 [-5.473917e-03],
 [-2.915708e-02],
 [-2.283726e-03],
 [-9.101013e-04],
 [-5.433944e-01]]
spherical_charges_l1: [[ 2.450100e-02,  1.015018e+00,  6.209103e-01],
 [ 4.824583e-03,  4.553201e-03,  4.828289e-03],
 [-1.782468e-03,  6.776647e-03,  2.454630e-03],
 [-4.661650e-02,  1.126847e-01,  6.296935e-03],
 [ 1.811555e-02, -7.865230e-03,  9.999362e-03],
 [ 5.182439e-03,  1.041084e-02,  1.129359e-02],
 [ 2.992145e-03,  1.521677e-03,  9.606728e-03],
 [-2.984015e-03, -1.867707e-03,  2.211870e-02],
 [-1.715543e-03,  1.475112e-02,  2.045063e-02],
 [ 3.057111e-02, -9.238759e-02,  2.885376e-02],
 [ 7.275464e-03, -2.318030e-03,  1.386073e-03],
 [-7.002206e-05, -7.019318e-03,  3.443465e-03],
 [ 5.872880e-01, -7.977784e-01,  6.033712e-01]]
spherical_charges_l2: [[ 9.903134e-01, -8.643106e-01,  1.392047e+00,  5.746257e-01, -9.748157e-01],
 [-2.542879e-02,  2.050607e-02, -1.496139e-02,  9.975114e-03,  1.304450e-02],
 [-2.315177e-02,  1.451031e-02, -1.628974e-02,  7.382964e-03,  1.040397e-02],
 [-1.138110e-03,  5.762904e-02,  2.397629e-02, -5.589364e-03,  4.413378e-02],
 [ 1.075065e-01,  1.099011e-01, -6.589507e-02, -3.292112e-02,  6.086208e-02],
 [ 1.287429e-01,  6.570551e-02, -1.210263e-02, -1.112813e-01,  3.403119e-02],
 [ 8.703393e-02,  1.065937e-02,  7.834876e-03,  3.176633e-02,  5.846205e-02],
 [ 4.069375e-02,  1.044424e-01, -7.379519e-02,  8.852912e-02, -3.006985e-03],
 [ 7.182328e-02,  1.194539e-01, -6.529946e-03, -5.082437e-04,  4.777990e-02],
 [ 1.025251e-02, -2.589051e-02,  2.834474e-02,  4.138287e-02,  2.013933e-02],
 [-1.120382e-02, -3.221199e-02,  1.448181e-02,  7.084109e-03,  1.436986e-02],
 [-1.977710e-02, -2.697717e-02,  1.161380e-02,  3.094280e-03,  1.549156e-02],
 [ 8.905986e-01,  1.067117e+00, -2.652015e-01, -1.137259e+00, -1.252597e+00]]
energy_short: [-1.292762,  0.765078,  0.75802 , -0.784696, -0.448025, -0.49951 , -0.736197, -0.687833, -0.685499, -0.908368,  0.772965,  0.767685, -1.049756]
energy_long: [0.234142, 0.237961, 0.238469, 0.344006, 0.316594, 0.39534 , 0.394174, 0.440326, 0.465195, 0.341124, 0.241182, 0.240561, 0.368637]