step=1674090, graph_id=0, num_atoms=13
scalar_charges: [ 1.004761, -2.111645, -2.110033,  0.972854,  0.949984,  0.953388,  0.970776,  0.967725,  0.967599,  0.982716, -2.111779, -2.10878 ,  0.988494]
spherical_charges_l0: [[-8.521852e-01],
 [ 1.801523e-04],
 [-7.740521e-04],
 [-6.004590e-02],
 [-1.651240e-02],
 [-1.860537e-02],
 [-1.759217e-02],
 [-1.337384e-02],
 [-9.804573e-03],
 [-4.275696e-02],
 [-3.421352e-03],
 [-1.489167e-03],
 [-7.887726e-01]]
spherical_charges_l1: [[ 3.506318e-02,  1.459251e+00,  9.039253e-01],
 [ 3.405751e-03,  5.713401e-03,  4.804881e-03],
 [ 2.177513e-04,  8.194919e-03,  4.139842e-03],
 [-6.908714e-02,  1.732285e-01,  1.594741e-02],
 [ 2.800750e-02, -1.042967e-02,  1.432558e-02],
 [ 7.248522e-03,  1.462633e-02,  1.660989e-02],
 [ 3.807174e-03,  1.200372e-03,  1.262750e-02],
 [-4.782873e-03, -3.337686e-03,  3.314902e-02],
 [-2.593313e-03,  2.227807e-02,  3.131599e-02],
 [ 4.911282e-02, -1.422375e-01,  4.850724e-02],
 [ 7.119597e-03, -3.811620e-03,  2.114421e-03],
 [ 1.670726e-03, -7.604124e-03,  3.790249e-03],
 [ 8.486578e-01, -1.152341e+00,  8.750598e-01]]
spherical_charges_l2: [[ 1.424842e+00, -1.174251e+00,  1.872302e+00,  6.793841e-01, -1.286292e+00],
 [-3.377464e-02,  2.846495e-02, -2.051041e-02,  1.306340e-02,  1.824529e-02],
 [-3.078477e-02,  1.685609e-02, -2.244602e-02,  9.149770e-03,  1.313313e-02],
 [ 2.514410e-03,  7.927119e-02,  3.300366e-02, -1.528502e-02,  6.311511e-02],
 [ 1.482169e-01,  1.522043e-01, -9.030294e-02, -4.800841e-02,  8.508494e-02],
 [ 1.798282e-01,  9.530073e-02, -2.014885e-02, -1.492305e-01,  4.562803e-02],
 [ 1.187666e-01,  1.698450e-02,  9.319923e-03,  4.285464e-02,  8.006343e-02],
 [ 5.990847e-02,  1.443348e-01, -1.024377e-01,  1.180209e-01, -2.350639e-03],
 [ 9.931739e-02,  1.633139e-01, -6.817349e-03,  1.503814e-03,  6.547599e-02],
 [ 1.327163e-02, -3.323903e-02,  3.686082e-02,  5.999928e-02,  2.837064e-02],
 [-1.276903e-02, -4.339321e-02,  1.959670e-02,  1.050880e-02,  1.888202e-02],
 [-2.777426e-02, -3.539955e-02,  1.514843e-02,  3.618458e-03,  2.098300e-02],
 [ 1.243949e+00,  1.530420e+00, -4.017647e-01, -1.477018e+00, -1.665409e+00]]
energy_short: [-1.166546,  0.619551,  0.611247, -0.663709, -0.390314, -0.437878, -0.667275, -0.626384, -0.627119, -0.820173,  0.62844 ,  0.622388, -0.899717]
energy_long: [0.206446, 0.209065, 0.209358, 0.315081, 0.297495, 0.364732, 0.366718, 0.411597, 0.434696, 0.314145, 0.211005, 0.210624, 0.34074 ]