step=1806255, graph_id=0, num_atoms=13
scalar_charges: [ 0.938302, -2.053797, -2.05451 ,  0.887418,  0.860163,  0.864037,  0.883801,  0.879937,  0.879941,  0.900056, -2.052638, -2.050628,  0.908125]
spherical_charges_l0: [[-8.000019e-01],
 [-5.439551e-04],
 [-1.074031e-03],
 [-5.507055e-02],
 [-1.401956e-02],
 [-1.641107e-02],
 [-1.466555e-02],
 [-1.221625e-02],
 [-9.030836e-03],
 [-4.014872e-02],
 [-3.239246e-03],
 [-1.624720e-03],
 [-7.383271e-01]]
spherical_charges_l1: [[ 3.686148e-02,  1.359593e+00,  8.362857e-01],
 [ 5.526583e-03,  5.662497e-03,  5.830765e-03],
 [-1.953499e-03,  9.196369e-03,  3.572123e-03],
 [-6.124536e-02,  1.526434e-01,  1.009057e-02],
 [ 2.540271e-02, -8.296054e-03,  1.319118e-02],
 [ 5.926348e-03,  1.127824e-02,  1.268540e-02],
 [ 3.766963e-03,  1.717118e-03,  1.178416e-02],
 [-4.540587e-03, -1.469678e-03,  2.764809e-02],
 [-1.901914e-03,  1.817810e-02,  2.683737e-02],
 [ 4.337456e-02, -1.255449e-01,  4.022071e-02],
 [ 8.842577e-03, -3.836747e-03,  2.184803e-03],
 [ 7.501954e-04, -9.234197e-03,  4.558419e-03],
 [ 7.871957e-01, -1.073173e+00,  8.055371e-01]]
spherical_charges_l2: [[ 1.262078e+00, -1.087713e+00,  1.746055e+00,  6.995920e-01, -1.211195e+00],
 [-3.137419e-02,  2.607444e-02, -1.741975e-02,  1.354188e-02,  1.588652e-02],
 [-3.031813e-02,  1.695656e-02, -2.056847e-02,  1.017995e-02,  1.219947e-02],
 [ 5.350576e-04,  7.495382e-02,  2.831533e-02, -1.073933e-02,  5.528182e-02],
 [ 1.317245e-01,  1.389627e-01, -8.307143e-02, -4.058431e-02,  7.561027e-02],
 [ 1.652041e-01,  8.585951e-02, -1.930612e-02, -1.407158e-01,  3.996341e-02],
 [ 1.133259e-01,  1.754862e-02,  8.537937e-03,  4.076865e-02,  7.601994e-02],
 [ 5.445586e-02,  1.347936e-01, -9.515174e-02,  1.108237e-01, -4.837283e-03],
 [ 9.222500e-02,  1.523737e-01, -6.315159e-03, -1.478164e-03,  6.012030e-02],
 [ 1.163935e-02, -3.456042e-02,  3.450330e-02,  5.208547e-02,  2.610112e-02],
 [-1.249926e-02, -4.110423e-02,  1.870163e-02,  7.559444e-03,  1.597920e-02],
 [-2.571579e-02, -3.386064e-02,  1.465877e-02,  1.838893e-03,  1.813130e-02],
 [ 1.128444e+00,  1.366578e+00, -3.492813e-01, -1.415329e+00, -1.575734e+00]]
energy_short: [-1.187461,  0.653998,  0.645936, -0.710944, -0.403124, -0.450966, -0.682227, -0.637479, -0.638612, -0.85551 ,  0.663048,  0.656789, -0.933104]
energy_long: [0.213438, 0.218294, 0.218727, 0.318905, 0.300609, 0.370573, 0.37599 , 0.409924, 0.446128, 0.318264, 0.220707, 0.220163, 0.346344]