step=1798245, graph_id=0, num_atoms=13
scalar_charges: [ 0.910584, -2.020957, -2.022663,  0.859353,  0.833831,  0.837409,  0.855941,  0.852122,  0.851896,  0.871688, -2.01792 , -2.017086,  0.876776]
spherical_charges_l0: [[-0.796398],
 [-0.001574],
 [-0.002229],
 [-0.057258],
 [-0.010391],
 [-0.015845],
 [-0.019826],
 [-0.013399],
 [-0.00863 ],
 [-0.042919],
 [-0.003556],
 [-0.002079],
 [-0.744802]]
spherical_charges_l1: [[ 3.721304e-02,  1.345389e+00,  8.251010e-01],
 [ 5.995263e-03,  5.639965e-03,  5.992511e-03],
 [-2.389715e-03,  9.341156e-03,  3.369947e-03],
 [-6.049724e-02,  1.576436e-01,  1.170475e-02],
 [ 2.711182e-02, -1.093036e-02,  1.609895e-02],
 [ 6.666075e-03,  1.531246e-02,  1.609714e-02],
 [ 3.585486e-03,  1.555321e-03,  1.192027e-02],
 [-4.044623e-03, -3.375542e-03,  3.183937e-02],
 [-2.482819e-03,  2.163606e-02,  2.963795e-02],
 [ 4.542727e-02, -1.286797e-01,  4.152891e-02],
 [ 9.274650e-03, -3.461780e-03,  2.015996e-03],
 [ 1.241513e-04, -9.610354e-03,  4.722046e-03],
 [ 7.862406e-01, -1.067929e+00,  8.010036e-01]]
spherical_charges_l2: [[ 1.295932e+00, -1.099105e+00,  1.752099e+00,  6.726390e-01, -1.221283e+00],
 [-3.236921e-02,  2.812890e-02, -1.827482e-02,  1.382351e-02,  1.742860e-02],
 [-3.130795e-02,  1.780432e-02, -2.216214e-02,  1.002664e-02,  1.342425e-02],
 [ 1.350087e-03,  7.482155e-02,  3.569793e-02, -9.511896e-03,  5.316412e-02],
 [ 1.414687e-01,  1.488486e-01, -9.241600e-02, -4.366385e-02,  7.784601e-02],
 [ 1.714861e-01,  8.742663e-02, -2.041703e-02, -1.470824e-01,  4.131414e-02],
 [ 1.145765e-01,  1.141128e-02,  1.049761e-02,  4.260640e-02,  7.652760e-02],
 [ 5.569110e-02,  1.376029e-01, -9.923397e-02,  1.155379e-01, -7.154234e-03],
 [ 9.625440e-02,  1.577544e-01, -6.546720e-03, -2.902236e-03,  6.149624e-02],
 [ 1.352772e-02, -3.440017e-02,  3.573754e-02,  4.903365e-02,  2.070270e-02],
 [-1.306683e-02, -4.310982e-02,  1.951607e-02,  9.401702e-03,  1.805174e-02],
 [-2.750423e-02, -3.535506e-02,  1.521476e-02,  2.611596e-03,  1.992761e-02],
 [ 1.151069e+00,  1.402107e+00, -3.639210e-01, -1.421180e+00, -1.592686e+00]]
energy_short: [-1.17469 ,  0.659638,  0.652089, -0.722153, -0.418083, -0.467843, -0.703062, -0.656038, -0.654389, -0.866214,  0.669817,  0.663275, -0.915635]
energy_long: [0.206103, 0.220497, 0.22093 , 0.324252, 0.287976, 0.375852, 0.379901, 0.417805, 0.448096, 0.322763, 0.222885, 0.222389, 0.346949]