step=2042550, graph_id=0, num_atoms=13
scalar_charges: [ 0.907968, -1.80615 , -1.808844,  0.854041,  0.820341,  0.824813,  0.846622,  0.841957,  0.841786,  0.865305, -1.806743, -1.804265,  0.878885]
spherical_charges_l0: [[-7.204111e-01],
 [-5.567222e-04],
 [-1.270694e-03],
 [-4.940083e-02],
 [-1.225431e-02],
 [-1.334753e-02],
 [-1.387192e-02],
 [-9.871531e-03],
 [-7.202744e-03],
 [-3.480289e-02],
 [-2.926068e-03],
 [-1.422845e-03],
 [-6.687599e-01]]
spherical_charges_l1: [[ 2.922913e-02,  1.221897e+00,  7.476508e-01],
 [ 4.386226e-03,  5.870625e-03,  5.503966e-03],
 [-9.728140e-04,  8.290467e-03,  3.787718e-03],
 [-5.405267e-02,  1.375800e-01,  1.019531e-02],
 [ 2.354147e-02, -9.229681e-03,  1.158764e-02],
 [ 4.749865e-03,  1.346742e-02,  1.254881e-02],
 [ 3.713280e-03,  1.543027e-03,  1.174482e-02],
 [-3.350348e-03, -3.038114e-03,  2.561263e-02],
 [-2.380173e-03,  1.796615e-02,  2.419737e-02],
 [ 3.835806e-02, -1.104356e-01,  3.569200e-02],
 [ 8.090269e-03, -3.505708e-03,  1.997870e-03],
 [ 9.692896e-04, -8.297186e-03,  4.107264e-03],
 [ 7.084813e-01, -9.642494e-01,  7.238557e-01]]
spherical_charges_l2: [[ 1.174051e+00, -9.990964e-01,  1.577609e+00,  5.956714e-01, -1.104435e+00],
 [-2.851795e-02,  2.339038e-02, -1.659192e-02,  1.109341e-02,  1.471838e-02],
 [-2.626353e-02,  1.586836e-02, -1.866757e-02,  8.338571e-03,  1.150813e-02],
 [ 2.969706e-03,  6.909117e-02,  2.799416e-02, -8.703790e-03,  5.458814e-02],
 [ 1.279243e-01,  1.304473e-01, -8.052194e-02, -4.146450e-02,  7.229652e-02],
 [ 1.504562e-01,  7.759416e-02, -1.747275e-02, -1.282472e-01,  3.832406e-02],
 [ 1.004240e-01,  1.238713e-02,  8.425485e-03,  3.645397e-02,  6.692810e-02],
 [ 4.921018e-02,  1.216720e-01, -8.496907e-02,  1.007273e-01, -4.624500e-03],
 [ 8.505706e-02,  1.391803e-01, -8.043290e-03, -5.810834e-04,  5.301381e-02],
 [ 1.461561e-02, -2.764230e-02,  3.164908e-02,  4.879028e-02,  2.574067e-02],
 [-1.213360e-02, -3.668170e-02,  1.655117e-02,  7.796437e-03,  1.576312e-02],
 [-2.258258e-02, -3.064548e-02,  1.322657e-02,  2.921621e-03,  1.713491e-02],
 [ 1.028641e+00,  1.265552e+00, -3.345709e-01, -1.256889e+00, -1.415434e+00]]
energy_short: [-1.222721,  0.701354,  0.693276, -0.749135, -0.417172, -0.468988, -0.706564, -0.657404, -0.655219, -0.880076,  0.709414,  0.703273, -0.979282]
energy_long: [0.20926 , 0.225865, 0.226115, 0.33082 , 0.300404, 0.382332, 0.374098, 0.424377, 0.451453, 0.32887 , 0.228501, 0.22783 , 0.357287]