step=3332160, graph_id=0, num_atoms=13
scalar_charges: [ 0.784931, -1.55836 , -1.559073,  0.710313,  0.684449,  0.6875  ,  0.706231,  0.70213 ,  0.701944,  0.72204 , -1.561105, -1.559621,  0.751901]
spherical_charges_l0: [[-0.49671 ],
 [-0.000724],
 [-0.00141 ],
 [-0.0321  ],
 [-0.006847],
 [-0.007626],
 [-0.009258],
 [-0.006025],
 [-0.004541],
 [-0.023283],
 [-0.00249 ],
 [-0.001381],
 [-0.456558]]
spherical_charges_l1: [[ 1.713714e-02,  8.602612e-01,  5.275477e-01],
 [ 4.355288e-03,  3.537468e-03,  4.072761e-03],
 [-1.881282e-03,  5.920422e-03,  2.017660e-03],
 [-3.711077e-02,  9.463571e-02,  6.299769e-03],
 [ 1.834543e-02, -5.612275e-03,  1.191769e-02],
 [ 6.160000e-03,  8.851502e-03,  1.079433e-02],
 [ 2.995252e-03,  1.403974e-03,  9.378836e-03],
 [-3.279542e-03, -1.431871e-03,  2.009309e-02],
 [-1.041662e-03,  1.331993e-02,  1.966376e-02],
 [ 2.671689e-02, -7.708923e-02,  2.448540e-02],
 [ 6.350383e-03, -2.256731e-03,  1.324159e-03],
 [-6.466125e-06, -6.124070e-03,  3.006005e-03],
 [ 4.979160e-01, -6.765159e-01,  5.149270e-01]]
spherical_charges_l2: [[ 8.322439e-01, -7.166648e-01,  1.154232e+00,  4.688343e-01, -8.049362e-01],
 [-2.057375e-02,  1.734271e-02, -1.199424e-02,  8.156401e-03,  1.093690e-02],
 [-2.036020e-02,  1.159497e-02, -1.441790e-02,  6.375838e-03,  8.542334e-03],
 [-6.386976e-04,  4.834989e-02,  2.131733e-02, -5.027207e-03,  3.712334e-02],
 [ 9.211984e-02,  9.520882e-02, -5.850675e-02, -2.734981e-02,  5.154001e-02],
 [ 1.108341e-01,  5.634124e-02, -1.175325e-02, -9.921526e-02,  3.082835e-02],
 [ 7.497171e-02,  1.009420e-02,  6.289078e-03,  2.673530e-02,  4.964289e-02],
 [ 3.432303e-02,  9.112711e-02, -6.186360e-02,  7.726087e-02, -4.004936e-03],
 [ 6.254682e-02,  1.039191e-01, -7.388093e-03, -2.234207e-03,  4.021401e-02],
 [ 1.018149e-02, -2.025300e-02,  2.349041e-02,  3.489231e-02,  1.654399e-02],
 [-8.367036e-03, -2.647134e-02,  1.193458e-02,  6.176145e-03,  1.164224e-02],
 [-1.670370e-02, -2.189774e-02,  9.387890e-03,  2.436828e-03,  1.288358e-02],
 [ 7.483210e-01,  8.990692e-01, -2.236274e-01, -9.456359e-01, -1.040933e+00]]
energy_short: [-1.326405,  0.810016,  0.804832, -0.741886, -0.408217, -0.45889 , -0.694977, -0.64736 , -0.64569 , -0.862733,  0.818334,  0.813361, -1.087983]
energy_long: [0.20127 , 0.206252, 0.207184, 0.303999, 0.27468 , 0.362903, 0.354653, 0.399263, 0.432713, 0.300875, 0.20964 , 0.209134, 0.331563]