step=881100, graph_id=0, num_atoms=13
scalar_charges: [ 1.332049, -3.408495, -3.390078,  1.318452,  1.315654,  1.31742 ,  1.326473,  1.326137,  1.326489,  1.328606, -3.41577 , -3.407492,  1.325494]
spherical_charges_l0: [[-2.041392e+00],
 [ 1.905803e-03],
 [-5.869813e-04],
 [-1.406626e-01],
 [-4.153681e-02],
 [-4.573237e-02],
 [-2.826311e-02],
 [-2.943245e-02],
 [-2.079668e-02],
 [-1.072897e-01],
 [-8.579611e-03],
 [-3.692583e-03],
 [-1.931090e+00]]
spherical_charges_l1: [[ 1.084593e-01,  3.458930e+00,  2.106045e+00],
 [ 7.575812e-03,  9.315411e-03,  9.761876e-03],
 [ 1.070955e-03,  1.607836e-02,  9.385402e-03],
 [-1.398454e-01,  4.131831e-01,  4.802141e-02],
 [ 4.172134e-02, -2.527811e-02,  5.000019e-03],
 [-2.387748e-03,  3.393489e-02,  2.563550e-02],
 [ 3.692840e-03,  2.443747e-03,  1.933479e-02],
 [-2.240893e-03, -6.852201e-03,  5.724571e-02],
 [-1.130226e-02,  4.113669e-02,  4.830457e-02],
 [ 1.225367e-01, -3.370890e-01,  1.162937e-01],
 [ 1.635629e-02, -1.160187e-02,  6.259267e-03],
 [ 4.814606e-03, -1.868794e-02,  9.346513e-03],
 [ 2.044066e+00, -2.774575e+00,  2.043469e+00]]
spherical_charges_l2: [[ 2.736595, -2.359923,  3.842317,  1.526646, -2.681653],
 [-0.079067,  0.074473, -0.044816,  0.032049,  0.048336],
 [-0.07757 ,  0.036926, -0.059487,  0.020792,  0.030767],
 [ 0.025088,  0.150598,  0.078653, -0.038834,  0.107721],
 [ 0.285247,  0.302175, -0.172969, -0.083739,  0.162346],
 [ 0.336544,  0.164741, -0.035213, -0.284226,  0.093717],
 [ 0.240115,  0.037395,  0.012153,  0.081023,  0.151338],
 [ 0.108195,  0.268378, -0.188952,  0.237218, -0.009588],
 [ 0.19202 ,  0.309742, -0.014718, -0.013851,  0.129715],
 [ 0.034829, -0.059461,  0.069388,  0.087251,  0.030452],
 [-0.031185, -0.116823,  0.05318 ,  0.025256,  0.046286],
 [-0.07738 , -0.092551,  0.039506,  0.006225,  0.05472 ],
 [ 2.460952,  2.976971, -0.768798, -3.106863, -3.477306]]
energy_short: [-1.028504,  0.348797,  0.340696, -0.567288, -0.355676, -0.394008, -0.611209, -0.578381, -0.584272, -0.760731,  0.355868,  0.350374, -0.730118]
energy_long: [0.239657, 0.218929, 0.220201, 0.328484, 0.320972, 0.395839, 0.408851, 0.447444, 0.460978, 0.330106, 0.220595, 0.221015, 0.360805]