step=3095865, graph_id=0, num_atoms=13
scalar_charges: [ 0.781876, -1.518768, -1.519287,  0.705405,  0.677438,  0.68075 ,  0.700472,  0.696231,  0.696062,  0.717631, -1.522014, -1.520154,  0.747433]
spherical_charges_l0: [[-0.514907],
 [-0.000749],
 [-0.001338],
 [-0.034791],
 [-0.00711 ],
 [-0.007942],
 [-0.009254],
 [-0.006106],
 [-0.004536],
 [-0.02548 ],
 [-0.002572],
 [-0.001466],
 [-0.476311]]
spherical_charges_l1: [[ 1.731527e-02,  8.833070e-01,  5.404564e-01],
 [ 4.108050e-03,  3.778979e-03,  4.072906e-03],
 [-1.466226e-03,  5.925904e-03,  2.236213e-03],
 [-3.882913e-02,  9.908918e-02,  7.878759e-03],
 [ 1.856895e-02, -5.774560e-03,  1.147609e-02],
 [ 5.932247e-03,  8.993899e-03,  1.065481e-02],
 [ 3.083937e-03,  1.433029e-03,  9.604004e-03],
 [-3.181652e-03, -1.594647e-03,  2.020187e-02],
 [-1.192781e-03,  1.345469e-02,  1.977700e-02],
 [ 2.784645e-02, -8.046074e-02,  2.646317e-02],
 [ 6.276065e-03, -2.159954e-03,  1.274451e-03],
 [ 9.681402e-05, -6.111510e-03,  3.003586e-03],
 [ 5.128907e-01, -6.965837e-01,  5.285038e-01]]
spherical_charges_l2: [[ 8.527507e-01, -7.372599e-01,  1.188233e+00,  4.811685e-01, -8.301358e-01],
 [-2.147183e-02,  1.808476e-02, -1.210990e-02,  8.956037e-03,  1.115216e-02],
 [-2.085028e-02,  1.192653e-02, -1.448808e-02,  6.953172e-03,  8.591827e-03],
 [ 3.259999e-04,  5.005288e-02,  2.134956e-02, -5.710191e-03,  3.745357e-02],
 [ 9.387236e-02,  9.658727e-02, -5.859349e-02, -2.887295e-02,  5.275780e-02],
 [ 1.124163e-01,  5.849722e-02, -1.231563e-02, -9.879638e-02,  3.018228e-02],
 [ 7.508337e-02,  9.974064e-03,  6.363461e-03,  2.717210e-02,  5.054414e-02],
 [ 3.567031e-02,  9.255975e-02, -6.359129e-02,  7.658085e-02, -3.529935e-03],
 [ 6.304732e-02,  1.052987e-01, -6.794988e-03, -1.033291e-03,  4.048560e-02],
 [ 1.067780e-02, -2.101023e-02,  2.378720e-02,  3.573411e-02,  1.690529e-02],
 [-9.012510e-03, -2.711516e-02,  1.224124e-02,  5.665238e-03,  1.158969e-02],
 [-1.673499e-02, -2.276211e-02,  9.818502e-03,  2.278510e-03,  1.280389e-02],
 [ 7.665229e-01,  9.216501e-01, -2.296539e-01, -9.730027e-01, -1.072121e+00]]
energy_short: [-1.325648,  0.807676,  0.802499, -0.755644, -0.419022, -0.469576, -0.704002, -0.657215, -0.655129, -0.874967,  0.814731,  0.810385, -1.085532]
energy_long: [0.206317, 0.211944, 0.212985, 0.311961, 0.283086, 0.369409, 0.35837 , 0.406937, 0.440306, 0.308706, 0.215663, 0.214987, 0.337287]