step=2150685, graph_id=0, num_atoms=13
scalar_charges: [ 0.881727, -1.809684, -1.812496,  0.819818,  0.786679,  0.79084 ,  0.812301,  0.807662,  0.807582,  0.831686, -1.810753, -1.808233,  0.847859]
spherical_charges_l0: [[-0.644072],
 [-0.000767],
 [-0.0016  ],
 [-0.045456],
 [-0.011811],
 [-0.013288],
 [-0.01307 ],
 [-0.010073],
 [-0.007637],
 [-0.032216],
 [-0.002961],
 [-0.001641],
 [-0.598915]]
spherical_charges_l1: [[ 0.023647,  1.087893,  0.672677],
 [ 0.004217,  0.005283,  0.004977],
 [-0.001156,  0.007359,  0.00318 ],
 [-0.049239,  0.126151,  0.008945],
 [ 0.023743, -0.006718,  0.014497],
 [ 0.007958,  0.010542,  0.013839],
 [ 0.00355 ,  0.001785,  0.011762],
 [-0.004508, -0.001577,  0.025711],
 [-0.001534,  0.017239,  0.025282],
 [ 0.035204, -0.10264 ,  0.032187],
 [ 0.007352, -0.00365 ,  0.002043],
 [ 0.001173, -0.00758 ,  0.003762],
 [ 0.637289, -0.866033,  0.655611]]
spherical_charges_l2: [[ 1.062786, -0.9147  ,  1.451364,  0.581986, -1.011462],
 [-0.026123,  0.02152 , -0.015652,  0.010061,  0.014028],
 [-0.024782,  0.01426 , -0.017986,  0.007427,  0.010799],
 [ 0.001691,  0.061259,  0.022412, -0.011264,  0.046804],
 [ 0.112781,  0.118965, -0.075755, -0.035699,  0.063409],
 [ 0.140055,  0.073159, -0.020065, -0.122184,  0.033603],
 [ 0.094639,  0.011435,  0.00803 ,  0.03456 ,  0.063648],
 [ 0.044881,  0.114278, -0.079536,  0.094332, -0.007229],
 [ 0.07854 ,  0.129437, -0.006428, -0.003678,  0.047964],
 [ 0.010559, -0.026669,  0.027751,  0.045015,  0.022097],
 [-0.010556, -0.03388 ,  0.015278,  0.007988,  0.014889],
 [-0.021499, -0.027923,  0.011953,  0.003198,  0.016625],
 [ 0.946336,  1.147064, -0.291828, -1.179528, -1.308487]]
energy_short: [-1.251907,  0.725495,  0.717247, -0.770166, -0.444326, -0.49597 , -0.73299 , -0.683872, -0.682451, -0.899494,  0.73401 ,  0.727986, -1.006737]
energy_long: [0.223546, 0.232146, 0.23193 , 0.332287, 0.302378, 0.385513, 0.388553, 0.4268  , 0.459512, 0.330857, 0.234744, 0.23399 , 0.36334 ]