step=1369710, graph_id=0, num_atoms=13
scalar_charges: [ 1.103979, -2.377355, -2.370866,  1.071779,  1.047219,  1.05149 ,  1.072321,  1.068961,  1.069273,  1.084634, -2.379121, -2.374739,  1.088234]
spherical_charges_l0: [[-1.083053e+00],
 [ 1.611170e-03],
 [ 5.899026e-04],
 [-8.822575e-02],
 [-1.996636e-02],
 [-2.411020e-02],
 [-2.181526e-02],
 [-1.717043e-02],
 [-1.120445e-02],
 [-6.367540e-02],
 [-3.640178e-03],
 [-1.105935e-03],
 [-1.009578e+00]]
spherical_charges_l1: [[ 5.613875e-02,  1.952102e+00,  1.207215e+00],
 [ 4.246762e-03,  7.714800e-03,  6.407843e-03],
 [ 1.381224e-04,  1.143610e-02,  5.754659e-03],
 [-9.258779e-02,  2.391987e-01,  1.795440e-02],
 [ 2.999131e-02, -1.555254e-02,  1.030448e-02],
 [ 3.254744e-03,  2.113325e-02,  1.988740e-02],
 [ 3.853357e-03,  1.984561e-03,  1.520007e-02],
 [-3.187848e-03, -4.051497e-03,  4.121288e-02],
 [-5.910458e-03,  2.791698e-02,  3.568109e-02],
 [ 6.545489e-02, -1.933548e-01,  6.181831e-02],
 [ 1.080421e-02, -6.452543e-03,  3.536382e-03],
 [ 3.004192e-03, -1.192673e-02,  5.958162e-03],
 [ 1.133578e+00, -1.538753e+00,  1.160473e+00]]
spherical_charges_l2: [[ 1.750706e+00, -1.493255e+00,  2.362722e+00,  9.045850e-01, -1.639025e+00],
 [-4.388069e-02,  3.862778e-02, -2.635454e-02,  1.751550e-02,  2.491242e-02],
 [-4.087732e-02,  2.117286e-02, -3.016050e-02,  1.166932e-02,  1.750316e-02],
 [ 6.524173e-03,  9.471799e-02,  5.313523e-02, -2.391420e-02,  6.649263e-02],
 [ 2.005677e-01,  2.014762e-01, -1.184443e-01, -6.844779e-02,  1.130640e-01],
 [ 2.375682e-01,  1.297326e-01, -3.008031e-02, -1.934905e-01,  6.484126e-02],
 [ 1.618854e-01,  2.843357e-02,  1.222468e-02,  5.848100e-02,  1.108282e-01],
 [ 8.319156e-02,  1.972602e-01, -1.326569e-01,  1.585492e-01, -1.088020e-03],
 [ 1.355762e-01,  2.211890e-01, -1.447989e-02,  4.004544e-03,  8.666873e-02],
 [ 1.677679e-02, -4.092088e-02,  4.465005e-02,  6.628475e-02,  1.849152e-02],
 [-1.453285e-02, -5.808641e-02,  2.638202e-02,  1.439928e-02,  2.409817e-02],
 [-3.882361e-02, -4.573071e-02,  1.946325e-02,  3.352928e-03,  2.762374e-02],
 [ 1.541587e+00,  1.888950e+00, -4.913172e-01, -1.906067e+00, -2.131669e+00]]
energy_short: [-1.037699,  0.536929,  0.528644, -0.592991, -0.345402, -0.390783, -0.617707, -0.576785, -0.579105, -0.763009,  0.544862,  0.538709, -0.759476]
energy_long: [0.18602 , 0.198362, 0.199426, 0.307536, 0.276874, 0.356313, 0.354588, 0.399417, 0.437417, 0.307209, 0.200643, 0.200671, 0.323955]