step=3268080, graph_id=0, num_atoms=13
scalar_charges: [ 0.780286, -1.520155, -1.520687,  0.703913,  0.677715,  0.680803,  0.699521,  0.695413,  0.69521 ,  0.715771, -1.522593, -1.521189,  0.746371]
spherical_charges_l0: [[-0.505981],
 [-0.000753],
 [-0.001404],
 [-0.033786],
 [-0.006572],
 [-0.007614],
 [-0.009084],
 [-0.005901],
 [-0.004319],
 [-0.024858],
 [-0.002467],
 [-0.001331],
 [-0.464114]]
spherical_charges_l1: [[ 1.871304e-02,  8.767474e-01,  5.369461e-01],
 [ 4.072148e-03,  3.573883e-03,  3.998615e-03],
 [-1.773817e-03,  5.971123e-03,  2.156060e-03],
 [-3.917475e-02,  9.628003e-02,  6.179269e-03],
 [ 1.800381e-02, -5.765925e-03,  1.102824e-02],
 [ 5.660039e-03,  8.799693e-03,  1.035535e-02],
 [ 2.869363e-03,  1.415315e-03,  9.041667e-03],
 [-3.117692e-03, -1.520613e-03,  1.986899e-02],
 [-1.144894e-03,  1.318730e-02,  1.927894e-02],
 [ 2.664338e-02, -7.882193e-02,  2.549314e-02],
 [ 6.437579e-03, -2.140280e-03,  1.270673e-03],
 [ 9.208838e-06, -6.107533e-03,  2.998990e-03],
 [ 5.066417e-01, -6.878051e-01,  5.231155e-01]]
spherical_charges_l2: [[ 0.849689, -0.729157,  1.179616,  0.478299, -0.822151],
 [-0.021187,  0.017786, -0.012326,  0.008286,  0.011232],
 [-0.020969,  0.012191, -0.014677,  0.006902,  0.008696],
 [-0.001308,  0.049968,  0.021753, -0.003889,  0.038007],
 [ 0.093082,  0.096326, -0.059494, -0.028529,  0.05231 ],
 [ 0.111497,  0.056854, -0.011847, -0.099316,  0.030154],
 [ 0.074465,  0.009559,  0.006606,  0.026887,  0.049659],
 [ 0.034788,  0.091426, -0.062892,  0.076749, -0.003819],
 [ 0.062696,  0.104505, -0.006877, -0.001731,  0.040094],
 [ 0.01059 , -0.021398,  0.024579,  0.03532 ,  0.016897],
 [-0.009598, -0.027471,  0.012357,  0.005926,  0.012177],
 [-0.016633, -0.023205,  0.010012,  0.002699,  0.013142],
 [ 0.76357 ,  0.916719, -0.228389, -0.962616, -1.06051 ]]
energy_short: [-1.336276,  0.811275,  0.805792, -0.746299, -0.410313, -0.461272, -0.696464, -0.649105, -0.647139, -0.867387,  0.818568,  0.81398 , -1.095724]
energy_long: [0.201788, 0.20692 , 0.207805, 0.308083, 0.27553 , 0.365656, 0.355143, 0.406163, 0.434939, 0.30488 , 0.210519, 0.209814, 0.335471]