step=1289610, graph_id=0, num_atoms=13
scalar_charges: [ 1.077989, -2.461293, -2.452366,  1.067947,  1.05374 ,  1.056235,  1.067404,  1.065942,  1.066174,  1.073003, -2.467589, -2.461446,  1.075881]
spherical_charges_l0: [[-1.157825e+00],
 [-1.134882e-03],
 [-2.149040e-03],
 [-9.198035e-02],
 [-2.287050e-02],
 [-2.415414e-02],
 [-1.933511e-02],
 [-1.561740e-02],
 [-1.058195e-02],
 [-6.825707e-02],
 [-6.284396e-03],
 [-3.587769e-03],
 [-1.071127e+00]]
spherical_charges_l1: [[ 6.697242e-02,  2.123029e+00,  1.288192e+00],
 [ 6.072578e-03,  5.591977e-03,  6.240341e-03],
 [-2.168680e-03,  1.087566e-02,  4.346758e-03],
 [-1.000509e-01,  2.584787e-01,  2.404946e-02],
 [ 3.168109e-02, -1.904212e-02,  1.235650e-02],
 [ 2.546886e-03,  2.477340e-02,  2.089271e-02],
 [ 3.205306e-03,  5.186504e-04,  1.198533e-02],
 [-2.459092e-03, -6.371755e-03,  4.415150e-02],
 [-6.338246e-03,  3.054953e-02,  3.656578e-02],
 [ 7.155388e-02, -2.108752e-01,  7.362641e-02],
 [ 1.156930e-02, -6.227009e-03,  3.451270e-03],
 [ 1.645337e-03, -1.185251e-02,  5.875545e-03],
 [ 1.223058e+00, -1.664787e+00,  1.227896e+00]]
spherical_charges_l2: [[ 1.716130e+00, -1.495351e+00,  2.448295e+00,  1.000692e+00, -1.717618e+00],
 [-4.113593e-02,  3.818362e-02, -2.281033e-02,  1.818379e-02,  2.273595e-02],
 [-4.038537e-02,  2.077751e-02, -2.889592e-02,  1.168313e-02,  1.676954e-02],
 [ 6.445935e-03,  1.005019e-01,  4.906594e-02, -2.706200e-02,  6.910279e-02],
 [ 2.127554e-01,  2.106702e-01, -1.160894e-01, -7.043533e-02,  1.174284e-01],
 [ 2.457035e-01,  1.320965e-01, -2.345330e-02, -1.942910e-01,  7.275613e-02],
 [ 1.769344e-01,  3.847649e-02,  7.527405e-03,  5.973177e-02,  1.160732e-01],
 [ 8.753660e-02,  2.033036e-01, -1.364410e-01,  1.653846e-01,  5.022137e-03],
 [ 1.398717e-01,  2.267488e-01, -1.576900e-02,  7.673401e-03,  9.426260e-02],
 [ 1.846096e-02, -4.096430e-02,  4.081668e-02,  6.886712e-02,  1.998606e-02],
 [-1.473583e-02, -5.953491e-02,  2.713257e-02,  1.350038e-02,  2.348711e-02],
 [-4.027287e-02, -4.578764e-02,  1.949206e-02,  1.951946e-03,  2.720517e-02],
 [ 1.550666e+00,  1.867130e+00, -4.727678e-01, -1.995040e+00, -2.209362e+00]]
energy_short: [-1.027317,  0.52463 ,  0.516888, -0.611122, -0.367393, -0.411048, -0.633938, -0.597991, -0.600834, -0.782686,  0.533592,  0.527579, -0.748323]
energy_long: [0.199698, 0.200427, 0.201836, 0.30691 , 0.287708, 0.359217, 0.358972, 0.40144 , 0.437418, 0.305973, 0.203304, 0.203381, 0.325616]