step=1946430, graph_id=0, num_atoms=13
scalar_charges: [ 0.920145, -1.945642, -1.94894 ,  0.864651,  0.833968,  0.837956,  0.858623,  0.854271,  0.854119,  0.876229, -1.942469, -1.941952,  0.887773]
spherical_charges_l0: [[-0.739931],
 [-0.000956],
 [-0.001624],
 [-0.042797],
 [-0.011864],
 [-0.01511 ],
 [-0.017804],
 [-0.012716],
 [-0.009312],
 [-0.02993 ],
 [-0.002963],
 [-0.001617],
 [-0.681721]]
spherical_charges_l1: [[ 2.904344e-02,  1.271787e+00,  7.862545e-01],
 [ 4.584874e-03,  5.038495e-03,  4.974571e-03],
 [-1.556598e-03,  7.700682e-03,  3.063078e-03],
 [-5.165493e-02,  1.333883e-01,  9.377147e-03],
 [ 2.481623e-02, -8.449101e-03,  1.419526e-02],
 [ 6.651134e-03,  1.208636e-02,  1.333685e-02],
 [ 4.121581e-03,  1.775041e-03,  1.303718e-02],
 [-3.925244e-03, -2.717173e-03,  2.729599e-02],
 [-2.052812e-03,  1.861970e-02,  2.641520e-02],
 [ 3.696397e-02, -1.076093e-01,  3.331133e-02],
 [ 7.384372e-03, -3.118820e-03,  1.782900e-03],
 [ 5.546082e-04, -7.568633e-03,  3.734386e-03],
 [ 7.369094e-01, -1.004140e+00,  7.582532e-01]]
spherical_charges_l2: [[ 1.212825, -1.027218,  1.594912,  0.584571, -1.110887],
 [-0.028654,  0.022842, -0.017445,  0.01067 ,  0.014821],
 [-0.026103,  0.016504, -0.019278,  0.007463,  0.01237 ],
 [ 0.002409,  0.069323,  0.027492, -0.008542,  0.051668],
 [ 0.118148,  0.128562, -0.081798, -0.037776,  0.065485],
 [ 0.150931,  0.077753, -0.021064, -0.130355,  0.033025],
 [ 0.101213,  0.008129,  0.009297,  0.037993,  0.06799 ],
 [ 0.048304,  0.121415, -0.088841,  0.10064 , -0.009295],
 [ 0.083272,  0.137812, -0.004032, -0.004882,  0.051105],
 [ 0.013182, -0.030391,  0.031635,  0.047777,  0.024144],
 [-0.011911, -0.03497 ,  0.015665,  0.008743,  0.016395],
 [-0.021981, -0.029758,  0.012751,  0.004131,  0.017824],
 [ 1.051041,  1.304075, -0.34617 , -1.259936, -1.420406]]
energy_short: [-1.210867,  0.686145,  0.678263, -0.729239, -0.414931, -0.464099, -0.698466, -0.651465, -0.650456, -0.867596,  0.695335,  0.689164, -0.961105]
energy_long: [0.216481, 0.223061, 0.223957, 0.323415, 0.291577, 0.376407, 0.376518, 0.419955, 0.451008, 0.322469, 0.225833, 0.22545 , 0.356633]