step=604755, graph_id=0, num_atoms=13
scalar_charges: [ 1.870147, -5.008432, -4.974916,  1.845017,  1.843356,  1.846345,  1.861083,  1.860499,  1.860996,  1.865335, -5.027523, -5.010954,  1.852939]
spherical_charges_l0: [[-2.694572],
 [-0.002705],
 [-0.0032  ],
 [-0.228297],
 [-0.046758],
 [-0.062354],
 [-0.030935],
 [-0.038066],
 [-0.020841],
 [-0.17689 ],
 [-0.013356],
 [-0.008811],
 [-2.699625]]
spherical_charges_l1: [[ 1.187116e-01,  4.727666e+00,  2.923341e+00],
 [ 4.092700e-03, -3.323328e-03,  2.558439e-03],
 [ 4.718366e-03,  7.862626e-03,  6.784138e-03],
 [-2.016587e-01,  6.813711e-01,  6.169508e-02],
 [ 3.550567e-03, -3.586539e-02, -5.335776e-02],
 [-4.217304e-02,  4.865932e-02,  8.333124e-03],
 [ 6.185730e-03,  2.585263e-04,  2.103377e-02],
 [ 1.142979e-02, -2.015945e-03,  4.899945e-02],
 [-2.182677e-02,  3.186012e-02,  3.033974e-02],
 [ 1.760787e-01, -5.208224e-01,  1.523232e-01],
 [ 6.607987e-03, -4.946951e-03,  2.658658e-03],
 [ 2.147655e-03, -8.775204e-03,  4.391825e-03],
 [ 2.924042e+00, -3.945915e+00,  2.957080e+00]]
spherical_charges_l2: [[ 3.772422e+00, -3.160300e+00,  5.105019e+00,  1.910367e+00, -3.504714e+00],
 [-1.145477e-01,  1.273503e-01, -6.084445e-02,  5.355444e-02,  7.571524e-02],
 [-1.114908e-01,  4.101712e-02, -8.445568e-02,  2.702720e-02,  3.726174e-02],
 [ 7.766491e-02,  2.125258e-01,  1.500163e-01, -9.682316e-02,  1.109162e-01],
 [ 4.269561e-01,  4.085163e-01, -2.484172e-01, -1.590354e-01,  2.172544e-01],
 [ 4.404187e-01,  2.480386e-01, -9.338180e-02, -3.617221e-01,  1.504906e-01],
 [ 3.028482e-01,  5.605316e-02,  1.669045e-02,  1.039941e-01,  1.988712e-01],
 [ 1.614819e-01,  3.737400e-01, -2.167468e-01,  3.068290e-01, -1.550139e-02],
 [ 2.743774e-01,  4.217974e-01, -5.265079e-02, -9.183625e-03,  1.515418e-01],
 [ 5.123300e-02, -8.471283e-02,  7.091072e-02,  1.049695e-01, -1.997267e-02],
 [-1.904600e-02, -1.744673e-01,  8.106575e-02,  4.085565e-02,  5.607536e-02],
 [-1.317136e-01, -1.229553e-01,  5.138708e-02, -4.107931e-03,  7.828972e-02],
 [ 3.390960e+00,  4.212204e+00, -1.154865e+00, -4.109316e+00, -4.687616e+00]]
energy_short: [-1.0718  ,  0.319205,  0.307896, -0.537049, -0.329999, -0.371392, -0.587117, -0.561437, -0.568662, -0.75113 ,  0.328035,  0.320978, -0.754828]
energy_long: [0.240183, 0.231855, 0.232261, 0.356677, 0.340517, 0.415104, 0.410234, 0.464258, 0.45973 , 0.35814 , 0.232824, 0.232895, 0.390189]