step=532665, graph_id=0, num_atoms=13
scalar_charges: [ 1.949779, -6.139551, -6.107638,  1.912188,  1.902727,  1.908356,  1.934819,  1.93087 ,  1.930371,  1.93831 , -6.161017, -6.145595,  1.919588]
spherical_charges_l0: [[-3.381042],
 [-0.006886],
 [-0.00622 ],
 [-0.211459],
 [-0.048429],
 [-0.0705  ],
 [-0.046711],
 [-0.046168],
 [-0.028256],
 [-0.19272 ],
 [-0.013922],
 [-0.011163],
 [-3.184684]]
spherical_charges_l1: [[ 1.779622e-01,  5.618586e+00,  3.358145e+00],
 [ 6.330897e-03, -5.773860e-03,  3.829294e-03],
 [ 3.690364e-03,  5.225918e-03,  6.269107e-03],
 [-1.840393e-01,  7.154670e-01,  8.464522e-02],
 [ 7.704631e-02, -4.121119e-02,  1.927501e-02],
 [-9.240854e-03,  6.665994e-02,  4.603091e-02],
 [ 4.075892e-03,  4.289760e-03,  2.727177e-02],
 [ 3.665948e-04, -9.234463e-03,  9.408208e-02],
 [-2.227296e-02,  7.110893e-02,  7.975720e-02],
 [ 2.269727e-01, -5.984911e-01,  1.843387e-01],
 [ 6.615467e-03, -4.933557e-03,  2.663308e-03],
 [ 4.725497e-04, -7.800158e-03,  3.869033e-03],
 [ 3.219608e+00, -4.373249e+00,  3.194113e+00]]
spherical_charges_l2: [[ 4.010689, -3.38361 ,  5.485429,  2.051232, -3.774934],
 [-0.114922,  0.114897, -0.074397,  0.039523,  0.074701],
 [-0.107731,  0.046859, -0.087757,  0.02086 ,  0.041979],
 [ 0.116289,  0.210882,  0.170016, -0.101632,  0.166102],
 [ 0.518376,  0.467624, -0.23276 , -0.188154,  0.279371],
 [ 0.529203,  0.330875, -0.072954, -0.411737,  0.21438 ],
 [ 0.405159,  0.128917,  0.011773,  0.129747,  0.270787],
 [ 0.206438,  0.486243, -0.263266,  0.383007,  0.034404],
 [ 0.336801,  0.54339 , -0.082379,  0.032969,  0.224843],
 [ 0.089661, -0.009251,  0.063122,  0.142846,  0.008093],
 [-0.034425, -0.16602 ,  0.075121,  0.052081,  0.07451 ],
 [-0.116462, -0.125979,  0.052478,  0.016319,  0.087868],
 [ 3.447678,  4.255843, -1.144857, -4.174325, -4.743822]]
energy_short: [-0.980669,  0.286824,  0.275552, -0.498318, -0.314255, -0.352376, -0.565025, -0.537011, -0.54122 , -0.702986,  0.297438,  0.289602, -0.676547]
energy_long: [0.249003, 0.214635, 0.215753, 0.335133, 0.327543, 0.387557, 0.403101, 0.421691, 0.485757, 0.339422, 0.215406, 0.216028, 0.3701  ]