step=2142675, graph_id=0, num_atoms=13
scalar_charges: [ 0.849147, -1.787325, -1.788312,  0.800751,  0.770183,  0.773968,  0.793   ,  0.788974,  0.788846,  0.810534, -1.78844 , -1.786013,  0.823387]
spherical_charges_l0: [[-6.721592e-01],
 [-3.657016e-04],
 [-9.033502e-04],
 [-4.620051e-02],
 [-1.187397e-02],
 [-1.320152e-02],
 [-1.433155e-02],
 [-1.010526e-02],
 [-7.377228e-03],
 [-3.210257e-02],
 [-2.172379e-03],
 [-8.620985e-04],
 [-6.252524e-01]]
spherical_charges_l1: [[ 2.747180e-02,  1.143713e+00,  6.971393e-01],
 [ 3.158783e-03,  4.808486e-03,  4.285862e-03],
 [-5.129168e-04,  7.249214e-03,  3.542430e-03],
 [-5.082013e-02,  1.243725e-01,  7.732852e-03],
 [ 1.960454e-02, -7.205395e-03,  1.024994e-02],
 [ 5.137587e-03,  9.920930e-03,  1.088696e-02],
 [ 3.517243e-03,  1.462282e-03,  1.068530e-02],
 [-3.508190e-03, -1.713186e-03,  2.364652e-02],
 [-1.811808e-03,  1.577950e-02,  2.239571e-02],
 [ 3.350311e-02, -1.003202e-01,  3.151141e-02],
 [ 6.287405e-03, -2.834874e-03,  1.607427e-03],
 [ 1.025551e-03, -6.531334e-03,  3.242429e-03],
 [ 6.644992e-01, -9.047178e-01,  6.785250e-01]]
spherical_charges_l2: [[ 1.085594e+00, -9.201063e-01,  1.467082e+00,  5.635284e-01, -1.024682e+00],
 [-2.658591e-02,  2.142142e-02, -1.550006e-02,  9.717597e-03,  1.362879e-02],
 [-2.539232e-02,  1.473959e-02, -1.846927e-02,  7.944871e-03,  1.040140e-02],
 [ 3.788667e-03,  6.359056e-02,  2.683019e-02, -8.277188e-03,  4.574579e-02],
 [ 1.174075e-01,  1.205816e-01, -7.420366e-02, -3.819917e-02,  6.637595e-02],
 [ 1.421072e-01,  7.242017e-02, -1.682275e-02, -1.202601e-01,  3.655190e-02],
 [ 9.526595e-02,  1.211504e-02,  8.456903e-03,  3.414001e-02,  6.404752e-02],
 [ 4.725117e-02,  1.151746e-01, -7.997916e-02,  9.565017e-02, -3.990471e-03],
 [ 8.071206e-02,  1.310769e-01, -7.926245e-03,  6.231037e-05,  5.008953e-02],
 [ 1.373152e-02, -2.492853e-02,  2.787303e-02,  4.522185e-02,  2.104171e-02],
 [-1.050641e-02, -3.401247e-02,  1.530924e-02,  8.534863e-03,  1.534582e-02],
 [-2.127706e-02, -2.828200e-02,  1.210897e-02,  3.606112e-03,  1.687599e-02],
 [ 9.633391e-01,  1.175702e+00, -3.070439e-01, -1.180472e+00, -1.325534e+00]]
energy_short: [-1.224414,  0.721764,  0.713373, -0.757257, -0.424764, -0.476972, -0.714118, -0.665522, -0.662927, -0.886474,  0.72893 ,  0.723736, -0.979476]
energy_long: [0.229901, 0.230456, 0.230939, 0.336249, 0.309755, 0.389894, 0.380772, 0.429282, 0.460954, 0.334664, 0.233783, 0.233102, 0.36022 ]