step=3756690, graph_id=0, num_atoms=13
scalar_charges: [ 0.777842, -1.526263, -1.526643,  0.709059,  0.685511,  0.688282,  0.705219,  0.701481,  0.701297,  0.719584, -1.528539, -1.527164,  0.74785 ]
spherical_charges_l0: [[-0.505699],
 [-0.000996],
 [-0.00164 ],
 [-0.031772],
 [-0.006248],
 [-0.007135],
 [-0.008529],
 [-0.005549],
 [-0.004091],
 [-0.023556],
 [-0.002664],
 [-0.001552],
 [-0.463251]]
spherical_charges_l1: [[ 1.558311e-02,  8.637420e-01,  5.282932e-01],
 [ 4.333034e-03,  3.392154e-03,  4.002095e-03],
 [-2.016072e-03,  5.998272e-03,  1.998940e-03],
 [-3.703335e-02,  9.371500e-02,  6.716439e-03],
 [ 1.865002e-02, -5.462999e-03,  1.222199e-02],
 [ 6.366467e-03,  8.821257e-03,  1.104735e-02],
 [ 2.883054e-03,  1.438497e-03,  9.132681e-03],
 [-3.226180e-03, -1.409395e-03,  1.986800e-02],
 [-1.020943e-03,  1.311524e-02,  1.951223e-02],
 [ 2.627553e-02, -7.653502e-02,  2.485942e-02],
 [ 6.599477e-03, -2.107047e-03,  1.259284e-03],
 [-1.664646e-04, -6.235726e-03,  3.055403e-03],
 [ 4.978138e-01, -6.762496e-01,  5.152740e-01]]
spherical_charges_l2: [[ 8.304519e-01, -7.129480e-01,  1.151063e+00,  4.687360e-01, -8.006741e-01],
 [-2.049311e-02,  1.814641e-02, -1.173729e-02,  8.478547e-03,  1.124655e-02],
 [-2.145404e-02,  1.145968e-02, -1.494961e-02,  6.928551e-03,  8.480210e-03],
 [-1.049367e-03,  4.839768e-02,  2.107656e-02, -4.465122e-03,  3.622042e-02],
 [ 9.127601e-02,  9.430061e-02, -5.925918e-02, -2.802591e-02,  5.043030e-02],
 [ 1.085301e-01,  5.592377e-02, -1.231862e-02, -9.762970e-02,  3.036467e-02],
 [ 7.287784e-02,  9.784660e-03,  6.313928e-03,  2.632861e-02,  4.880044e-02],
 [ 3.393287e-02,  8.978307e-02, -6.058000e-02,  7.516677e-02, -3.859600e-03],
 [ 6.145285e-02,  1.022867e-01, -7.672917e-03, -1.928578e-03,  3.894348e-02],
 [ 1.019986e-02, -2.077056e-02,  2.362482e-02,  3.439828e-02,  1.610793e-02],
 [-8.760965e-03, -2.734228e-02,  1.233130e-02,  6.198872e-03,  1.193378e-02],
 [-1.724424e-02, -2.268795e-02,  9.745887e-03,  2.324033e-03,  1.313356e-02],
 [ 7.449589e-01,  8.937854e-01, -2.212198e-01, -9.406871e-01, -1.034298e+00]]
energy_short: [-1.325199,  0.810977,  0.805467, -0.731441, -0.398148, -0.448433, -0.682663, -0.635974, -0.634175, -0.850702,  0.818927,  0.8139  , -1.088227]
energy_long: [0.194945, 0.201396, 0.202445, 0.300551, 0.270802, 0.358192, 0.35092 , 0.395482, 0.430973, 0.297386, 0.205169, 0.204394, 0.327693]