step=3087855, graph_id=0, num_atoms=13
scalar_charges: [ 0.80329 , -1.554093, -1.555837,  0.717156,  0.688369,  0.69176 ,  0.712285,  0.70786 ,  0.707747,  0.730405, -1.555747, -1.554887,  0.763842]
spherical_charges_l0: [[-0.507168],
 [-0.000781],
 [-0.001453],
 [-0.032667],
 [-0.007185],
 [-0.007969],
 [-0.009742],
 [-0.00639 ],
 [-0.00481 ],
 [-0.023652],
 [-0.002459],
 [-0.001365],
 [-0.468339]]
spherical_charges_l1: [[ 1.721510e-02,  8.696676e-01,  5.336517e-01],
 [ 4.417551e-03,  3.617649e-03,  4.135271e-03],
 [-1.827120e-03,  6.013463e-03,  2.100697e-03],
 [-3.809141e-02,  9.500408e-02,  6.014811e-03],
 [ 1.818819e-02, -5.466480e-03,  1.177363e-02],
 [ 6.486916e-03,  8.454190e-03,  1.101405e-02],
 [ 2.847707e-03,  1.313886e-03,  8.986445e-03],
 [-3.498707e-03, -1.108095e-03,  2.041601e-02],
 [-9.466816e-04,  1.324097e-02,  2.000602e-02],
 [ 2.597146e-02, -7.719544e-02,  2.421565e-02],
 [ 6.480844e-03, -2.269987e-03,  1.335347e-03],
 [-1.103808e-05, -6.227318e-03,  3.056703e-03],
 [ 5.041885e-01, -6.857504e-01,  5.213337e-01]]
spherical_charges_l2: [[ 8.476099e-01, -7.263379e-01,  1.173537e+00,  4.741733e-01, -8.151657e-01],
 [-2.219926e-02,  1.896237e-02, -1.288003e-02,  8.937876e-03,  1.193407e-02],
 [-2.202532e-02,  1.249075e-02, -1.547841e-02,  7.090070e-03,  9.138430e-03],
 [-1.056846e-03,  4.878429e-02,  2.082146e-02, -4.861234e-03,  3.698232e-02],
 [ 9.176748e-02,  9.645279e-02, -6.054785e-02, -2.826056e-02,  5.080921e-02],
 [ 1.107941e-01,  5.684300e-02, -1.349241e-02, -9.928462e-02,  2.994652e-02],
 [ 7.499534e-02,  9.389395e-03,  6.615689e-03,  2.731152e-02,  5.025743e-02],
 [ 3.486795e-02,  9.196657e-02, -6.217644e-02,  7.701111e-02, -4.633008e-03],
 [ 6.305555e-02,  1.045586e-01, -7.551040e-03, -2.728778e-03,  3.935796e-02],
 [ 9.885220e-03, -2.135011e-02,  2.412184e-02,  3.490996e-02,  1.649789e-02],
 [-9.371983e-03, -2.883844e-02,  1.300845e-02,  6.380106e-03,  1.251954e-02],
 [-1.811587e-02, -2.396618e-02,  1.029277e-02,  2.566142e-03,  1.391505e-02],
 [ 7.633989e-01,  9.174428e-01, -2.290051e-01, -9.584113e-01, -1.058040e+00]]
energy_short: [-1.339582,  0.808337,  0.802832, -0.752669, -0.418616, -0.468965, -0.70342 , -0.656917, -0.65546 , -0.87607 ,  0.815984,  0.811368, -1.097921]
energy_long: [0.205858, 0.210942, 0.211892, 0.312189, 0.283197, 0.365488, 0.356829, 0.40213 , 0.442073, 0.308993, 0.21435 , 0.21377 , 0.338075]