step=2467080, graph_id=0, num_atoms=13
scalar_charges: [ 0.857695, -1.612179, -1.61641 ,  0.76045 ,  0.723637,  0.728156,  0.7536  ,  0.748094,  0.747956,  0.776226, -1.6144  , -1.612396,  0.808568]
spherical_charges_l0: [[-5.895504e-01],
 [-3.426856e-04],
 [-1.005208e-03],
 [-3.892943e-02],
 [-9.344716e-03],
 [-1.007762e-02],
 [-1.103565e-02],
 [-7.672333e-03],
 [-5.835655e-03],
 [-2.828170e-02],
 [-2.375023e-03],
 [-1.105572e-03],
 [-5.410389e-01]]
spherical_charges_l1: [[ 2.741249e-02,  1.005404e+00,  6.187440e-01],
 [ 4.746638e-03,  4.605839e-03,  4.841807e-03],
 [-1.637095e-03,  6.791134e-03,  2.589230e-03],
 [-4.336658e-02,  1.084837e-01,  8.459173e-03],
 [ 1.920774e-02, -6.952470e-03,  1.066736e-02],
 [ 5.654928e-03,  9.859179e-03,  1.121567e-02],
 [ 3.253342e-03,  1.337677e-03,  1.003600e-02],
 [-3.791290e-03, -1.446689e-03,  2.232133e-02],
 [-1.290173e-03,  1.465105e-02,  2.163594e-02],
 [ 3.046450e-02, -8.780703e-02,  2.829398e-02],
 [ 7.027008e-03, -2.335601e-03,  1.386448e-03],
 [ 9.758330e-05, -6.879850e-03,  3.380938e-03],
 [ 5.849670e-01, -7.939510e-01,  5.987659e-01]]
spherical_charges_l2: [[ 0.96789 , -0.838451,  1.339924,  0.541115, -0.936606],
 [-0.024267,  0.019275, -0.014348,  0.009511,  0.012348],
 [-0.02208 ,  0.01413 , -0.015457,  0.007263,  0.010027],
 [ 0.002071,  0.052848,  0.022022, -0.006896,  0.040328],
 [ 0.103123,  0.108632, -0.065842, -0.030546,  0.058059],
 [ 0.12551 ,  0.06331 , -0.012046, -0.111096,  0.032745],
 [ 0.086612,  0.010967,  0.007076,  0.031052,  0.057479],
 [ 0.038962,  0.102535, -0.072369,  0.087151, -0.00423 ],
 [ 0.069966,  0.116638, -0.006276, -0.002507,  0.046206],
 [ 0.010595, -0.022244,  0.024927,  0.038164,  0.018711],
 [-0.010873, -0.030022,  0.013495,  0.006225,  0.013305],
 [-0.017975, -0.025509,  0.011027,  0.002992,  0.01429 ],
 [ 0.872459,  1.049644, -0.262614, -1.098453, -1.213053]]
energy_short: [-1.301388,  0.75684 ,  0.750547, -0.759612, -0.430493, -0.48065 , -0.716447, -0.668451, -0.667244, -0.886049,  0.765241,  0.75981 , -1.05806 ]
energy_long: [0.221084, 0.227774, 0.228406, 0.335161, 0.300381, 0.389686, 0.379143, 0.428621, 0.455832, 0.332439, 0.231101, 0.230531, 0.358346]