step=1846305, graph_id=0, num_atoms=13
scalar_charges: [ 0.982083, -2.020059, -2.022112,  0.917814,  0.883117,  0.888253,  0.913758,  0.908746,  0.908595,  0.933902, -2.014495, -2.015061,  0.945021]
spherical_charges_l0: [[-7.753980e-01],
 [ 7.513205e-05],
 [-6.187686e-04],
 [-4.740619e-02],
 [-1.138602e-02],
 [-1.493113e-02],
 [-1.669567e-02],
 [-1.206249e-02],
 [-8.293484e-03],
 [-3.317789e-02],
 [-2.658106e-03],
 [-1.035743e-03],
 [-7.072265e-01]]
spherical_charges_l1: [[ 3.236308e-02,  1.252707e+00,  7.793767e-01],
 [ 4.422411e-03,  5.816596e-03,  5.332793e-03],
 [-8.902476e-04,  8.368439e-03,  3.760768e-03],
 [-5.640164e-02,  1.402980e-01,  9.576526e-03],
 [ 2.386994e-02, -8.047938e-03,  1.359718e-02],
 [ 6.802932e-03,  1.116303e-02,  1.377187e-02],
 [ 3.806144e-03,  1.679462e-03,  1.200307e-02],
 [-4.295457e-03, -1.394750e-03,  2.773763e-02],
 [-1.761790e-03,  1.772661e-02,  2.681639e-02],
 [ 3.849237e-02, -1.131456e-01,  3.503452e-02],
 [ 7.898093e-03, -3.446265e-03,  1.961623e-03],
 [ 9.896107e-04, -8.321260e-03,  4.118947e-03],
 [ 7.206209e-01, -9.797322e-01,  7.430172e-01]]
spherical_charges_l2: [[ 1.211425, -1.043507,  1.671474,  0.673034, -1.168266],
 [-0.029574,  0.024042, -0.017141,  0.012059,  0.01522 ],
 [-0.027436,  0.015507, -0.019599,  0.00879 ,  0.011592],
 [-0.002851,  0.068349,  0.02904 , -0.009079,  0.054328],
 [ 0.123613,  0.134385, -0.081612, -0.037603,  0.069818],
 [ 0.156176,  0.078208, -0.016882, -0.135695,  0.035614],
 [ 0.106501,  0.00972 ,  0.009209,  0.039465,  0.070386],
 [ 0.048993,  0.125706, -0.092916,  0.106782, -0.007797],
 [ 0.086365,  0.14322 , -0.004014, -0.004599,  0.056351],
 [ 0.010002, -0.031503,  0.034909,  0.047464,  0.024559],
 [-0.01141 , -0.037317,  0.016888,  0.008149,  0.015694],
 [-0.023319, -0.031078,  0.0134  ,  0.002755,  0.017435],
 [ 1.076946,  1.296707, -0.328583, -1.353294, -1.501658]]
energy_short: [-1.185301,  0.670032,  0.662087, -0.701235, -0.395218, -0.444988, -0.676113, -0.631582, -0.630861, -0.843825,  0.678444,  0.672804, -0.930872]
energy_long: [0.213704, 0.215369, 0.215813, 0.31261 , 0.289867, 0.366747, 0.365189, 0.409229, 0.444258, 0.311824, 0.217553, 0.217195, 0.344299]