step=2947680, graph_id=0, num_atoms=13
scalar_charges: [ 0.785482, -1.530959, -1.532501,  0.709812,  0.682915,  0.686154,  0.705391,  0.70128 ,  0.701191,  0.722186, -1.532785, -1.531665,  0.751361]
spherical_charges_l0: [[-0.530743],
 [-0.000699],
 [-0.001424],
 [-0.035115],
 [-0.008971],
 [-0.009218],
 [-0.009542],
 [-0.006904],
 [-0.00547 ],
 [-0.025309],
 [-0.002618],
 [-0.00149 ],
 [-0.490669]]
spherical_charges_l1: [[ 1.943615e-02,  9.073597e-01,  5.570967e-01],
 [ 4.573146e-03,  3.722335e-03,  4.253628e-03],
 [-1.726957e-03,  6.160388e-03,  2.152971e-03],
 [-3.944173e-02,  9.904040e-02,  6.929152e-03],
 [ 1.780040e-02, -5.695641e-03,  1.061201e-02],
 [ 5.876912e-03,  8.850958e-03,  1.057422e-02],
 [ 3.003011e-03,  1.545216e-03,  9.582334e-03],
 [-3.287144e-03, -1.589984e-03,  2.050122e-02],
 [-1.204512e-03,  1.351785e-02,  1.976851e-02],
 [ 2.763209e-02, -8.065576e-02,  2.598643e-02],
 [ 6.799896e-03, -2.240379e-03,  1.331452e-03],
 [-5.726658e-05, -6.413849e-03,  3.146522e-03],
 [ 5.265497e-01, -7.162776e-01,  5.419136e-01]]
spherical_charges_l2: [[ 8.688938e-01, -7.477951e-01,  1.200186e+00,  4.843448e-01, -8.347173e-01],
 [-2.247679e-02,  1.817031e-02, -1.284554e-02,  9.168399e-03,  1.140269e-02],
 [-2.125617e-02,  1.285627e-02, -1.485220e-02,  7.041119e-03,  9.186263e-03],
 [ 7.466230e-04,  5.075380e-02,  2.145797e-02, -5.572950e-03,  3.820077e-02],
 [ 9.454554e-02,  9.856098e-02, -6.268793e-02, -2.905584e-02,  5.277187e-02],
 [ 1.136966e-01,  5.840375e-02, -1.362804e-02, -1.024621e-01,  3.090049e-02],
 [ 7.773852e-02,  9.880828e-03,  6.727023e-03,  2.778659e-02,  5.151955e-02],
 [ 3.503647e-02,  9.427168e-02, -6.404124e-02,  7.939304e-02, -4.927833e-03],
 [ 6.436970e-02,  1.073964e-01, -7.593278e-03, -3.104804e-03,  4.054348e-02],
 [ 1.087936e-02, -2.172863e-02,  2.401107e-02,  3.616037e-02,  1.777683e-02],
 [-1.030480e-02, -2.847780e-02,  1.281798e-02,  5.678400e-03,  1.241392e-02],
 [-1.711579e-02, -2.412767e-02,  1.043796e-02,  2.589268e-03,  1.336833e-02],
 [ 7.803863e-01,  9.393091e-01, -2.340955e-01, -9.835111e-01, -1.083767e+00]]
energy_short: [-1.322755,  0.799666,  0.794123, -0.755918, -0.424043, -0.474341, -0.709506, -0.662416, -0.660802, -0.879914,  0.806919,  0.802416, -1.084469]
energy_long: [0.208289, 0.217785, 0.218406, 0.317735, 0.288588, 0.374858, 0.361967, 0.413362, 0.442125, 0.315017, 0.2212  , 0.22049 , 0.344683]