step=2659320, graph_id=0, num_atoms=13
scalar_charges: [ 0.815581, -1.615548, -1.619062,  0.740551,  0.712849,  0.71606 ,  0.734963,  0.730857,  0.730786,  0.752559, -1.617152, -1.616066,  0.779505]
spherical_charges_l0: [[-0.565267],
 [-0.000594],
 [-0.001342],
 [-0.036324],
 [-0.008498],
 [-0.009262],
 [-0.010619],
 [-0.007205],
 [-0.005353],
 [-0.025186],
 [-0.002357],
 [-0.001188],
 [-0.52222 ]]
spherical_charges_l1: [[ 2.212435e-02,  9.515074e-01,  5.843627e-01],
 [ 4.777108e-03,  4.048580e-03,  4.588128e-03],
 [-1.997048e-03,  6.560710e-03,  2.322007e-03],
 [-4.099901e-02,  1.005808e-01,  5.481503e-03],
 [ 1.844168e-02, -6.178338e-03,  1.138308e-02],
 [ 6.285168e-03,  9.083767e-03,  1.163059e-02],
 [ 3.044087e-03,  1.516228e-03,  9.875639e-03],
 [-3.469449e-03, -1.078133e-03,  2.175914e-02],
 [-1.228307e-03,  1.399439e-02,  2.093787e-02],
 [ 2.711292e-02, -8.099725e-02,  2.459391e-02],
 [ 6.901231e-03, -2.335006e-03,  1.381839e-03],
 [-7.784388e-05, -6.732051e-03,  3.302427e-03],
 [ 5.500572e-01, -7.482415e-01,  5.676183e-01]]
spherical_charges_l2: [[ 9.147026e-01, -7.989919e-01,  1.291041e+00,  5.322316e-01, -9.025841e-01],
 [-2.385037e-02,  1.982935e-02, -1.344143e-02,  9.944616e-03,  1.226480e-02],
 [-2.248931e-02,  1.317364e-02, -1.545286e-02,  7.695414e-03,  9.328592e-03],
 [-4.662977e-03,  5.337182e-02,  2.107022e-02, -3.894647e-03,  3.886544e-02],
 [ 1.019278e-01,  1.028408e-01, -6.318478e-02, -3.263505e-02,  5.661032e-02],
 [ 1.185329e-01,  6.188859e-02, -1.383160e-02, -1.024669e-01,  3.203387e-02],
 [ 7.859708e-02,  1.129130e-02,  6.786644e-03,  2.820165e-02,  5.293354e-02],
 [ 3.816870e-02,  9.677532e-02, -6.584421e-02,  8.003324e-02, -3.545399e-03],
 [ 6.695152e-02,  1.103763e-01, -7.611743e-03, -6.983271e-04,  4.235194e-02],
 [ 7.298427e-03, -2.754215e-02,  2.678139e-02,  3.509342e-02,  1.671376e-02],
 [-1.020963e-02, -2.992826e-02,  1.351503e-02,  5.937226e-03,  1.266050e-02],
 [-1.827958e-02, -2.542744e-02,  1.101786e-02,  2.230091e-03,  1.378249e-02],
 [ 8.282121e-01,  9.881105e-01, -2.421301e-01, -1.064474e+00, -1.168206e+00]]
energy_short: [-1.298552,  0.768906,  0.762895, -0.763201, -0.421899, -0.473094, -0.70918 , -0.661101, -0.659107, -0.888252,  0.776979,  0.7718  , -1.060533]
energy_long: [0.212088, 0.221016, 0.221684, 0.323894, 0.295966, 0.380171, 0.368839, 0.417949, 0.450673, 0.321005, 0.224508, 0.223833, 0.350959]