step=748935, graph_id=0, num_atoms=13
scalar_charges: [ 1.577118, -4.016448, -3.990213,  1.550901,  1.54403 ,  1.546666,  1.561456,  1.560531,  1.561121,  1.568123, -4.03491 , -4.020338,  1.561694]
spherical_charges_l0: [[-2.340081e+00],
 [ 4.278431e-03],
 [ 1.996333e-03],
 [-1.441648e-01],
 [-4.206119e-02],
 [-5.925507e-02],
 [-3.789932e-02],
 [-3.982585e-02],
 [-2.585276e-02],
 [-1.145363e-01],
 [-5.692172e-03],
 [-1.341944e-03],
 [-2.209509e+00]]
spherical_charges_l1: [[ 1.226545e-01,  4.084191e+00,  2.485796e+00],
 [ 3.802433e-03,  5.387713e-03,  6.773413e-03],
 [ 6.026569e-03,  1.225597e-02,  1.033195e-02],
 [-1.644058e-01,  4.848053e-01,  4.538750e-02],
 [ 5.096542e-02, -3.068969e-02,  3.245289e-03],
 [-1.119961e-02,  4.410291e-02,  2.380756e-02],
 [ 6.517222e-03,  3.069940e-03,  2.521749e-02],
 [-5.176841e-04, -8.907747e-03,  6.248971e-02],
 [-1.534513e-02,  4.773853e-02,  5.325167e-02],
 [ 1.392254e-01, -4.055407e-01,  1.293042e-01],
 [ 8.716061e-03, -1.131279e-02,  5.859014e-03],
 [ 7.565037e-03, -1.269310e-02,  6.501065e-03],
 [ 2.374933e+00, -3.222342e+00,  2.387359e+00]]
spherical_charges_l2: [[ 3.42861 , -2.731759,  4.396171,  1.535657, -2.951191],
 [-0.078998,  0.074554, -0.047162,  0.030572,  0.050334],
 [-0.074297,  0.034777, -0.06029 ,  0.017595,  0.030566],
 [ 0.057466,  0.159505,  0.100193, -0.069941,  0.125017],
 [ 0.331746,  0.36017 , -0.18877 , -0.099317,  0.184694],
 [ 0.410772,  0.221867, -0.057457, -0.347546,  0.108614],
 [ 0.293231,  0.049661,  0.014463,  0.104528,  0.193906],
 [ 0.136915,  0.340361, -0.233328,  0.283896, -0.015548],
 [ 0.232824,  0.383705, -0.017075, -0.015237,  0.156586],
 [ 0.046883, -0.037908,  0.061935,  0.1126  ,  0.027432],
 [-0.027355, -0.117529,  0.05354 ,  0.028893,  0.047358],
 [-0.078751, -0.089751,  0.037995,  0.006935,  0.056014],
 [ 2.894942,  3.627427, -1.015331, -3.314918, -3.864831]]
energy_short: [-1.004195,  0.330221,  0.31989 , -0.517338, -0.317769, -0.353499, -0.566874, -0.537578, -0.544706, -0.717817,  0.340683,  0.333499, -0.703667]
energy_long: [0.24074 , 0.230537, 0.231556, 0.339761, 0.313431, 0.39692 , 0.407762, 0.453377, 0.482879, 0.34183 , 0.231804, 0.232177, 0.374416]