step=692865, graph_id=0, num_atoms=13
scalar_charges: [ 1.580735, -4.284305, -4.256416,  1.569986,  1.571377,  1.572911,  1.581495,  1.581808,  1.582183,  1.582747, -4.302769, -4.289272,  1.570936]
spherical_charges_l0: [[-2.544165],
 [-0.005897],
 [-0.006044],
 [-0.168955],
 [-0.064303],
 [-0.057854],
 [-0.021487],
 [-0.029338],
 [-0.022925],
 [-0.13668 ],
 [-0.015547],
 [-0.010663],
 [-2.41577 ]]
spherical_charges_l1: [[ 9.441745e-02,  4.475611e+00,  2.673273e+00],
 [ 1.140731e-02,  3.829638e-03,  9.957287e-03],
 [-1.288082e-03,  1.587387e-02,  8.214420e-03],
 [-1.673514e-01,  5.452896e-01,  6.279213e-02],
 [ 4.179389e-02, -3.380453e-02, -1.069717e-02],
 [-1.534719e-02,  4.958104e-02,  2.197061e-02],
 [ 4.758638e-03,  3.641903e-03,  2.418846e-02],
 [ 9.197309e-04, -1.097143e-02,  6.383274e-02],
 [-1.729767e-02,  5.013431e-02,  4.985079e-02],
 [ 1.632168e-01, -4.427332e-01,  1.493881e-01],
 [ 1.845548e-02, -8.952963e-03,  5.032686e-03],
 [ 5.372671e-04, -1.820079e-02,  8.966798e-03],
 [ 2.606464e+00, -3.563690e+00,  2.618110e+00]]
spherical_charges_l2: [[ 3.514615e+00, -2.898359e+00,  4.785521e+00,  1.822634e+00, -3.274324e+00],
 [-1.096041e-01,  1.080465e-01, -5.617195e-02,  5.075191e-02,  6.753440e-02],
 [-1.094988e-01,  4.219137e-02, -7.913193e-02,  3.330829e-02,  3.471394e-02],
 [ 4.786112e-02,  2.056432e-01,  1.330643e-01, -4.614593e-02,  1.353811e-01],
 [ 4.038025e-01,  4.000970e-01, -2.105940e-01, -1.228856e-01,  2.183178e-01],
 [ 4.342677e-01,  2.303456e-01, -5.002282e-02, -3.599543e-01,  1.427559e-01],
 [ 3.026273e-01,  6.606685e-02,  1.475905e-02,  1.018102e-01,  1.966468e-01],
 [ 1.486258e-01,  3.556581e-01, -2.313503e-01,  3.056023e-01,  1.294646e-03],
 [ 2.555667e-01,  4.099228e-01, -3.309608e-02, -3.462614e-03,  1.763616e-01],
 [ 5.078442e-02, -8.683567e-02,  9.382841e-02,  9.835653e-02,  2.036712e-02],
 [-3.298146e-02, -1.667019e-01,  7.719582e-02,  2.858026e-02,  5.276931e-02],
 [-1.153149e-01, -1.257800e-01,  5.382965e-02, -3.470423e-03,  6.958019e-02],
 [ 3.113090e+00,  3.797936e+00, -1.011431e+00, -3.782557e+00, -4.295341e+00]]
energy_short: [-0.996647,  0.307779,  0.297882, -0.552692, -0.342531, -0.378433, -0.590147, -0.563789, -0.571681, -0.755544,  0.317368,  0.31076 , -0.694806]
energy_long: [0.23428 , 0.225022, 0.226069, 0.34613 , 0.323648, 0.397205, 0.397546, 0.448517, 0.479311, 0.346695, 0.226709, 0.226931, 0.352485]