step=3892040, graph_id=0, num_atoms=13
scalar_charges: [0.531961, 0.353181, 0.357661, 0.631776, 0.59342 , 0.680042, 0.441168, 0.596002, 0.505523, 0.560936, 0.353736, 0.357826, 0.478391]
spherical_charges_l0: [[ 3.044219e-03],
 [-1.996683e-04],
 [-1.731174e-03],
 [-3.252084e-03],
 [-2.814939e-02],
 [-5.061741e-01],
 [-1.301139e-03],
 [-4.878376e-01],
 [-8.782431e-03],
 [ 1.073496e-02],
 [-8.988425e-04],
 [-1.042483e-03],
 [ 6.205470e-03]]
spherical_charges_l1: [[ 6.616806e-03, -1.084688e-02,  6.001453e-03],
 [-3.291921e-04, -2.066378e-03, -2.062490e-03],
 [-1.950220e-03, -8.692704e-05, -1.652666e-03],
 [-1.886309e-03, -1.474800e-02,  1.512370e-02],
 [ 1.610944e-02, -3.203287e-02,  3.938009e-02],
 [ 3.439072e-01, -1.019915e+00, -1.129295e-01],
 [ 4.448299e-03, -1.424060e-02,  5.983369e-04],
 [-4.241260e-01,  6.862341e-01,  1.756669e-01],
 [-5.200508e-03,  5.624499e-03, -3.852288e-03],
 [-9.302736e-04,  1.760841e-02, -7.960179e-04],
 [-1.282434e-03,  2.167183e-04, -5.862076e-04],
 [-9.904974e-04,  1.886098e-03, -1.326654e-03],
 [-8.346660e-03,  9.872248e-03, -5.605070e-03]]
spherical_charges_l2: [[-2.975328e-02, -1.775487e-02, -2.999895e-02, -2.332401e-02, -2.560888e-03],
 [-1.150645e-02, -1.837759e-03, -5.928323e-03,  8.066139e-03, -9.934469e-04],
 [-2.215175e-03,  7.583991e-03,  2.273250e-03,  4.717492e-03,  3.064918e-03],
 [-6.457139e-02,  2.365604e-02, -1.846849e-01, -4.541001e-02,  7.723914e-02],
 [-8.922435e-03, -1.846142e-01, -3.327136e-01, -2.412556e-01,  7.737064e-02],
 [-1.171609e-01,  1.137844e+00,  3.539753e+00,  2.200392e+00, -1.165795e+00],
 [ 3.193944e-02, -6.505453e-03, -5.687506e-02, -1.279728e-02, -1.285008e-02],
 [ 8.485573e-01,  1.257459e+00, -1.320741e+00, -1.072164e+00, -2.867122e+00],
 [-1.182005e-01, -1.487414e-01,  1.434369e-01,  1.239964e-01,  2.939113e-01],
 [-2.082257e-02, -3.269327e-03, -5.157478e-05,  2.691385e-02,  4.047069e-02],
 [-5.671610e-03,  4.674635e-03, -2.324059e-03, -2.671332e-03,  9.356416e-04],
 [ 7.227061e-03, -3.969684e-03,  2.587087e-03,  3.235205e-03, -6.279637e-04],
 [-2.066869e-02, -1.644628e-02,  1.090537e-02, -1.086041e-02,  1.433820e-02]]
energy_short: [-0.099519, -0.374956, -0.387576,  0.235222,  0.434623,  0.387198,  0.293484,  0.238404,  0.260802,  0.106922, -0.365611, -0.374733,  0.1738  ]
energy_long: [-0.048539, -0.029166, -0.029747, -0.029423, -0.012506, -0.027332, -0.026474, -0.007462, -0.018142, -0.031258, -0.02799 , -0.028998, -0.038882]