step=1568018, graph_id=0, num_atoms=13
scalar_charges: [ 1.122216, -1.077733, -1.082152,  1.106765,  1.036076,  1.113024,  0.594705,  1.046634,  0.959886,  1.103396, -1.076778, -1.081538,  1.049133]
spherical_charges_l0: [[ 1.031096e-02],
 [-2.797245e-04],
 [-4.918433e-04],
 [ 1.525127e-03],
 [-1.681197e-02],
 [-9.746943e-01],
 [-1.697589e-02],
 [-9.003064e-01],
 [ 7.103726e-03],
 [ 3.244196e-02],
 [-2.613729e-04],
 [-2.555157e-04],
 [ 1.619778e-02]]
spherical_charges_l1: [[-6.865219e-04,  7.418547e-03,  2.484729e-02],
 [ 5.552415e-05, -3.350537e-04, -7.590303e-05],
 [-2.486909e-04, -3.432939e-04, -1.976411e-04],
 [-2.005993e-02, -4.017443e-02, -1.118216e-02],
 [-1.051814e-04, -6.179417e-02,  7.924858e-02],
 [ 5.323378e-01, -1.514149e+00, -4.327329e-02],
 [ 1.903038e-02, -4.436537e-02,  1.489267e-02],
 [-6.089581e-01,  1.087852e+00,  3.282464e-01],
 [ 1.602147e-02, -8.758741e-03,  2.248218e-02],
 [ 3.251763e-04,  1.369462e-02,  2.037399e-03],
 [-7.555741e-05,  1.177549e-04, -3.373664e-05],
 [-1.101961e-04,  1.309508e-04, -5.319378e-05],
 [ 3.305449e-03, -3.645728e-03,  4.062586e-03]]
spherical_charges_l2: [[-3.557468e-02, -2.902848e-02,  4.975334e-03, -3.035963e-02, -2.636865e-02],
 [-5.940926e-04, -2.979736e-04, -5.009843e-04,  1.562154e-04, -1.376869e-05],
 [ 2.814654e-04,  8.664970e-04,  4.228361e-04,  1.020916e-04,  4.244597e-04],
 [-2.023924e-02, -2.914755e-02, -1.794038e-01, -8.598376e-02,  5.309863e-02],
 [-6.890695e-03, -1.009502e-01, -1.178128e-01, -1.048044e-01,  7.107682e-02],
 [-2.849798e-01,  1.203006e+00,  3.694382e+00,  2.441511e+00, -1.273261e+00],
 [ 1.961503e-02,  3.425206e-03, -3.394727e-02,  9.119094e-03,  5.434370e-03],
 [ 8.594138e-01,  1.288453e+00, -1.371533e+00, -1.203325e+00, -3.124157e+00],
 [-4.915889e-02, -7.258547e-02,  8.360560e-02,  5.846836e-02,  1.828400e-01],
 [-2.690309e-02, -5.507575e-03, -2.473406e-03,  8.085677e-02,  7.296805e-02],
 [-2.813851e-04,  8.657917e-05, -4.492599e-05, -2.409606e-04, -6.021521e-05],
 [ 3.673845e-04, -2.729382e-04,  1.527514e-04,  1.402127e-04, -1.066465e-04],
 [-1.633712e-02, -2.350736e-02,  3.076179e-03, -2.021888e-02, -1.885581e-02]]
energy_short: [ 0.221787, -0.95696 , -0.965722,  0.430738,  0.562567,  0.495356,  0.499489,  0.368786,  0.394395,  0.242243, -0.948737, -0.956495,  0.54891 ]
energy_long: [0.006299, 0.013557, 0.015988, 0.030777, 0.043805, 0.004509, 0.015153, 0.006364, 0.035342, 0.025174, 0.017477, 0.017391, 0.008516]