step=808011, graph_id=0, num_atoms=13
scalar_charges: [ 1.288518, -1.197055, -1.142912,  1.282138,  1.261348,  1.285588,  1.063961,  1.285494,  1.24577 ,  1.289116, -1.223933, -1.139154,  1.23399 ]
spherical_charges_l0: [[ 5.053693e-02],
 [-2.451807e-04],
 [-5.250017e-04],
 [-1.258998e-03],
 [-4.769439e-02],
 [-2.944165e+00],
 [-7.032399e-02],
 [-2.594806e+00],
 [ 3.008040e-02],
 [ 6.611879e-02],
 [-7.625105e-04],
 [-5.945171e-04],
 [ 7.242931e-02]]
spherical_charges_l1: [[-4.992250e-02,  8.129792e-02,  3.639217e-02],
 [-5.139002e-04,  1.415489e-04, -1.780436e-05],
 [ 7.094324e-04, -6.590828e-04,  9.518878e-05],
 [-6.859715e-02, -1.100961e-01, -2.478193e-02],
 [-5.611165e-02, -1.080259e-01,  1.174645e-01],
 [ 9.227134e-01, -2.427899e+00, -1.022658e-01],
 [ 4.782661e-02, -6.767250e-02,  4.125801e-02],
 [-9.547029e-01,  1.695168e+00,  4.051383e-01],
 [ 5.889455e-02, -6.113522e-02,  5.107082e-02],
 [-3.815146e-03,  2.013280e-02,  9.560216e-03],
 [ 3.273796e-04,  6.272850e-05, -1.153832e-05],
 [-3.877946e-04, -1.323208e-04,  4.028861e-05],
 [ 1.556257e-02, -4.318590e-02,  2.871836e-02]]
spherical_charges_l2: [[-6.707420e-02, -1.278568e-01,  3.013247e-02, -2.777789e-02, -3.885121e-02],
 [-1.270920e-03, -1.232791e-03, -3.922877e-04,  3.158637e-04, -5.626359e-04],
 [-5.958838e-05,  5.720940e-04, -4.745298e-05,  1.845635e-04,  7.635104e-05],
 [-2.448149e-02, -3.256257e-02, -2.575405e-01, -1.407008e-01, -6.867663e-02],
 [ 3.124914e-02, -1.271878e-01, -1.308218e-01, -1.861399e-01,  7.038231e-02],
 [-4.088619e-01,  1.576603e+00,  5.130071e+00,  3.329752e+00, -1.900909e+00],
 [ 4.671133e-02,  1.613909e-02, -5.881945e-02, -9.667667e-05, -2.009742e-02],
 [ 1.074586e+00,  1.692557e+00, -1.885536e+00, -1.917472e+00, -4.360859e+00],
 [-3.091095e-02, -8.941648e-02,  7.763859e-02,  1.101918e-01,  1.510229e-01],
 [-3.641503e-02, -5.041041e-02, -3.906773e-02,  1.007187e-01,  3.665124e-02],
 [-1.225451e-03, -1.024581e-03,  5.410585e-04, -6.413935e-04,  1.226212e-04],
 [ 1.708970e-04, -1.179902e-03,  5.816176e-04, -4.227290e-04, -1.436257e-04],
 [-1.417325e-02, -4.965106e-03, -8.564500e-03, -1.084502e-02, -3.875112e-02]]
energy_short: [ 0.012642, -0.174923, -0.194157,  0.21828 ,  0.400657,  0.315752,  0.313827,  0.194202,  0.223895,  0.036571, -0.163308, -0.179528,  0.33889 ]
energy_long: [-0.017215, -0.313535, -0.313555,  0.019609,  0.032553, -0.030031, -0.002188, -0.015955,  0.022698,  0.014809, -0.313499, -0.313497, -0.011599]