step=448007, graph_id=0, num_atoms=13
scalar_charges: [ 0.868334, -1.638099, -1.578414,  0.879045,  0.956792,  0.900492,  0.924691,  0.933586,  0.960019,  0.864211, -1.671873, -1.567837,  0.940214]
spherical_charges_l0: [[ 9.145889e-02],
 [-3.077948e-03],
 [-3.077964e-03],
 [-1.325525e-03],
 [-1.180727e-01],
 [-4.917469e+00],
 [-1.124216e-01],
 [-4.172002e+00],
 [ 3.510795e-03],
 [ 6.928550e-02],
 [-3.747431e-03],
 [-4.123420e-03],
 [ 1.287743e-01]]
spherical_charges_l1: [[-4.871700e-02,  6.875709e-02,  4.820675e-02],
 [-1.047397e-03, -1.510225e-03, -1.030310e-03],
 [ 1.705366e-03, -2.795507e-03, -7.479705e-04],
 [-1.109197e-01, -3.035328e-01, -1.856150e-01],
 [-6.637127e-02, -1.188828e-01,  1.316513e-01],
 [ 9.229202e-01, -2.632135e+00, -2.558291e-02],
 [ 3.168850e-02, -5.461068e-02,  3.246076e-02],
 [-9.602349e-01,  1.896044e+00,  4.334385e-01],
 [ 7.404877e-02,  1.192556e-02,  3.962627e-02],
 [-8.928966e-02,  9.485711e-02, -3.841699e-02],
 [-2.735525e-03,  2.245407e-03, -1.202037e-03],
 [-1.286537e-03,  4.228753e-03, -2.157231e-03],
 [ 2.910888e-02, -4.035712e-02,  4.086319e-02]]
spherical_charges_l2: [[-7.505687e-02, -3.465160e-02, -4.243398e-02, -1.524972e-02,  5.020143e-02],
 [ 1.322794e-03, -1.822256e-03, -3.267078e-03, -2.562635e-03,  1.259122e-03],
 [-1.149665e-04, -6.826645e-05, -1.460407e-03, -1.286807e-03,  2.716026e-03],
 [-1.027748e-02, -7.029458e-02, -2.588287e-01, -1.100056e-01, -1.251437e-02],
 [ 1.277001e-01, -1.816525e-01, -7.856807e-02, -2.054380e-01,  7.713686e-02],
 [-2.274737e-02,  2.244982e+00,  6.093779e+00,  4.060091e+00, -1.998777e+00],
 [ 3.413667e-03,  4.138529e-02, -5.704934e-02,  3.163029e-02,  2.888359e-03],
 [ 1.450320e+00,  2.300198e+00, -2.150791e+00, -2.254414e+00, -5.445824e+00],
 [ 2.515267e-02, -3.603763e-02,  6.020000e-02,  4.360057e-02,  1.197653e-01],
 [-3.060737e-02, -1.493869e-02, -5.475116e-02,  1.463455e-01,  6.309206e-02],
 [-2.176246e-03,  2.310644e-03, -2.012897e-03,  1.809041e-03,  3.224032e-03],
 [ 7.984419e-04,  2.346286e-03, -7.854849e-04,  4.215370e-03,  2.740897e-03],
 [-5.137342e-02, -7.078287e-02,  2.051533e-02,  5.571317e-02,  3.251846e-02]]
energy_short: [-0.108666,  0.11848 ,  0.104101,  0.119938,  0.249618,  0.16974 ,  0.180499,  0.041661,  0.076831, -0.084023,  0.126623,  0.113854,  0.243028]
energy_long: [-0.031032, -0.298911, -0.298949,  0.013157,  0.032208, -0.036424, -0.015492, -0.030327,  0.015284,  0.012224, -0.298878, -0.298889, -0.019951]