step=948012, graph_id=0, num_atoms=13
scalar_charges: [ 1.37962 , -1.076667, -1.046624,  1.368881,  1.341763,  1.406405,  1.05788 ,  1.382479,  1.313511,  1.376992, -1.092821, -1.046309,  1.248072]
spherical_charges_l0: [[ 1.487877e-02],
 [-7.156294e-05],
 [-3.894375e-04],
 [ 4.325527e-02],
 [-5.072889e-02],
 [-2.545940e+00],
 [-5.520874e-02],
 [-2.416585e+00],
 [ 1.712584e-02],
 [ 8.851317e-02],
 [-9.984555e-05],
 [-5.913040e-06],
 [ 3.575749e-02]]
spherical_charges_l1: [[-2.499087e-02,  3.271354e-02,  2.419132e-02],
 [ 2.530108e-05, -1.677246e-04, -2.908033e-04],
 [-2.150795e-04, -2.928645e-04, -2.869847e-04],
 [-5.615426e-02, -1.780154e-01, -4.842782e-02],
 [-6.184786e-02, -9.485397e-02,  1.053188e-01],
 [ 7.871268e-01, -2.386757e+00, -1.117152e-01],
 [ 3.314664e-02, -6.531460e-02,  2.925278e-02],
 [-8.942935e-01,  1.747561e+00,  5.679892e-01],
 [ 4.859005e-02, -3.631252e-02, -1.077548e-02],
 [-3.058871e-02,  5.750538e-02, -8.314861e-03],
 [-3.148325e-04,  5.454943e-04, -3.528031e-04],
 [-6.866486e-04,  3.373718e-04, -2.435975e-04],
 [ 4.370072e-03, -8.395311e-03,  2.357509e-02]]
spherical_charges_l2: [[-7.013936e-02, -1.572774e-01,  1.577190e-02, -4.061322e-02, -4.263887e-02],
 [-4.968088e-04, -2.970328e-04,  5.091959e-04,  8.102236e-04, -1.109177e-03],
 [-6.257307e-04,  8.782883e-04,  1.388225e-03,  1.414827e-03, -4.724904e-04],
 [-6.641841e-02, -3.823108e-02, -2.856008e-01, -5.321443e-02,  6.512323e-02],
 [ 2.165238e-02, -1.328199e-01, -1.462805e-01, -1.649898e-01,  1.045617e-01],
 [-4.465598e-01,  1.554231e+00,  5.551742e+00,  3.573753e+00, -2.021385e+00],
 [ 3.624440e-02,  9.321161e-03, -6.455415e-02,  1.383391e-03, -1.334406e-03],
 [ 1.230513e+00,  1.706837e+00, -2.311292e+00, -2.029998e+00, -4.791524e+00],
 [-4.979135e-02, -9.826740e-02,  9.341356e-02,  1.328411e-01,  2.043096e-01],
 [-4.939244e-02, -6.528573e-02,  7.934336e-03,  1.367257e-01,  1.107284e-01],
 [-5.650525e-04, -3.935027e-04, -5.419091e-05, -5.217253e-04, -2.753042e-04],
 [-9.185023e-06, -9.567207e-04,  6.249943e-04, -6.673653e-04, -7.115787e-04],
 [-1.709497e-02,  2.909288e-03, -7.321731e-03, -2.111443e-02, -2.925820e-02]]
energy_short: [ 0.109926, -0.221217, -0.238914,  0.246626,  0.436403,  0.358878,  0.365416,  0.239272,  0.267381,  0.065038, -0.21091 , -0.224588,  0.433734]
energy_long: [-0.03947 , -0.312581, -0.312583, -0.006755,  0.007871, -0.052449, -0.03185 , -0.044095, -0.004864, -0.011938, -0.312588, -0.312583, -0.035058]