step=3204035, graph_id=0, num_atoms=13
scalar_charges: [0.470149, 0.30399 , 0.307463, 0.56669 , 0.533352, 0.612239, 0.39653 , 0.533192, 0.456021, 0.501445, 0.303744, 0.307214, 0.419615]
spherical_charges_l0: [[-1.620773e-03],
 [-4.487886e-05],
 [-1.339023e-03],
 [-4.653366e-03],
 [-2.551026e-02],
 [-4.824500e-01],
 [-1.472293e-03],
 [-4.623836e-01],
 [-6.849262e-03],
 [ 9.245073e-03],
 [-7.132311e-04],
 [-8.076341e-04],
 [ 4.043270e-03]]
spherical_charges_l1: [[ 7.729858e-03, -1.182809e-02,  8.000352e-03],
 [-9.657918e-05, -1.575618e-03, -1.593493e-03],
 [-1.772093e-03,  2.970261e-04, -1.410817e-03],
 [ 2.562965e-03, -6.801193e-03,  1.422504e-02],
 [ 1.169545e-02, -2.730832e-02,  4.700713e-02],
 [ 3.138666e-01, -9.663530e-01, -1.198381e-01],
 [ 4.636417e-03, -1.581437e-02,  4.866045e-04],
 [-4.009528e-01,  6.655115e-01,  1.868206e-01],
 [-1.951276e-03,  2.120662e-03, -3.911909e-03],
 [-5.157751e-04,  1.489956e-02, -2.642112e-03],
 [-1.033093e-03, -1.900801e-04, -4.445529e-04],
 [-4.935141e-04,  1.514805e-03, -1.189909e-03],
 [-5.534011e-03,  5.918922e-03, -3.454443e-03]]
spherical_charges_l2: [[-2.512917e-02, -1.769595e-02, -3.120083e-02, -3.159932e-02, -2.162182e-03],
 [-1.096954e-02, -1.348107e-03, -5.561558e-03,  7.564133e-03, -4.758440e-04],
 [-1.948494e-03,  7.305462e-03,  2.192189e-03,  4.319706e-03,  3.054161e-03],
 [-5.301837e-02,  1.768983e-03, -1.736612e-01, -5.096193e-02,  5.601936e-02],
 [ 4.530227e-03, -1.644666e-01, -2.695414e-01, -2.069068e-01,  7.726297e-02],
 [-1.363184e-01,  1.057637e+00,  3.224246e+00,  2.010806e+00, -1.054078e+00],
 [ 2.517755e-02, -5.497545e-03, -5.743367e-02, -1.106434e-02, -1.307263e-02],
 [ 7.813618e-01,  1.131352e+00, -1.190778e+00, -9.939733e-01, -2.639940e+00],
 [-9.815641e-02, -1.347141e-01,  1.243109e-01,  1.124667e-01,  2.774600e-01],
 [-1.805107e-02,  1.405629e-04, -1.697385e-03,  2.510984e-02,  3.603519e-02],
 [-5.473868e-03,  4.200193e-03, -1.967980e-03, -2.299245e-03,  1.281061e-03],
 [ 7.056490e-03, -3.784016e-03,  2.519337e-03,  3.151357e-03, -3.062810e-04],
 [-1.965687e-02, -9.155583e-03,  7.407049e-03, -5.887828e-03,  1.728400e-02]]
energy_short: [-0.107379, -0.381372, -0.393182,  0.227108,  0.431138,  0.382311,  0.28692 ,  0.234532,  0.255012,  0.099147, -0.371986, -0.380335,  0.165609]
energy_long: [-0.043102, -0.025105, -0.025284, -0.023141, -0.007373, -0.017252, -0.021119,  0.000866, -0.01198 , -0.025036, -0.023358, -0.024315, -0.033694]