step=3712038, graph_id=0, num_atoms=13
scalar_charges: [0.511616, 0.34335 , 0.347348, 0.598625, 0.563482, 0.646579, 0.421605, 0.566914, 0.481289, 0.533097, 0.342831, 0.346845, 0.457543]
spherical_charges_l0: [[ 2.889168e-03],
 [-5.050661e-05],
 [-1.538359e-03],
 [-3.071938e-03],
 [-2.713208e-02],
 [-4.860063e-01],
 [-1.394903e-03],
 [-4.680351e-01],
 [-8.492773e-03],
 [ 1.002556e-02],
 [-7.878321e-04],
 [-9.005042e-04],
 [ 6.160239e-03]]
spherical_charges_l1: [[ 6.189859e-03, -1.116699e-02,  4.894651e-03],
 [-2.806776e-04, -2.266545e-03, -2.134513e-03],
 [-2.291590e-03, -9.373996e-05, -1.868629e-03],
 [-1.428424e-03, -1.064631e-02,  1.503369e-02],
 [ 1.324642e-02, -2.771061e-02,  3.976270e-02],
 [ 3.280399e-01, -9.828825e-01, -1.141154e-01],
 [ 3.999905e-03, -1.319881e-02,  7.202084e-04],
 [-4.097177e-01,  6.689649e-01,  1.723875e-01],
 [-4.169217e-03,  4.745866e-03, -3.201882e-03],
 [ 3.432023e-04,  1.530636e-02, -3.154583e-04],
 [-1.257938e-03,  2.368960e-04, -5.943268e-04],
 [-1.049530e-03,  1.947068e-03, -1.352049e-03],
 [-8.318046e-03,  9.349653e-03, -6.025600e-03]]
spherical_charges_l2: [[-2.970127e-02, -1.780227e-02, -3.148239e-02, -2.372300e-02, -1.289370e-03],
 [-1.232699e-02, -1.282494e-03, -6.375019e-03,  8.405965e-03, -6.065951e-04],
 [-2.889484e-03,  8.064453e-03,  1.785821e-03,  4.939911e-03,  3.427458e-03],
 [-6.502850e-02,  2.191539e-02, -1.877320e-01, -4.465743e-02,  7.550735e-02],
 [-8.378173e-03, -1.722109e-01, -3.102424e-01, -2.241208e-01,  7.636307e-02],
 [-1.121179e-01,  1.096388e+00,  3.370615e+00,  2.099312e+00, -1.100667e+00],
 [ 2.876868e-02, -4.609925e-03, -5.492433e-02, -1.027149e-02, -1.049378e-02],
 [ 8.055920e-01,  1.194887e+00, -1.243054e+00, -1.035712e+00, -2.736125e+00],
 [-1.105904e-01, -1.441627e-01,  1.366656e-01,  1.196082e-01,  2.821003e-01],
 [-2.270371e-02, -6.379587e-03,  5.806396e-04,  2.832246e-02,  4.342935e-02],
 [-5.710344e-03,  4.331430e-03, -2.119491e-03, -2.482635e-03,  1.140474e-03],
 [ 7.001982e-03, -4.284761e-03,  2.696396e-03,  3.302273e-03, -3.352753e-04],
 [-2.089402e-02, -1.446808e-02,  9.638421e-03, -9.551083e-03,  1.538579e-02]]
energy_short: [-0.105566, -0.378967, -0.390868,  0.227976,  0.427538,  0.380232,  0.285914,  0.230924,  0.25279 ,  0.09822 , -0.369202, -0.378123,  0.168461]
energy_long: [-0.041521, -0.022003, -0.022693, -0.021796, -0.005038, -0.019383, -0.019385, -0.000415, -0.010818, -0.023837, -0.020797, -0.021834, -0.031604]