step=84000, graph_id=0, num_atoms=13
scalar_charges: [ 0.042231,  0.59828 ,  0.592713,  0.032516, -0.062417,  0.012229, -0.091108, -0.002369, -0.065988,  0.03253 ,  0.60502 ,  0.594094, -0.011885]
spherical_charges_l0: [[-9.206293e-02],
 [-1.500391e-04],
 [-2.473904e-04],
 [-1.201118e-01],
 [-9.492046e-02],
 [-3.646197e+00],
 [-4.588395e-02],
 [-3.460042e+00],
 [-8.315145e-02],
 [-6.862614e-02],
 [-5.475980e-05],
 [-9.153748e-05],
 [-6.188297e-02]]
spherical_charges_l1: [[ 1.754900e-02,  5.862141e-02,  4.667225e-02],
 [-1.465813e-04, -2.284848e-04, -1.545980e-04],
 [ 4.370508e-04, -2.655518e-05,  1.344115e-04],
 [-7.504070e-03, -6.663654e-01, -1.885734e-01],
 [ 3.822205e-02, -4.899707e-02,  4.675014e-02],
 [ 4.357532e-01, -1.793631e+00, -3.596296e-01],
 [-8.211525e-03, -2.840039e-02, -2.518918e-03],
 [-4.536803e-01,  8.120059e-01, -4.120970e-02],
 [-9.688975e-03,  7.958394e-02, -3.990201e-03],
 [-2.804293e-01,  4.306595e-01, -1.991464e-01],
 [-9.639190e-05, -7.503918e-05,  2.083450e-05],
 [ 3.032280e-04,  1.218770e-04, -6.623664e-05],
 [ 2.608262e-02, -3.345226e-02,  3.480631e-02]]
spherical_charges_l2: [[-3.702603e-02, -8.379900e-02,  1.418226e-01,  1.304013e-01, -1.221767e-01],
 [-1.007944e-04,  5.752537e-04,  2.625143e-04,  3.169037e-04,  5.178226e-05],
 [-2.116573e-04,  1.212396e-05,  4.566080e-06,  1.588237e-04, -1.846443e-04],
 [ 8.539378e-02,  9.402927e-02,  5.167582e-02, -7.478049e-02, -3.521681e-02],
 [ 3.868809e-02,  2.514288e-02,  7.144997e-02,  2.474149e-02, -2.581459e-02],
 [-1.395346e-01,  1.386418e+00,  3.863973e+00,  2.139978e+00, -1.971293e+00],
 [ 1.563451e-02,  1.051637e-02, -1.793004e-02,  4.317719e-03,  1.686706e-02],
 [ 7.328227e-01,  1.474516e+00, -1.958893e+00, -6.364995e-01, -3.713296e+00],
 [ 1.037939e-01,  3.104505e-02,  1.838911e-03, -9.221256e-02, -5.327724e-02],
 [ 6.995235e-02,  8.425379e-02, -1.269746e-01,  9.411056e-02, -1.251228e-01],
 [-2.526984e-04, -2.430541e-04,  1.252741e-04,  6.660967e-05,  1.165308e-04],
 [-2.064260e-04, -3.455697e-04,  1.034240e-04, -1.710090e-06,  7.171493e-05],
 [ 3.213135e-02, -4.184909e-03,  1.507873e-02, -1.628260e-01, -1.487444e-01]]
energy_short: [-0.085782,  0.13365 ,  0.127695,  0.067137,  0.114176, -0.010455,  0.020284, -0.153908, -0.060086, -0.14147 ,  0.15001 ,  0.137003,  0.262966]
energy_long: [-0.02222 , -0.119972, -0.12045 ,  0.037942,  0.033806,  0.017421, -0.007903,  0.015854,  0.024674,  0.028437, -0.12016 , -0.120587, -0.008091]