step=2120027, graph_id=0, num_atoms=13
scalar_charges: [0.550786, 0.260493, 0.260715, 0.549491, 0.49865 , 0.538952, 0.428199, 0.500338, 0.465871, 0.514695, 0.260426, 0.260496, 0.52538 ]
spherical_charges_l0: [[-0.002426],
 [-0.00102 ],
 [-0.003544],
 [ 0.01117 ],
 [-0.025598],
 [-0.73006 ],
 [-0.006184],
 [-0.658317],
 [-0.005377],
 [ 0.021924],
 [-0.00213 ],
 [-0.002202],
 [ 0.006557]]
spherical_charges_l1: [[ 2.701057e-03, -3.271675e-03,  1.629951e-02],
 [ 8.241388e-04, -3.810426e-03, -1.673519e-03],
 [-4.467045e-03, -7.879395e-04, -2.067503e-03],
 [-2.841410e-02, -3.562855e-03,  1.583934e-02],
 [ 9.656170e-03, -6.181570e-02,  6.098978e-02],
 [ 3.666618e-01, -1.294492e+00, -1.462802e-01],
 [ 3.086564e-03, -2.264787e-02,  6.252640e-03],
 [-4.884973e-01,  8.701288e-01,  2.995124e-01],
 [-3.779562e-03,  1.830350e-02, -7.530086e-03],
 [ 2.552006e-03,  1.064269e-02,  4.131684e-03],
 [-1.453552e-03,  6.694698e-04, -8.399218e-04],
 [-1.847905e-03,  2.178140e-03, -1.532188e-03],
 [ 2.836675e-03,  6.430593e-04,  1.065786e-04]]
spherical_charges_l2: [[-3.936973e-02, -3.693275e-02, -3.235018e-02, -3.408461e-02, -1.404793e-02],
 [-9.689282e-03,  2.489201e-03, -4.554225e-03,  8.799135e-03,  7.563545e-04],
 [-1.020211e-03,  8.484586e-03,  3.459230e-03,  2.729845e-03,  4.582637e-03],
 [-4.709407e-02, -4.586114e-02, -2.039618e-01, -6.729551e-02,  5.677251e-02],
 [ 9.742687e-04, -1.581794e-01, -2.658334e-01, -1.877813e-01,  8.023911e-02],
 [-1.857138e-01,  1.202140e+00,  3.721032e+00,  2.391954e+00, -1.222079e+00],
 [ 3.519436e-02,  6.852707e-03, -4.444058e-02, -7.811919e-03, -9.509176e-03],
 [ 8.916708e-01,  1.250629e+00, -1.272772e+00, -1.311444e+00, -3.093909e+00],
 [-7.608201e-02, -1.390723e-01,  1.309521e-01,  1.096239e-01,  2.649727e-01],
 [-3.951629e-02, -2.984691e-02,  5.249869e-03,  4.859892e-02,  6.810059e-02],
 [-5.844994e-03,  4.758975e-03, -2.390841e-03, -1.893982e-03,  1.969012e-03],
 [ 6.404320e-03, -3.727809e-03,  2.595524e-03,  3.254989e-03, -1.919938e-04],
 [-9.205932e-03, -3.350894e-03,  5.129844e-03, -9.771684e-03,  7.311172e-03]]
energy_short: [-0.163044, -0.46644 , -0.475149,  0.217361,  0.437619,  0.381837,  0.290869,  0.237692,  0.254321,  0.088735, -0.456695, -0.464247,  0.110494]
energy_long: [-0.000521,  0.010623,  0.011878,  0.023759,  0.037402,  0.004601,  0.018969,  0.023459,  0.033907,  0.019497,  0.013371,  0.012962,  0.006054]