step=3552038, graph_id=0, num_atoms=13
scalar_charges: [0.489727, 0.332428, 0.335841, 0.594997, 0.551024, 0.62459 , 0.415303, 0.547414, 0.47213 , 0.525479, 0.333426, 0.336622, 0.440543]
spherical_charges_l0: [[ 1.751655e-03],
 [-1.279610e-04],
 [-1.463203e-03],
 [-4.551557e-03],
 [-2.886274e-02],
 [-4.800211e-01],
 [-1.921661e-03],
 [-4.593968e-01],
 [-8.221025e-03],
 [ 9.742006e-03],
 [-8.218365e-04],
 [-9.212069e-04],
 [ 5.357230e-03]]
spherical_charges_l1: [[ 8.059755e-03, -1.032692e-02,  6.959504e-03],
 [-7.583728e-04, -2.362398e-03, -2.292415e-03],
 [-1.729326e-03, -8.042241e-04, -1.871810e-03],
 [-4.428953e-04, -9.613439e-03,  1.420030e-02],
 [ 1.330651e-02, -3.085665e-02,  3.961864e-02],
 [ 3.176686e-01, -9.452214e-01, -1.169644e-01],
 [ 4.498822e-03, -1.422034e-02,  1.070304e-03],
 [-3.974372e-01,  6.422158e-01,  1.596511e-01],
 [-3.490531e-03,  3.572282e-03, -3.954489e-03],
 [ 4.680007e-04,  1.262841e-02, -2.542542e-04],
 [-1.784535e-03,  3.701153e-04, -6.497960e-04],
 [-8.600127e-04,  2.433618e-03, -1.563546e-03],
 [-6.779232e-03,  8.071417e-03, -4.743025e-03]]
spherical_charges_l2: [[-2.796740e-02, -2.085151e-02, -2.752144e-02, -2.555837e-02, -4.734341e-03],
 [-1.146275e-02, -2.212978e-03, -6.411252e-03,  7.378727e-03, -9.545767e-04],
 [-2.056029e-03,  7.770060e-03,  2.415101e-03,  4.413082e-03,  3.124220e-03],
 [-5.961817e-02,  1.599487e-02, -1.831481e-01, -4.665246e-02,  6.688735e-02],
 [ 8.665742e-04, -1.735606e-01, -3.056516e-01, -2.299440e-01,  7.076119e-02],
 [-1.244973e-01,  1.066133e+00,  3.258134e+00,  2.034610e+00, -1.062267e+00],
 [ 2.898764e-02, -5.800344e-03, -5.859945e-02, -1.220606e-02, -1.261827e-02],
 [ 7.873601e-01,  1.164602e+00, -1.241026e+00, -9.808379e-01, -2.673677e+00],
 [-1.108615e-01, -1.404519e-01,  1.319027e-01,  1.162891e-01,  2.795819e-01],
 [-1.779619e-02, -2.245959e-03,  8.730043e-04,  2.326203e-02,  3.321129e-02],
 [-5.875858e-03,  4.707733e-03, -2.324542e-03, -2.640734e-03,  1.113061e-03],
 [ 7.477295e-03, -3.897185e-03,  2.548503e-03,  3.412474e-03, -5.806539e-04],
 [-1.976444e-02, -1.270488e-02,  8.638951e-03, -1.085568e-02,  1.165137e-02]]
energy_short: [-0.11003 , -0.38547 , -0.396822,  0.221988,  0.42177 ,  0.375954,  0.280629,  0.227937,  0.247387,  0.092494, -0.375847, -0.384508,  0.164562]
energy_long: [-0.039229, -0.019596, -0.020006, -0.019438, -0.002645, -0.016848, -0.016761,  0.00423 , -0.007731, -0.021086, -0.01828 , -0.019194, -0.029301]