step=932011, graph_id=0, num_atoms=13
scalar_charges: [ 1.364577, -1.155831, -1.107129,  1.336862,  1.360787,  1.357921,  1.141793,  1.374225,  1.351059,  1.352267, -1.181692, -1.119374,  1.27324 ]
spherical_charges_l0: [[ 1.492907e-02],
 [-5.211883e-04],
 [-1.463541e-04],
 [-1.035779e-02],
 [-6.765839e-02],
 [-2.995106e+00],
 [-5.624614e-02],
 [-2.803720e+00],
 [ 5.125014e-03],
 [ 7.855907e-02],
 [ 2.284698e-04],
 [-2.526840e-05],
 [ 4.038434e-02]]
spherical_charges_l1: [[-5.269301e-02,  6.821048e-02,  1.891089e-02],
 [-2.217638e-04,  1.676352e-04, -3.665898e-04],
 [ 3.162779e-04, -1.015799e-03, -2.802885e-04],
 [-3.619169e-02, -1.952009e-01, -5.617399e-02],
 [-3.189706e-02, -1.120334e-01,  7.480675e-02],
 [ 8.496665e-01, -2.662338e+00,  1.482373e-02],
 [ 3.829069e-02, -5.396665e-02,  4.620362e-02],
 [-9.981706e-01,  2.008542e+00,  5.815840e-01],
 [ 1.378340e-02,  3.552121e-02, -1.007798e-02],
 [-4.033358e-02,  1.008981e-01, -2.316070e-02],
 [-5.001091e-05,  4.051315e-04, -3.541867e-04],
 [-3.776941e-04,  4.255411e-04, -2.562248e-04],
 [ 1.063444e-02, -3.315367e-02,  3.160907e-02]]
spherical_charges_l2: [[-8.097687e-02, -1.625178e-01, -2.994871e-02, -2.931741e-02, -2.525423e-02],
 [-5.108202e-04,  9.432192e-04, -1.175559e-03,  2.635372e-04, -4.320074e-04],
 [-1.381365e-03,  6.019238e-04, -1.625959e-05,  3.840265e-04, -3.512490e-04],
 [-3.458455e-02,  1.157616e-02, -3.465220e-01, -1.018635e-01,  9.197824e-02],
 [ 7.392577e-02, -1.251668e-01, -1.874216e-01, -1.778220e-01,  7.498578e-02],
 [-5.323237e-01,  2.171038e+00,  5.832117e+00,  3.826074e+00, -2.116040e+00],
 [ 6.065534e-02,  3.364643e-02, -4.633337e-02, -7.758968e-04,  9.109228e-03],
 [ 1.459897e+00,  2.197904e+00, -2.388592e+00, -1.669785e+00, -5.162990e+00],
 [-3.757254e-02, -1.076121e-01,  9.580617e-02,  1.248176e-01,  1.899942e-01],
 [-4.128928e-02, -5.301712e-02, -1.882601e-02,  1.600321e-01,  9.637293e-02],
 [-7.880592e-04, -3.999387e-04, -3.033038e-04,  4.613322e-04,  8.244888e-04],
 [ 4.070299e-04, -5.610823e-04,  3.183885e-04,  9.744586e-04,  2.513243e-04],
 [-3.511816e-02, -2.159065e-02, -3.271085e-03, -1.848495e-02, -3.766203e-02]]
energy_short: [ 0.077175, -0.21907 , -0.235471,  0.2456  ,  0.4165  ,  0.343822,  0.356711,  0.215896,  0.244153,  0.058793, -0.209216, -0.222085,  0.409511]
energy_long: [-0.024313, -0.311106, -0.311101,  0.009201,  0.02448 , -0.041188, -0.015828, -0.02641 ,  0.011268,  0.003392, -0.311088, -0.311101, -0.020024]