step=3752039, graph_id=0, num_atoms=13
scalar_charges: [0.519478, 0.342428, 0.346327, 0.611209, 0.573977, 0.657415, 0.428332, 0.5747  , 0.489991, 0.541753, 0.342888, 0.346531, 0.466355]
spherical_charges_l0: [[ 2.335036e-03],
 [-7.275548e-05],
 [-1.591597e-03],
 [-2.979142e-03],
 [-2.763177e-02],
 [-4.970454e-01],
 [-1.293800e-03],
 [-4.773041e-01],
 [-8.626587e-03],
 [ 1.062539e-02],
 [-8.460111e-04],
 [-9.657834e-04],
 [ 5.893013e-03]]
spherical_charges_l1: [[ 6.842947e-03, -1.082311e-02,  6.081674e-03],
 [-1.383609e-04, -1.988334e-03, -1.905062e-03],
 [-2.138674e-03, -7.818220e-06, -1.693323e-03],
 [-1.351182e-03, -1.088456e-02,  1.488782e-02],
 [ 1.480175e-02, -3.116740e-02,  3.971066e-02],
 [ 3.322754e-01, -9.999590e-01, -1.185990e-01],
 [ 4.771665e-03, -1.441687e-02,  7.021578e-04],
 [-4.156227e-01,  6.738127e-01,  1.677285e-01],
 [-4.671582e-03,  6.078346e-03, -4.370939e-03],
 [-8.830103e-04,  1.667786e-02, -1.131444e-03],
 [-1.174168e-03,  2.327292e-04, -5.875825e-04],
 [-1.063947e-03,  1.801944e-03, -1.273431e-03],
 [-8.034884e-03,  8.855597e-03, -5.757772e-03]]
spherical_charges_l2: [[-2.864236e-02, -1.923371e-02, -3.194859e-02, -2.498187e-02, -2.231425e-03],
 [-1.136289e-02, -1.156508e-03, -5.695743e-03,  8.137947e-03, -6.157406e-04],
 [-2.501265e-03,  7.390741e-03,  1.974429e-03,  4.721080e-03,  3.076412e-03],
 [-6.150917e-02,  2.273866e-02, -1.829757e-01, -4.533540e-02,  7.458767e-02],
 [-6.906738e-03, -1.770459e-01, -3.222904e-01, -2.330731e-01,  7.720659e-02],
 [-1.216200e-01,  1.110560e+00,  3.447854e+00,  2.133642e+00, -1.128465e+00],
 [ 3.065192e-02, -5.522384e-03, -5.821067e-02, -1.262423e-02, -1.348070e-02],
 [ 8.277745e-01,  1.221623e+00, -1.289425e+00, -1.036450e+00, -2.791747e+00],
 [-1.164626e-01, -1.471261e-01,  1.398827e-01,  1.223742e-01,  2.894596e-01],
 [-1.973972e-02, -2.846432e-03, -2.220104e-04,  2.746151e-02,  4.021454e-02],
 [-5.564173e-03,  4.427135e-03, -2.166026e-03, -2.540825e-03,  1.010312e-03],
 [ 6.909495e-03, -4.007051e-03,  2.575663e-03,  3.166641e-03, -4.622744e-04],
 [-2.023401e-02, -1.437307e-02,  1.003580e-02, -9.708294e-03,  1.507690e-02]]
energy_short: [-0.105545, -0.378945, -0.390949,  0.228582,  0.427516,  0.380338,  0.286272,  0.231752,  0.253008,  0.099856, -0.369241, -0.378235,  0.167988]
energy_long: [-0.043776, -0.02461 , -0.025186, -0.024639, -0.007846, -0.024719, -0.021902, -0.004512, -0.013332, -0.026484, -0.023388, -0.024361, -0.034095]