step=3640038, graph_id=0, num_atoms=13
scalar_charges: [0.505854, 0.338484, 0.342093, 0.595785, 0.555872, 0.637427, 0.418568, 0.559365, 0.475869, 0.528172, 0.339679, 0.342905, 0.456157]
spherical_charges_l0: [[ 2.609200e-03],
 [ 6.559084e-05],
 [-1.439228e-03],
 [-2.214947e-03],
 [-2.680805e-02],
 [-4.860756e-01],
 [-1.614253e-03],
 [-4.660738e-01],
 [-8.041007e-03],
 [ 1.002038e-02],
 [-7.480268e-04],
 [-8.574989e-04],
 [ 5.883145e-03]]
spherical_charges_l1: [[ 7.049959e-03, -1.034219e-02,  6.860019e-03],
 [-1.134015e-04, -1.731308e-03, -1.744080e-03],
 [-2.024648e-03,  1.932943e-04, -1.483881e-03],
 [-8.480630e-04, -9.963875e-03,  1.518348e-02],
 [ 1.496743e-02, -3.128988e-02,  4.141125e-02],
 [ 3.278792e-01, -9.784534e-01, -1.147384e-01],
 [ 4.272135e-03, -1.444895e-02,  1.558807e-04],
 [-4.043208e-01,  6.521984e-01,  1.637220e-01],
 [-4.088860e-03,  5.047293e-03, -3.322163e-03],
 [ 5.004312e-04,  1.426475e-02,  1.796603e-05],
 [-1.092743e-03,  9.469163e-05, -5.111821e-04],
 [-9.164272e-04,  1.600199e-03, -1.169058e-03],
 [-7.489190e-03,  8.627662e-03, -5.063619e-03]]
spherical_charges_l2: [[-3.137531e-02, -2.083948e-02, -3.045974e-02, -2.355266e-02, -3.222601e-03],
 [-1.087078e-02, -9.143528e-04, -5.384003e-03,  7.836415e-03, -4.535533e-04],
 [-2.424250e-03,  6.935439e-03,  1.769291e-03,  4.485529e-03,  2.932914e-03],
 [-6.000935e-02,  1.758421e-02, -1.826431e-01, -4.793274e-02,  6.806727e-02],
 [-7.882374e-03, -1.673640e-01, -3.057461e-01, -2.219394e-01,  7.566674e-02],
 [-1.353791e-01,  1.081719e+00,  3.358050e+00,  2.076980e+00, -1.097884e+00],
 [ 3.183787e-02, -7.561923e-03, -5.470894e-02, -1.276443e-02, -1.417917e-02],
 [ 7.977974e-01,  1.191038e+00, -1.253586e+00, -9.964091e-01, -2.734764e+00],
 [-1.089272e-01, -1.426415e-01,  1.313515e-01,  1.164261e-01,  2.809653e-01],
 [-1.831846e-02, -1.801215e-03,  9.228502e-04,  2.554395e-02,  3.537191e-02],
 [-5.199107e-03,  4.136058e-03, -1.992548e-03, -2.294729e-03,  1.010529e-03],
 [ 6.534774e-03, -3.901658e-03,  2.477273e-03,  3.025281e-03, -3.456331e-04],
 [-1.931303e-02, -1.282270e-02,  8.662573e-03, -8.049980e-03,  1.398473e-02]]
energy_short: [-0.115836, -0.377609, -0.389508,  0.224655,  0.424963,  0.376971,  0.282861,  0.228213,  0.250352,  0.095594, -0.367983, -0.376816,  0.1575  ]
energy_long: [-0.042638, -0.02282 , -0.023271, -0.022959, -0.006358, -0.018098, -0.020146,  0.001587, -0.011381, -0.02496 , -0.021564, -0.022496, -0.03287 ]