step=2584030, graph_id=0, num_atoms=13
scalar_charges: [0.421655, 0.254671, 0.257121, 0.506436, 0.476882, 0.542057, 0.379685, 0.486235, 0.424723, 0.462728, 0.253549, 0.256985, 0.388014]
spherical_charges_l0: [[-2.604430e-03],
 [-2.033829e-04],
 [-1.866619e-03],
 [-4.078740e-03],
 [-2.561697e-02],
 [-5.142015e-01],
 [-2.717078e-03],
 [-4.924324e-01],
 [-5.335842e-03],
 [ 1.115546e-02],
 [-1.467861e-03],
 [-1.523188e-03],
 [ 5.322798e-03]]
spherical_charges_l1: [[ 9.797803e-03, -5.743547e-03,  1.108840e-02],
 [-4.673063e-04, -4.447175e-03, -2.952547e-03],
 [-3.073011e-03, -1.227081e-03, -2.548879e-03],
 [ 4.521154e-03, -6.142396e-03,  1.707563e-02],
 [ 7.274333e-03, -3.558220e-02,  5.112098e-02],
 [ 3.096217e-01, -1.010978e+00, -1.197141e-01],
 [ 4.143294e-03, -1.793735e-02, -4.625963e-04],
 [-3.931688e-01,  6.902049e-01,  1.921969e-01],
 [-4.046483e-04,  5.718528e-03, -2.835921e-03],
 [ 3.997148e-03,  8.581521e-03,  4.073947e-04],
 [-2.441777e-03,  8.114860e-04, -9.622457e-04],
 [-1.335838e-03,  3.433320e-03, -2.147363e-03],
 [-1.602573e-03, -3.155622e-03, -2.501911e-03]]
spherical_charges_l2: [[-2.423633e-02, -1.507220e-02, -3.484039e-02, -2.456193e-02, -1.960150e-03],
 [-1.354992e-02, -3.119040e-03, -8.284434e-03,  7.659397e-03, -1.066221e-03],
 [ 4.549235e-04,  8.225180e-03,  3.489426e-03,  2.559558e-03,  3.519698e-03],
 [-4.879123e-02, -5.000319e-03, -1.811704e-01, -4.708163e-02,  5.171845e-02],
 [ 8.614721e-03, -1.540930e-01, -2.387574e-01, -1.887403e-01,  8.337896e-02],
 [-1.234128e-01,  1.048798e+00,  3.033391e+00,  1.873439e+00, -9.183675e-01],
 [ 3.287019e-02, -6.435043e-03, -4.600625e-02, -8.270708e-03, -1.007333e-02],
 [ 7.456211e-01,  1.067082e+00, -1.118279e+00, -9.189867e-01, -2.493122e+00],
 [-9.355737e-02, -1.239751e-01,  1.213948e-01,  1.118162e-01,  2.792920e-01],
 [-1.818518e-02, -5.145574e-03,  9.608688e-04,  2.382116e-02,  2.954242e-02],
 [-5.895222e-03,  6.722367e-03, -3.222940e-03, -2.378479e-03,  1.590647e-03],
 [ 9.106935e-03, -2.573631e-03,  2.172129e-03,  4.379241e-03, -4.767314e-04],
 [-2.005184e-02, -1.280436e-02,  1.149313e-02, -1.446582e-02,  9.582594e-03]]
energy_short: [-0.13136 , -0.397952, -0.406871,  0.211354,  0.422496,  0.36331 ,  0.274097,  0.217171,  0.242488,  0.083287, -0.388852, -0.395954,  0.140934]
energy_long: [-0.027735, -0.012135, -0.012157, -0.004821,  0.011409, -0.003813, -0.003157,  0.008749,  0.008285, -0.008382, -0.010017, -0.010618, -0.018931]