step=1996024, graph_id=0, num_atoms=13
scalar_charges: [0.660875, 0.287221, 0.28891 , 0.700389, 0.624065, 0.680348, 0.532996, 0.630322, 0.572905, 0.652015, 0.285956, 0.288061, 0.631653]
spherical_charges_l0: [[-4.683149e-03],
 [-2.788720e-04],
 [-2.902682e-03],
 [ 4.814959e-04],
 [-3.596704e-02],
 [-8.088902e-01],
 [-3.039501e-03],
 [-7.205400e-01],
 [-6.406461e-03],
 [ 1.997317e-02],
 [-1.721489e-03],
 [-1.842948e-03],
 [ 5.665941e-03]]
spherical_charges_l1: [[ 4.833193e-03, -2.172611e-04,  2.355305e-02],
 [-1.798576e-03, -6.742029e-03, -3.728748e-03],
 [-3.386484e-03, -2.699517e-03, -2.466290e-03],
 [-3.521594e-02,  1.764728e-03,  2.368646e-02],
 [ 1.469162e-02, -7.331000e-02,  8.086359e-02],
 [ 4.704500e-01, -1.512675e+00, -1.786822e-01],
 [ 9.468739e-03, -2.473977e-02,  8.881592e-03],
 [-5.522014e-01,  1.020159e+00,  3.153656e-01],
 [ 1.715440e-03,  3.606232e-03,  1.241571e-02],
 [ 7.520007e-03,  9.278121e-03,  2.197570e-03],
 [-3.260509e-03, -2.929412e-05, -4.067201e-04],
 [-9.410598e-04,  3.825385e-03, -2.167918e-03],
 [ 1.632969e-03, -1.126360e-03,  7.426188e-03]]
spherical_charges_l2: [[-3.057453e-02, -3.813311e-02, -2.658752e-02, -4.588821e-02, -2.724198e-02],
 [-1.151517e-02, -4.286233e-03, -6.170515e-03,  7.051243e-03, -2.614285e-03],
 [ 4.871239e-03,  7.728198e-03,  6.531317e-03,  9.059192e-04,  2.822234e-03],
 [-3.889126e-02, -3.300013e-02, -2.425801e-01, -9.300749e-02,  6.488912e-02],
 [ 3.915321e-02, -2.099202e-01, -3.603432e-01, -2.757497e-01,  1.193248e-01],
 [-2.116499e-01,  1.495612e+00,  4.339902e+00,  2.688257e+00, -1.411984e+00],
 [ 2.478108e-02,  1.567254e-02, -6.548781e-02, -4.423301e-03, -6.875286e-03],
 [ 9.659577e-01,  1.549796e+00, -1.570124e+00, -1.315943e+00, -3.595165e+00],
 [-9.362042e-02, -1.322722e-01,  1.541874e-01,  1.226234e-01,  3.027597e-01],
 [-3.238446e-02, -1.597780e-02, -3.541291e-03,  5.919366e-02,  5.376988e-02],
 [-5.185736e-03,  7.509586e-03, -3.698453e-03, -3.188815e-03, -1.618675e-04],
 [ 8.683444e-03, -1.720754e-03,  1.468925e-03,  2.391203e-03, -2.576459e-03],
 [-8.048115e-03,  1.753659e-03,  1.411526e-03, -1.514063e-02,  2.015804e-03]]
energy_short: [-0.084801, -0.528477, -0.538654,  0.221699,  0.429881,  0.373457,  0.281573,  0.226782,  0.249673,  0.090537, -0.517402, -0.526517,  0.184765]
energy_long: [ 0.001986,  0.01475 ,  0.014917,  0.02991 ,  0.042383, -0.006889,  0.024545,  0.017197,  0.039208,  0.026431,  0.017058,  0.016414,  0.010202]