step=2720030, graph_id=0, num_atoms=13
scalar_charges: [0.393452, 0.273949, 0.279782, 0.450778, 0.446351, 0.504375, 0.352497, 0.455146, 0.399508, 0.413431, 0.272004, 0.27912 , 0.361063]
spherical_charges_l0: [[-1.740007e-03],
 [-5.325471e-05],
 [-1.247665e-03],
 [-2.153661e-04],
 [-2.463070e-02],
 [-5.332005e-01],
 [-2.485433e-03],
 [-5.021552e-01],
 [-8.281924e-03],
 [ 1.144032e-02],
 [-9.127262e-04],
 [-8.764609e-04],
 [ 6.278100e-03]]
spherical_charges_l1: [[ 9.081775e-03, -1.343823e-02,  7.718482e-03],
 [-5.314854e-04, -1.973557e-03, -1.822179e-03],
 [-1.443564e-03, -3.642165e-04, -1.269433e-03],
 [-4.971360e-03, -6.760232e-03,  8.365386e-03],
 [ 3.986476e-03, -3.772977e-02,  4.766376e-02],
 [ 3.035107e-01, -1.010433e+00, -1.319522e-01],
 [ 3.819360e-03, -1.662685e-02, -2.133573e-03],
 [-4.004266e-01,  6.818377e-01,  1.898573e-01],
 [-3.572304e-03,  9.652063e-03, -5.154506e-03],
 [-1.552431e-03,  1.599759e-02, -4.271587e-03],
 [-2.110753e-03,  6.165525e-04, -6.645882e-04],
 [-9.171756e-04,  2.519814e-03, -1.481066e-03],
 [-8.801803e-03,  6.666275e-03, -7.651079e-03]]
spherical_charges_l2: [[-2.186252e-02, -1.237099e-02, -2.909602e-02, -3.028983e-02, -1.008984e-04],
 [-9.653318e-03, -2.315293e-03, -6.049288e-03,  5.511729e-03, -6.656006e-04],
 [-1.079924e-03,  5.714243e-03,  1.821931e-03,  2.655784e-03,  2.539745e-03],
 [-5.638083e-02,  1.172387e-02, -1.760563e-01, -6.877251e-02,  5.956692e-02],
 [ 5.020890e-04, -1.347146e-01, -2.707956e-01, -1.944546e-01,  7.312445e-02],
 [-1.466992e-01,  1.069063e+00,  3.309309e+00,  2.078290e+00, -1.076111e+00],
 [ 3.057615e-02, -4.219503e-03, -4.772572e-02, -9.730583e-03, -1.341537e-02],
 [ 8.215088e-01,  1.121741e+00, -1.174400e+00, -1.101051e+00, -2.724653e+00],
 [-9.483892e-02, -1.356032e-01,  1.261702e-01,  1.213790e-01,  2.592681e-01],
 [-2.858583e-02, -1.916412e-02,  5.516163e-03,  3.492725e-02,  4.792650e-02],
 [-4.919680e-03,  5.102801e-03, -2.333735e-03, -2.527489e-03,  7.571270e-04],
 [ 6.955669e-03, -2.509331e-03,  1.875522e-03,  2.805024e-03, -6.603715e-04],
 [-1.678318e-02, -1.079731e-02,  1.053410e-02, -1.290081e-02,  1.808650e-02]]
energy_short: [-0.130397, -0.37939 , -0.389997,  0.21183 ,  0.417601,  0.362252,  0.276022,  0.216163,  0.240249,  0.085754, -0.371777, -0.378774,  0.145344]
energy_long: [-0.032383, -0.014777, -0.014104, -0.008704,  0.006392, -0.006679, -0.008388,  0.01119 ,  0.001878, -0.011936, -0.012629, -0.013082, -0.023795]