step=2700030, graph_id=0, num_atoms=13
scalar_charges: [0.447304, 0.296245, 0.300724, 0.526055, 0.490107, 0.580375, 0.38658 , 0.51603 , 0.428482, 0.46604 , 0.295916, 0.301148, 0.40769 ]
spherical_charges_l0: [[-1.319062e-03],
 [-4.186032e-04],
 [-1.772121e-03],
 [ 2.676077e-03],
 [-2.179422e-02],
 [-5.543944e-01],
 [-1.800461e-03],
 [-5.264537e-01],
 [-3.301341e-03],
 [ 1.197203e-02],
 [-1.007477e-03],
 [-1.169711e-03],
 [ 5.421883e-03]]
spherical_charges_l1: [[ 1.038755e-02, -1.155825e-02,  1.057050e-02],
 [ 2.404536e-04, -2.647375e-03, -1.528099e-03],
 [-3.226043e-03, -1.552443e-04, -2.007436e-03],
 [-1.253052e-02,  5.002451e-03,  2.217833e-02],
 [ 1.546894e-02, -2.666856e-02,  6.149436e-02],
 [ 3.653021e-01, -1.147642e+00, -1.448663e-01],
 [ 4.062510e-03, -1.662272e-02,  8.207300e-04],
 [-4.892006e-01,  8.173327e-01,  2.206507e-01],
 [ 2.918826e-03, -5.463579e-03,  2.516692e-03],
 [ 6.569473e-03,  4.109696e-03,  6.363157e-03],
 [-1.658349e-03,  5.444120e-04, -7.154197e-04],
 [-1.496531e-03,  1.999507e-03, -1.382328e-03],
 [-4.045311e-03,  2.489608e-03, -4.348153e-03]]
spherical_charges_l2: [[-2.506440e-02, -1.140446e-02, -2.836232e-02, -2.652622e-02, -1.134670e-03],
 [-1.025319e-02,  3.296526e-04, -5.543977e-03,  7.081623e-03,  5.122836e-04],
 [-1.809058e-03,  6.105919e-03,  1.307176e-03,  2.689115e-03,  3.220732e-03],
 [-6.865387e-02, -1.598959e-02, -2.228627e-01, -5.741636e-02,  7.989989e-02],
 [-7.388268e-03, -1.407235e-01, -2.328934e-01, -1.763874e-01,  6.992166e-02],
 [-1.042595e-01,  1.149597e+00,  3.485635e+00,  2.252206e+00, -1.078540e+00],
 [ 2.520558e-02, -2.792361e-04, -4.756666e-02, -3.911393e-03, -1.371667e-02],
 [ 8.409683e-01,  1.281557e+00, -1.225202e+00, -1.222761e+00, -2.903335e+00],
 [-6.845988e-02, -1.209910e-01,  1.093221e-01,  9.595262e-02,  2.571050e-01],
 [-2.924214e-02, -1.804472e-02,  7.427829e-03,  3.328386e-02,  6.176174e-02],
 [-4.561219e-03,  3.991045e-03, -1.908431e-03, -1.578820e-03,  1.472461e-03],
 [ 5.608347e-03, -2.729742e-03,  2.061704e-03,  2.796190e-03, -9.092197e-05],
 [-1.703711e-02, -6.097903e-03,  9.250551e-03, -1.354449e-02,  1.184897e-02]]
energy_short: [-0.13557 , -0.396636, -0.407012,  0.224537,  0.437124,  0.373813,  0.285632,  0.226146,  0.25896 ,  0.100457, -0.388271, -0.395464,  0.139205]
energy_long: [-0.031074, -0.015547, -0.015446, -0.00966 ,  0.005151, -0.005806, -0.010965,  0.010539,  0.001254, -0.013061, -0.013625, -0.014268, -0.023647]