step=1672020, graph_id=0, num_atoms=13
scalar_charges: [0.41391 , 0.201667, 0.199704, 0.441925, 0.437153, 0.445812, 0.421593, 0.437304, 0.430138, 0.431013, 0.203079, 0.199775, 0.41354 ]
spherical_charges_l0: [[-0.012886],
 [-0.001663],
 [-0.003777],
 [-0.007496],
 [-0.028327],
 [-0.854693],
 [-0.007914],
 [-0.758216],
 [-0.005049],
 [ 0.020231],
 [-0.002207],
 [-0.002126],
 [-0.000908]]
spherical_charges_l1: [[-1.485058e-03, -8.412947e-03,  1.388333e-02],
 [-3.968530e-03, -2.337541e-03, -2.970533e-03],
 [-1.633693e-05, -3.218680e-03, -1.788363e-03],
 [-3.566601e-02, -2.846761e-02,  1.337845e-04],
 [ 7.168404e-03, -6.691026e-02,  9.475800e-02],
 [ 4.699450e-01, -1.474862e+00, -1.092445e-01],
 [ 7.171148e-03, -3.027756e-02,  7.650248e-03],
 [-5.321940e-01,  1.015525e+00,  2.551085e-01],
 [ 1.604989e-02, -1.697616e-03,  1.503647e-02],
 [ 1.641976e-02, -8.230980e-03,  1.514849e-02],
 [-4.458367e-03, -9.698477e-04,  1.806946e-04],
 [ 1.601321e-03,  3.301462e-03, -1.626581e-03],
 [ 1.764808e-03, -5.102657e-03, -1.965443e-03]]
spherical_charges_l2: [[-5.149884e-04, -4.973212e-03, -1.993636e-02, -3.964557e-02, -1.424174e-02],
 [-7.518610e-03, -7.298649e-03, -7.004645e-03, -5.249681e-05, -2.109312e-03],
 [ 4.162827e-03,  8.010372e-03,  5.753850e-03,  1.897218e-03,  2.136069e-03],
 [-4.869673e-02, -2.527682e-02, -2.168456e-01, -7.716730e-02,  5.459324e-02],
 [-1.901509e-02, -1.427102e-01, -2.007374e-01, -1.756128e-01,  9.412442e-02],
 [-2.114055e-01,  1.174296e+00,  3.865116e+00,  2.402114e+00, -1.111603e+00],
 [ 3.370820e-02, -8.872989e-03, -6.041821e-02, -9.501403e-03,  1.680219e-03],
 [ 8.827684e-01,  1.271142e+00, -1.331756e+00, -1.334232e+00, -3.074203e+00],
 [-7.308722e-02, -1.175927e-01,  1.049103e-01,  9.789939e-02,  2.621167e-01],
 [-4.244136e-02, -2.538609e-02,  5.058736e-03,  7.869113e-02,  8.076393e-02],
 [-4.837245e-03,  4.594986e-03, -2.383761e-03, -2.092602e-03,  4.815527e-04],
 [ 6.260936e-03, -1.864381e-03,  9.910051e-04,  2.348830e-03, -1.562688e-03],
 [-2.819913e-03,  1.234671e-03,  3.188402e-03, -3.718114e-03,  5.159737e-03]]
energy_short: [ 0.046505, -0.871648, -0.877042,  0.417761,  0.622596,  0.566498,  0.482565,  0.428768,  0.439652,  0.274647, -0.860682, -0.86673 ,  0.327554]
energy_long: [-0.016338, -0.000965, -0.000122,  0.011295,  0.028446, -0.020194,  0.003826, -0.008562,  0.027252,  0.00498 ,  0.002535,  0.002669, -0.007832]