step=2328027, graph_id=0, num_atoms=13
scalar_charges: [0.406304, 0.234417, 0.237005, 0.613145, 0.583763, 0.631655, 0.49876 , 0.596474, 0.541845, 0.575799, 0.23353 , 0.236106, 0.383641]
spherical_charges_l0: [[ 8.895322e-04],
 [ 6.318617e-04],
 [-1.657236e-03],
 [ 6.084965e-05],
 [-3.000010e-02],
 [-6.694509e-01],
 [-3.858944e-03],
 [-6.123917e-01],
 [-8.082704e-03],
 [ 1.149502e-02],
 [-1.152814e-03],
 [-1.240977e-03],
 [ 7.777803e-03]]
spherical_charges_l1: [[ 4.773248e-03,  5.004318e-04,  1.143097e-02],
 [-2.365591e-03, -4.579687e-03, -4.244159e-03],
 [-4.420769e-03, -1.370929e-03, -2.967712e-03],
 [-3.265067e-03,  4.809168e-03,  3.269898e-02],
 [-9.067270e-05, -4.307711e-02,  5.686284e-02],
 [ 4.104246e-01, -1.328613e+00, -1.538115e-01],
 [ 7.123018e-03, -2.229543e-02,  3.534812e-03],
 [-5.011759e-01,  8.682534e-01,  2.839171e-01],
 [-4.449730e-03,  7.032521e-03, -3.036883e-03],
 [ 7.310544e-03,  4.752447e-03,  7.031899e-03],
 [-2.879408e-03,  6.111986e-04, -8.978494e-04],
 [-1.681967e-03,  3.770803e-03, -2.302773e-03],
 [ 3.640101e-04, -2.198060e-03,  3.613735e-05]]
spherical_charges_l2: [[-3.014823e-02, -1.376210e-02, -3.108916e-02, -1.966878e-02, -7.153385e-03],
 [-1.246776e-02, -3.652039e-03, -8.326526e-03,  8.188846e-03, -1.055326e-03],
 [-7.713974e-04,  5.404928e-03,  3.669615e-03,  3.908702e-03,  2.627095e-03],
 [-5.333436e-02, -3.622482e-02, -2.170040e-01, -7.304276e-02,  4.730231e-02],
 [ 4.673359e-03, -1.732002e-01, -2.642280e-01, -2.101324e-01,  5.983900e-02],
 [-1.678710e-01,  1.316091e+00,  3.847734e+00,  2.336569e+00, -1.228930e+00],
 [ 2.748891e-02,  1.006965e-02, -5.905699e-02, -5.932185e-03, -1.594470e-02],
 [ 8.881242e-01,  1.312704e+00, -1.368915e+00, -1.196790e+00, -3.175537e+00],
 [-8.600261e-02, -1.301905e-01,  1.328497e-01,  1.135331e-01,  2.556648e-01],
 [-3.622934e-02, -2.091957e-02,  1.062493e-02,  3.370231e-02,  4.638282e-02],
 [-5.613967e-03,  7.935207e-03, -3.669370e-03, -2.244141e-03,  1.181935e-03],
 [ 8.428040e-03, -2.216473e-03,  1.890574e-03,  3.516246e-03, -7.749859e-04],
 [-1.444445e-02, -8.921666e-03,  9.968078e-03, -1.638285e-02,  5.900722e-03]]
energy_short: [-0.042224, -0.445751, -0.456583,  0.219803,  0.443633,  0.380943,  0.296566,  0.232282,  0.264289,  0.094245, -0.434705, -0.444469,  0.22623 ]
energy_long: [-0.025808, -0.013804, -0.013584, -0.000364,  0.010565, -0.00224 , -0.003158,  0.017895,  0.009086, -0.002242, -0.011826, -0.012201, -0.016466]