step=2600030, graph_id=0, num_atoms=13
scalar_charges: [0.41161 , 0.264336, 0.269787, 0.492826, 0.47681 , 0.543159, 0.374066, 0.487882, 0.424966, 0.445512, 0.262446, 0.26807 , 0.379534]
spherical_charges_l0: [[-2.089104e-03],
 [-6.142031e-04],
 [-1.562266e-03],
 [ 6.467797e-05],
 [-2.581938e-02],
 [-5.029421e-01],
 [-2.992122e-03],
 [-4.660743e-01],
 [-6.927218e-03],
 [ 9.506207e-03],
 [-1.174490e-03],
 [-1.254176e-03],
 [ 4.779455e-03]]
spherical_charges_l1: [[ 1.001274e-02, -8.899565e-03,  1.170311e-02],
 [-6.123154e-04, -2.071856e-03, -1.433554e-03],
 [-1.348239e-03, -1.093577e-03, -1.146030e-03],
 [ 4.138530e-03,  1.158993e-02,  2.981327e-02],
 [ 1.292589e-02, -4.300948e-02,  6.252135e-02],
 [ 3.210645e-01, -1.003866e+00, -1.196196e-01],
 [ 6.578413e-03, -1.935421e-02,  7.103446e-03],
 [-3.983980e-01,  6.803599e-01,  2.082600e-01],
 [-2.022419e-04,  1.140398e-02,  1.343350e-03],
 [ 4.441728e-03,  3.590632e-03,  4.671086e-03],
 [-2.258969e-03,  1.678965e-04, -4.071200e-04],
 [-3.813858e-04,  2.516457e-03, -1.486322e-03],
 [-4.619408e-03,  1.024602e-03, -3.244165e-03]]
spherical_charges_l2: [[-2.405591e-02, -1.223074e-02, -2.877764e-02, -2.651553e-02, -3.407313e-03],
 [-6.799499e-03, -2.858100e-03, -4.756685e-03,  3.924186e-03, -9.755878e-04],
 [ 1.954373e-03,  5.254126e-03,  2.790347e-03,  6.257165e-04,  2.587104e-03],
 [-5.067048e-02, -7.086978e-03, -1.816505e-01, -5.129881e-02,  4.109746e-02],
 [-6.800458e-03, -1.516304e-01, -2.732796e-01, -2.016284e-01,  8.315597e-02],
 [-1.566281e-01,  9.979447e-01,  3.009187e+00,  1.878972e+00, -1.011481e+00],
 [ 2.434651e-02,  2.090336e-03, -6.372901e-02, -1.664827e-02, -1.947718e-02],
 [ 7.625521e-01,  1.060813e+00, -1.084831e+00, -9.671087e-01, -2.516057e+00],
 [-9.966046e-02, -1.407765e-01,  1.242309e-01,  1.182714e-01,  3.068601e-01],
 [-2.291840e-02, -8.881976e-03,  5.288069e-03,  2.150208e-02,  3.174341e-02],
 [-4.038612e-03,  6.104690e-03, -2.884731e-03, -1.329105e-03,  1.170924e-03],
 [ 7.295304e-03, -8.266784e-04,  9.379922e-04,  3.579846e-03, -3.846067e-04],
 [-1.635991e-02, -8.083564e-03,  1.266903e-02, -1.635927e-02,  1.415670e-02]]
energy_short: [-0.13974 , -0.403669, -0.413632,  0.226211,  0.430642,  0.372795,  0.285677,  0.226602,  0.252119,  0.100875, -0.394973, -0.401993,  0.133414]
energy_long: [-0.024315, -0.007646, -0.006846, -0.002763,  0.013575, -0.009888, -0.002045,  0.013171,  0.011091, -0.005469, -0.005471, -0.005844, -0.015027]