step=3016034, graph_id=0, num_atoms=13
scalar_charges: [0.421793, 0.294797, 0.298254, 0.514428, 0.499295, 0.574525, 0.368514, 0.49874 , 0.427642, 0.461019, 0.293539, 0.297157, 0.376608]
spherical_charges_l0: [[-1.543866e-04],
 [-3.969877e-04],
 [-1.616379e-03],
 [-4.861899e-03],
 [-2.886394e-02],
 [-5.223825e-01],
 [-1.828536e-03],
 [-4.959245e-01],
 [-1.260824e-02],
 [ 8.731197e-03],
 [-1.028830e-03],
 [-1.159233e-03],
 [ 4.775428e-03]]
spherical_charges_l1: [[ 6.563236e-03, -7.842085e-03,  8.703994e-03],
 [-3.695792e-04, -1.245532e-03, -1.488000e-03],
 [-1.895155e-03, -1.427478e-04, -1.485317e-03],
 [ 6.566655e-03, -1.430444e-03,  1.586193e-02],
 [ 1.130543e-02, -3.125985e-02,  4.207885e-02],
 [ 3.222077e-01, -1.014904e+00, -1.089501e-01],
 [ 5.210917e-03, -1.501163e-02,  2.333237e-03],
 [-4.274605e-01,  7.162996e-01,  2.084619e-01],
 [-2.842124e-03,  4.710073e-03, -1.690635e-03],
 [ 1.094297e-03,  1.027254e-02, -1.895223e-03],
 [-1.021280e-03, -2.792086e-04, -2.382650e-04],
 [-4.016308e-04,  1.541995e-03, -1.052430e-03],
 [-3.377417e-03,  1.003597e-03, -2.385772e-03]]
spherical_charges_l2: [[-2.589509e-02, -1.345434e-02, -3.364997e-02, -2.795386e-02,  5.711165e-04],
 [-9.401549e-03, -2.006227e-03, -5.320051e-03,  5.984723e-03, -2.321107e-04],
 [-1.431589e-03,  6.212945e-03,  1.343651e-03,  3.098910e-03,  3.149240e-03],
 [-4.620850e-02,  1.376682e-02, -1.614773e-01, -4.514886e-02,  5.315026e-02],
 [ 8.810729e-03, -1.577186e-01, -2.821354e-01, -1.972792e-01,  5.327653e-02],
 [-1.676584e-01,  1.196563e+00,  3.359918e+00,  2.179276e+00, -1.204216e+00],
 [ 2.221720e-02,  2.682346e-03, -5.283311e-02, -7.110766e-03, -1.172548e-02],
 [ 8.241535e-01,  1.256516e+00, -1.252738e+00, -1.083822e+00, -2.878931e+00],
 [-9.197588e-02, -1.215094e-01,  1.231837e-01,  9.898359e-02,  2.377097e-01],
 [-1.669215e-02, -3.244955e-03, -3.626548e-03,  2.228106e-02,  3.278028e-02],
 [-4.772844e-03,  4.655157e-03, -2.061536e-03, -1.976890e-03,  1.222325e-03],
 [ 6.547939e-03, -2.696385e-03,  1.903598e-03,  3.021306e-03, -1.037627e-04],
 [-1.990854e-02, -1.288012e-02,  1.044884e-02, -7.174506e-03,  1.783552e-02]]
energy_short: [-0.142374, -0.382978, -0.393497,  0.221164,  0.413767,  0.358507,  0.270605,  0.212925,  0.236744,  0.092127, -0.373995, -0.381529,  0.136366]
energy_long: [-0.030948, -0.014153, -0.014034, -0.010302,  0.003883, -0.008807, -0.008751,  0.013444,  0.000226, -0.011499, -0.012221, -0.012891, -0.021701]