step=1820020, graph_id=0, num_atoms=13
scalar_charges: [0.568905, 0.342123, 0.337112, 0.569582, 0.556505, 0.56973 , 0.474742, 0.538083, 0.523328, 0.532407, 0.350008, 0.339931, 0.555429]
spherical_charges_l0: [[-0.003666],
 [-0.001583],
 [-0.004294],
 [ 0.003601],
 [-0.032857],
 [-0.839998],
 [-0.002072],
 [-0.689094],
 [-0.003281],
 [ 0.018678],
 [-0.002021],
 [-0.001953],
 [ 0.004892]]
spherical_charges_l1: [[-2.630372e-03, -4.365203e-03,  1.418099e-02],
 [-7.056403e-04, -5.641874e-03, -2.877732e-03],
 [-6.743975e-03, -3.899590e-03, -4.733051e-03],
 [-3.607151e-02, -2.465114e-02, -2.173601e-02],
 [ 4.507567e-04, -4.429309e-02,  8.932816e-02],
 [ 4.820064e-01, -1.491835e+00, -1.273832e-01],
 [ 7.296698e-03, -3.020455e-02,  5.989385e-03],
 [-4.954456e-01,  9.306679e-01,  2.557490e-01],
 [ 4.280183e-03,  5.724612e-04,  2.329305e-03],
 [ 3.802833e-04,  1.150510e-02,  1.024110e-04],
 [-2.407697e-03,  9.100492e-04, -8.484569e-04],
 [-1.626854e-03,  3.156565e-03, -1.970031e-03],
 [ 2.700579e-03, -8.571030e-03,  3.323495e-03]]
spherical_charges_l2: [[-4.120592e-03, -9.075379e-03, -2.231351e-02, -4.715250e-02, -1.218252e-02],
 [-6.787864e-03, -6.497610e-03, -6.867335e-03,  2.212212e-04, -1.223803e-03],
 [ 6.725422e-03,  9.244310e-03,  7.458095e-03, -1.040014e-05,  2.647392e-03],
 [-2.595205e-02, -1.038215e-02, -2.194110e-01, -8.886822e-02,  6.981073e-02],
 [ 1.223526e-02, -1.571639e-01, -2.999644e-01, -2.429215e-01,  1.122543e-01],
 [-2.044839e-01,  1.309955e+00,  4.045522e+00,  2.439744e+00, -1.225228e+00],
 [ 3.655069e-02, -1.153146e-02, -6.232521e-02, -1.067451e-02, -1.907238e-02],
 [ 9.012455e-01,  1.333213e+00, -1.434892e+00, -1.201115e+00, -3.126749e+00],
 [-9.888896e-02, -1.456358e-01,  1.364775e-01,  1.430751e-01,  2.897610e-01],
 [-4.031949e-02, -8.351377e-03, -7.427802e-03,  9.263641e-02,  8.071713e-02],
 [-7.914767e-03,  6.897120e-03, -3.489442e-03, -3.723938e-03,  8.298912e-04],
 [ 9.423375e-03, -3.162777e-03,  1.830844e-03,  3.103974e-03, -2.520228e-03],
 [-1.054321e-02, -4.700187e-03,  1.060178e-02, -2.419591e-02,  9.911892e-03]]
energy_short: [-0.012734, -0.635044, -0.643303,  0.27243 ,  0.464396,  0.428525,  0.321734,  0.277466,  0.280945,  0.134412, -0.624774, -0.631563,  0.262583]
energy_long: [-0.005257,  0.013004,  0.013387,  0.020842,  0.035388, -0.010736,  0.021653,  0.012902,  0.036486,  0.019473,  0.016022,  0.015528,  0.005575]