step=2388028, graph_id=0, num_atoms=13
scalar_charges: [0.354149, 0.241746, 0.240275, 0.379609, 0.436035, 0.514939, 0.370083, 0.477069, 0.396767, 0.34744 , 0.242631, 0.244542, 0.333896]
spherical_charges_l0: [[-0.002819],
 [-0.00065 ],
 [-0.002153],
 [-0.001896],
 [-0.021046],
 [-0.520566],
 [-0.003884],
 [-0.482753],
 [-0.006818],
 [ 0.007499],
 [-0.001075],
 [-0.0012  ],
 [ 0.005184]]
spherical_charges_l1: [[ 8.049651e-03, -5.662832e-03,  1.384438e-02],
 [ 6.298498e-04, -2.848981e-03, -1.093142e-03],
 [-3.640388e-03, -3.428262e-04, -1.827208e-03],
 [ 2.457736e-03,  5.379562e-03,  1.933213e-02],
 [ 7.878424e-03, -4.061518e-02,  5.130342e-02],
 [ 2.888141e-01, -9.709181e-01, -1.187736e-01],
 [ 6.945609e-03, -2.095864e-02,  2.588906e-03],
 [-3.823736e-01,  6.686854e-01,  1.949189e-01],
 [ 3.149108e-03,  7.357574e-03,  7.829353e-03],
 [ 3.306355e-03,  6.618438e-03,  2.442772e-03],
 [-1.562213e-03,  5.621593e-04, -6.436448e-04],
 [-1.535654e-03,  2.156923e-03, -1.432896e-03],
 [ 3.457982e-04, -4.838213e-03, -2.032542e-03]]
spherical_charges_l2: [[-2.975980e-02, -1.996799e-02, -2.786945e-02, -2.304600e-02, -1.026670e-02],
 [-8.436123e-03, -2.596961e-03, -4.899302e-03,  5.455349e-03, -9.543480e-04],
 [ 2.470837e-03,  6.088104e-03,  4.307483e-03,  1.806433e-03,  2.498448e-03],
 [-3.445801e-02,  8.731105e-03, -1.410772e-01, -3.883746e-02,  3.786400e-02],
 [-1.572865e-02, -1.218493e-01, -2.211196e-01, -1.584307e-01,  6.516232e-02],
 [-9.460953e-02,  8.952514e-01,  2.764161e+00,  1.708393e+00, -9.041880e-01],
 [ 2.383544e-02, -2.659634e-03, -5.225188e-02, -1.336025e-02, -1.262857e-02],
 [ 6.789585e-01,  9.682655e-01, -1.038967e+00, -9.132980e-01, -2.303602e+00],
 [-7.951803e-02, -1.053425e-01,  1.064792e-01,  8.655528e-02,  2.184495e-01],
 [-1.165789e-02, -1.909251e-03, -3.743201e-03,  2.674113e-02,  2.872489e-02],
 [-4.683700e-03,  5.358826e-03, -2.551218e-03, -2.789254e-03,  3.256132e-04],
 [ 7.415530e-03, -2.031553e-03,  1.725881e-03,  2.510255e-03, -1.397562e-03],
 [-8.442556e-03, -3.131579e-03,  4.418599e-03, -6.612004e-03,  4.892993e-03]]
energy_short: [-0.14759 , -0.447666, -0.454473,  0.222921,  0.430702,  0.358414,  0.268716,  0.206354,  0.246588,  0.098127, -0.438133, -0.443616,  0.119957]
energy_long: [-1.597835e-02, -1.783375e-03, -2.012394e-03,  6.864745e-03,  1.815951e-02,  8.713598e-04,  7.367722e-03,  2.147324e-02,  1.968788e-02,  6.665764e-03,  7.692399e-05, -5.651531e-04, -6.899953e-03]