step=1504017, graph_id=0, num_atoms=13
scalar_charges: [ 1.321489, -0.751713, -0.703701,  1.334196,  1.335844,  1.330674,  1.022356,  1.337746,  1.299202,  1.332731, -0.778397, -0.72211 ,  1.3339  ]
spherical_charges_l0: [[ 8.084811e-03],
 [-4.041109e-04],
 [-3.854431e-05],
 [ 9.624800e-04],
 [-4.034364e-02],
 [-1.192155e+00],
 [-1.261041e-02],
 [-1.089977e+00],
 [-8.400676e-04],
 [ 4.283273e-02],
 [-1.664505e-05],
 [-1.672257e-04],
 [ 2.056435e-02]]
spherical_charges_l1: [[-8.562801e-03,  2.070205e-04,  2.909515e-02],
 [ 2.745906e-04, -1.604850e-04, -9.157495e-06],
 [-3.013215e-04,  1.116115e-04, -4.468595e-04],
 [-4.959299e-02, -4.998098e-02,  1.285791e-02],
 [ 1.318606e-02, -1.098728e-01,  8.927697e-02],
 [ 6.208521e-01, -1.837837e+00, -1.095360e-01],
 [ 1.793485e-02, -4.853989e-02,  1.157318e-02],
 [-7.356288e-01,  1.355428e+00,  3.095852e-01],
 [-1.406344e-03,  1.336037e-02, -1.531182e-03],
 [ 1.777293e-02,  1.175960e-02,  2.301225e-02],
 [ 1.398266e-04,  2.172475e-05, -3.869468e-05],
 [-2.008515e-04, -8.072759e-05, -4.138217e-05],
 [-8.552118e-04, -1.144025e-04, -1.576107e-03]]
spherical_charges_l2: [[-7.924294e-02, -5.741987e-02,  2.994782e-03, -1.851798e-02, -3.745784e-02],
 [ 2.464200e-03,  1.039379e-03,  2.218659e-03,  1.209354e-03, -1.078208e-04],
 [-6.027185e-04, -9.922232e-04,  8.385992e-04,  8.186387e-04,  8.970369e-05],
 [-4.142977e-02, -4.493896e-02, -2.741281e-01, -4.692061e-02,  8.630513e-02],
 [ 2.774139e-02, -1.923597e-01, -3.002217e-01, -2.369892e-01,  9.491239e-02],
 [-2.714452e-01,  1.420302e+00,  4.344278e+00,  2.839847e+00, -1.530474e+00],
 [ 3.347317e-02,  2.302954e-03, -7.769565e-02, -1.104230e-03,  1.381958e-03],
 [ 1.007088e+00,  1.537482e+00, -1.778329e+00, -1.436351e+00, -3.759027e+00],
 [-7.332250e-02, -1.153062e-01,  1.308202e-01,  9.965424e-02,  2.654252e-01],
 [-5.814445e-02, -3.815695e-02,  2.057117e-02,  1.099979e-01,  1.465816e-01],
 [ 2.501158e-03, -1.334903e-03,  8.885929e-04, -3.521257e-04, -1.529892e-03],
 [-1.817350e-03,  3.325345e-04,  3.136458e-04, -2.430872e-03, -1.069324e-03],
 [-1.370800e-02, -1.987846e-02,  4.651702e-03, -3.368498e-02, -2.804246e-02]]
energy_short: [ 0.072574, -0.34961 , -0.364039,  0.328809,  0.434704,  0.381392,  0.381136,  0.251521,  0.270855,  0.143901, -0.33766 , -0.351069,  0.399861]
energy_long: [-0.009321, -0.282627, -0.282625,  0.021678,  0.033255, -0.024419,  0.001253, -0.013311,  0.025042,  0.016776, -0.282624, -0.282624, -0.007256]