step=2500029, graph_id=0, num_atoms=13
scalar_charges: [0.420382, 0.281171, 0.282404, 0.55068 , 0.486233, 0.571823, 0.395936, 0.512489, 0.438625, 0.491512, 0.280232, 0.2835  , 0.392902]
spherical_charges_l0: [[-0.003232],
 [-0.000751],
 [-0.002459],
 [-0.001923],
 [-0.03262 ],
 [-0.621227],
 [-0.002427],
 [-0.590734],
 [-0.01695 ],
 [ 0.01406 ],
 [-0.001852],
 [-0.001921],
 [ 0.005447]]
spherical_charges_l1: [[ 1.422332e-03, -9.221631e-03,  1.367672e-02],
 [-2.255969e-03, -4.428222e-03, -3.762918e-03],
 [-1.414228e-03, -3.692247e-03, -3.036667e-03],
 [-3.526589e-04, -1.838341e-02, -4.663919e-03],
 [ 9.999995e-05, -3.381450e-02,  4.848796e-02],
 [ 3.563664e-01, -1.147458e+00, -1.394767e-01],
 [ 7.908324e-03, -2.089156e-02, -5.988791e-04],
 [-4.813532e-01,  8.275875e-01,  2.098527e-01],
 [-3.651662e-03,  8.175159e-03, -2.239136e-03],
 [ 2.809783e-03,  1.082306e-02, -5.767960e-05],
 [-4.241848e-03,  1.547536e-03, -1.306458e-03],
 [-1.325693e-03,  5.359161e-03, -3.017157e-03],
 [-3.200564e-03,  1.686031e-03, -4.121366e-04]]
spherical_charges_l2: [[-2.630855e-02, -2.418130e-02, -3.599611e-02, -3.761011e-02, -4.093460e-03],
 [-1.153163e-02, -4.168164e-03, -7.061096e-03,  6.204124e-03, -2.008655e-03],
 [ 1.697160e-03,  7.790390e-03,  3.425496e-03,  1.004376e-03,  3.659766e-03],
 [-6.204437e-02, -1.675557e-02, -1.814260e-01, -8.111145e-02,  3.797372e-02],
 [ 2.134452e-02, -1.724432e-01, -2.484290e-01, -1.971040e-01,  5.127773e-02],
 [-1.708647e-01,  1.121895e+00,  3.420929e+00,  2.127854e+00, -1.129338e+00],
 [ 2.316350e-02,  1.209880e-04, -6.144075e-02, -1.532819e-02, -8.385072e-03],
 [ 8.104908e-01,  1.219365e+00, -1.265211e+00, -1.005439e+00, -2.808498e+00],
 [-9.115684e-02, -1.206452e-01,  1.228352e-01,  1.011085e-01,  2.190348e-01],
 [-2.645158e-02, -9.589727e-03, -5.556978e-03,  3.829779e-02,  3.298031e-02],
 [-5.299216e-03,  6.259787e-03, -3.060728e-03, -2.650936e-03,  7.652884e-04],
 [ 8.018235e-03, -1.910211e-03,  1.698925e-03,  3.396824e-03, -1.065718e-03],
 [-1.523634e-02, -7.142660e-04,  5.940039e-03, -1.013213e-02,  1.545853e-02]]
energy_short: [-0.10853 , -0.395912, -0.405121,  0.205025,  0.444478,  0.377721,  0.301451,  0.234163,  0.264474,  0.08148 , -0.387182, -0.394037,  0.161093]
energy_long: [-0.038816, -0.023076, -0.023021, -0.017332, -0.004215, -0.013467, -0.016498,  0.004407, -0.007917, -0.020482, -0.021401, -0.021653, -0.030446]