step=3268035, graph_id=0, num_atoms=13
scalar_charges: [0.493202, 0.302703, 0.305922, 0.599591, 0.555447, 0.631542, 0.412679, 0.552315, 0.473973, 0.528083, 0.301626, 0.30509 , 0.443949]
spherical_charges_l0: [[ 6.625989e-04],
 [-6.345314e-06],
 [-1.584432e-03],
 [-3.719511e-03],
 [-3.001122e-02],
 [-4.737283e-01],
 [-1.747528e-03],
 [-4.605406e-01],
 [-9.283169e-03],
 [ 1.034114e-02],
 [-9.027763e-04],
 [-9.925573e-04],
 [ 5.650482e-03]]
spherical_charges_l1: [[ 5.684044e-03, -1.028057e-02,  8.321641e-03],
 [ 6.143000e-04, -2.349498e-03, -1.720274e-03],
 [-3.080098e-03,  6.144415e-05, -2.134138e-03],
 [-3.274609e-03, -6.570016e-03,  1.385907e-02],
 [ 1.159918e-02, -2.841442e-02,  4.484923e-02],
 [ 3.447229e-01, -9.892332e-01, -1.042453e-01],
 [ 5.400298e-03, -1.764758e-02, -9.265671e-04],
 [-4.202787e-01,  6.876060e-01,  1.901540e-01],
 [-3.731263e-03,  5.686621e-03, -3.951251e-03],
 [ 5.540506e-04,  1.412946e-02, -8.320352e-04],
 [-9.452979e-04,  4.208943e-04, -7.604507e-04],
 [-1.508621e-03,  1.830867e-03, -1.388079e-03],
 [-7.028383e-03,  6.212230e-03, -4.386243e-03]]
spherical_charges_l2: [[-3.169461e-02, -1.709247e-02, -3.072068e-02, -2.656503e-02, -3.825000e-03],
 [-1.333789e-02, -1.402716e-03, -7.212182e-03,  8.574859e-03, -2.881814e-04],
 [-2.299515e-03,  9.037501e-03,  1.773112e-03,  4.473194e-03,  4.157879e-03],
 [-5.516464e-02,  9.498696e-03, -1.947894e-01, -5.420501e-02,  6.382588e-02],
 [ 1.029862e-02, -1.700396e-01, -2.868702e-01, -2.302283e-01,  8.250645e-02],
 [-1.234614e-01,  1.058887e+00,  3.203162e+00,  1.968784e+00, -1.017425e+00],
 [ 3.367440e-02, -1.209609e-02, -5.823533e-02, -1.572975e-02, -1.217448e-02],
 [ 7.953052e-01,  1.160011e+00, -1.197365e+00, -9.878841e-01, -2.634154e+00],
 [-1.015391e-01, -1.391833e-01,  1.350890e-01,  1.229155e-01,  2.817327e-01],
 [-2.156960e-02, -5.298829e-03,  1.111494e-03,  2.674845e-02,  3.579897e-02],
 [-6.931437e-03,  5.570754e-03, -2.721505e-03, -2.579931e-03,  1.877863e-03],
 [ 8.542554e-03, -4.362292e-03,  2.908241e-03,  4.384498e-03,  1.699233e-05],
 [-2.236390e-02, -9.980393e-03,  8.717258e-03, -8.650255e-03,  1.646383e-02]]
energy_short: [-0.128716, -0.385074, -0.396639,  0.219632,  0.42474 ,  0.376087,  0.284321,  0.229219,  0.250439,  0.092827, -0.375693, -0.384034,  0.144392]
energy_long: [-0.038042, -0.019137, -0.019324, -0.018008, -0.000996, -0.01376 , -0.014856,  0.005161, -0.006197, -0.020045, -0.017787, -0.01851 , -0.028556]