step=3984044, graph_id=0, num_atoms=13
scalar_charges: [0.545285, 0.358793, 0.363414, 0.645952, 0.608018, 0.698442, 0.450948, 0.612101, 0.518011, 0.573059, 0.359389, 0.363556, 0.490411]
spherical_charges_l0: [[ 3.233172e-03],
 [-1.511890e-04],
 [-1.718028e-03],
 [-2.732975e-03],
 [-2.835983e-02],
 [-5.047724e-01],
 [-1.334505e-03],
 [-4.857987e-01],
 [-8.838654e-03],
 [ 1.085457e-02],
 [-8.790313e-04],
 [-1.008878e-03],
 [ 6.117825e-03]]
spherical_charges_l1: [[ 6.901663e-03, -1.028652e-02,  6.253661e-03],
 [-3.288595e-04, -2.156539e-03, -2.114482e-03],
 [-2.040710e-03, -4.515983e-05, -1.681273e-03],
 [-2.871707e-03, -1.382953e-02,  1.535167e-02],
 [ 1.714813e-02, -3.236227e-02,  3.984193e-02],
 [ 3.452778e-01, -1.020180e+00, -1.139423e-01],
 [ 4.110361e-03, -1.365876e-02,  3.419189e-04],
 [-4.256374e-01,  6.843578e-01,  1.743526e-01],
 [-5.339418e-03,  5.942717e-03, -4.212811e-03],
 [-1.089027e-03,  1.777638e-02, -1.046248e-03],
 [-1.288408e-03,  2.409016e-04, -6.008034e-04],
 [-1.041322e-03,  1.897741e-03, -1.333794e-03],
 [-8.236510e-03,  9.822931e-03, -5.695266e-03]]
spherical_charges_l2: [[-3.038046e-02, -1.841788e-02, -3.093803e-02, -2.289036e-02, -2.708513e-03],
 [-1.172677e-02, -1.941441e-03, -6.063483e-03,  8.185391e-03, -1.080792e-03],
 [-2.409302e-03,  7.608481e-03,  2.277441e-03,  4.913044e-03,  3.015955e-03],
 [-6.404784e-02,  2.249518e-02, -1.835382e-01, -4.471287e-02,  7.676620e-02],
 [-8.967031e-03, -1.875609e-01, -3.387558e-01, -2.436229e-01,  7.873968e-02],
 [-1.124842e-01,  1.137372e+00,  3.544893e+00,  2.202585e+00, -1.170283e+00],
 [ 3.207302e-02, -5.513368e-03, -5.513759e-02, -1.171218e-02, -1.206935e-02],
 [ 8.489337e-01,  1.260777e+00, -1.313826e+00, -1.077992e+00, -2.867923e+00],
 [-1.194966e-01, -1.515768e-01,  1.463418e-01,  1.242567e-01,  2.975254e-01],
 [-2.155526e-02, -5.174896e-03,  6.607070e-05,  2.696086e-02,  4.196374e-02],
 [-5.743407e-03,  4.682214e-03, -2.338697e-03, -2.759640e-03,  8.755347e-04],
 [ 7.240282e-03, -4.121799e-03,  2.646227e-03,  3.228178e-03, -6.693726e-04],
 [-2.091865e-02, -1.709529e-02,  1.120026e-02, -1.058428e-02,  1.453717e-02]]
energy_short: [-0.093646, -0.372226, -0.384979,  0.24266 ,  0.44123 ,  0.393338,  0.300429,  0.244518,  0.267158,  0.114972, -0.362877, -0.372045,  0.179665]
energy_long: [-0.052717, -0.033287, -0.033904, -0.033617, -0.016454, -0.030765, -0.030868, -0.011088, -0.022389, -0.035551, -0.032173, -0.033211, -0.043076]