step=36000, graph_id=0, num_atoms=13
scalar_charges: [ 0.002041,  0.209734,  0.206377,  0.005799,  0.000646, -0.007593, -0.017686, -0.018309, -0.002611,  0.007463,  0.215542,  0.206366, -0.011683]
spherical_charges_l0: [[-1.249517e-02],
 [-1.490943e-05],
 [-3.332787e-05],
 [-7.213388e-03],
 [-1.299411e-02],
 [-6.579178e-03],
 [-1.946503e-03],
 [-4.116722e-03],
 [-7.578711e-03],
 [-3.945250e-03],
 [-5.751938e-05],
 [-2.993744e-05],
 [-1.133899e-02]]
spherical_charges_l1: [[ 1.586201e-03, -1.312127e-03, -2.602099e-03],
 [-2.042323e-05,  5.581744e-06, -2.736540e-05],
 [ 2.811041e-05,  9.724296e-05,  5.637457e-05],
 [-7.788050e-03, -1.872330e-03, -1.501477e-02],
 [-1.547043e-03, -5.755772e-03,  7.651881e-03],
 [ 1.157734e-03, -1.117841e-02, -2.538125e-03],
 [-2.626577e-03,  2.915813e-03, -2.243821e-03],
 [-1.526090e-03,  8.463374e-03,  6.462965e-03],
 [ 3.335456e-03, -3.919664e-03,  2.066859e-03],
 [-5.375856e-03,  5.284358e-03, -7.276440e-03],
 [-9.858331e-07, -3.432520e-05,  1.390265e-05],
 [ 5.322672e-05, -6.575882e-05,  3.391920e-05],
 [ 1.800300e-03, -2.378531e-03, -2.777646e-03]]
spherical_charges_l2: [[ 8.028514e-04, -3.202390e-03,  9.169323e-06, -5.726193e-03, -5.515877e-03],
 [ 1.373665e-05, -9.323734e-05, -3.398678e-05, -6.301446e-05, -1.225417e-05],
 [ 4.541660e-05,  2.909050e-05, -5.894265e-06, -4.399841e-05,  4.653147e-05],
 [ 8.790435e-03, -1.331359e-02, -1.007708e-02, -9.669895e-03,  8.494135e-05],
 [-1.413539e-03,  1.759127e-02,  1.893389e-03,  5.652421e-03,  9.429744e-03],
 [ 6.669604e-03,  1.087972e-03,  2.712866e-03, -2.250684e-03, -1.232662e-03],
 [-4.312102e-04, -2.145373e-04,  1.887436e-03,  1.514433e-04,  2.449015e-03],
 [ 5.743442e-03, -3.252300e-04,  3.565180e-04, -8.444904e-03, -7.161661e-03],
 [ 1.292700e-03, -3.252646e-03, -5.169584e-03,  7.030942e-03, -8.915803e-03],
 [ 1.470713e-03,  1.278948e-02, -8.136165e-03,  3.830571e-03,  1.778894e-03],
 [-6.113845e-05,  5.984501e-05, -3.354124e-05, -7.435786e-06,  3.121586e-05],
 [ 3.757419e-05, -8.664257e-06,  2.973114e-06,  5.769376e-05,  2.558186e-05],
 [ 2.829894e-03,  2.839653e-03, -3.430939e-03,  1.102402e-03, -5.791249e-03]]
energy_short: [-0.000937, -0.115684, -0.133355,  0.1404  ,  0.036027,  0.052218, -0.049944, -0.091999, -0.151407, -0.113937, -0.085063, -0.112787,  0.336214]
energy_long: [0.043446, 0.041803, 0.041798, 0.043443, 0.043436, 0.04344 , 0.043448, 0.043443, 0.043439, 0.043443, 0.041805, 0.041798, 0.04345 ]