step=436007, graph_id=0, num_atoms=13
scalar_charges: [ 0.917227, -1.591599, -1.535784,  0.901032,  0.939956,  0.899707,  0.88968 ,  0.927042,  0.941575,  0.887391, -1.634673, -1.541504,  0.941126]
spherical_charges_l0: [[ 7.541870e-02],
 [-3.445479e-03],
 [-3.490524e-03],
 [-6.009370e-02],
 [-1.137015e-01],
 [-5.617167e+00],
 [-1.203682e-01],
 [-4.853061e+00],
 [ 6.717919e-03],
 [ 6.230979e-02],
 [-3.900618e-03],
 [-4.229853e-03],
 [ 1.308261e-01]]
spherical_charges_l1: [[-3.699105e-02,  5.975831e-02,  4.169995e-02],
 [ 2.391076e-04, -1.307228e-03,  1.920055e-05],
 [ 6.897928e-04, -1.588814e-03, -2.680039e-04],
 [ 8.969492e-03, -3.441725e-01, -1.839874e-01],
 [-6.928732e-02, -1.049298e-01,  1.310694e-01],
 [ 1.021179e+00, -2.811651e+00,  2.352434e-02],
 [ 2.613722e-02, -3.822993e-02,  5.056411e-02],
 [-9.977030e-01,  2.098364e+00,  5.053343e-01],
 [ 6.734424e-02, -1.737798e-02,  3.016137e-02],
 [-6.707936e-02,  6.868792e-02, -4.315481e-02],
 [-3.389729e-03,  2.206065e-03, -1.059258e-03],
 [-1.330322e-03,  4.000731e-03, -1.849793e-03],
 [ 2.496513e-02, -2.148643e-02,  4.035845e-02]]
spherical_charges_l2: [[-7.393798e-02, -6.067334e-02,  1.415093e-02, -1.716074e-02,  5.185690e-02],
 [-1.414482e-03, -1.506949e-03, -4.857623e-03, -1.603056e-03,  1.193118e-03],
 [ 1.467815e-04,  2.386291e-03, -5.852830e-04, -6.849134e-04,  3.131817e-03],
 [-1.490353e-02, -5.365578e-02, -3.019545e-01, -1.292297e-01, -2.392475e-02],
 [ 1.487080e-01, -2.022022e-01, -3.582731e-02, -2.033215e-01,  5.470297e-02],
 [-4.763115e-01,  2.493174e+00,  6.763887e+00,  4.727914e+00, -2.426512e+00],
 [ 2.013958e-02, -9.638120e-03, -5.798388e-02,  3.193214e-02, -1.067686e-02],
 [ 1.673611e+00,  2.374816e+00, -2.264758e+00, -2.673741e+00, -5.975066e+00],
 [ 4.243545e-02, -4.410479e-02,  6.372212e-02,  4.559817e-02,  1.282229e-01],
 [-3.515849e-02, -4.024987e-02, -7.533015e-02,  1.309498e-01,  7.126328e-02],
 [-4.867494e-03,  2.589452e-03, -2.481776e-03,  1.277273e-03,  4.355910e-03],
 [ 2.387488e-03,  5.682381e-04,  1.417340e-04,  5.454686e-03,  3.071554e-03],
 [-4.051368e-02, -6.280880e-02,  2.947288e-02,  3.345729e-02,  1.957108e-02]]
energy_short: [-0.088772,  0.108567,  0.095058,  0.11969 ,  0.227057,  0.150273,  0.165547,  0.024562,  0.056164, -0.098329,  0.117258,  0.105446,  0.269552]
energy_long: [-0.022806, -0.298367, -0.298398,  0.021926,  0.044637, -0.020843, -0.00723 , -0.013009,  0.026082,  0.019152, -0.298368, -0.298369, -0.013633]