step=1632019, graph_id=0, num_atoms=13
scalar_charges: [0.240061, 0.146379, 0.146747, 0.237078, 0.240327, 0.238715, 0.241864, 0.240544, 0.241314, 0.237985, 0.146152, 0.147235, 0.240252]
spherical_charges_l0: [[-9.712361e-03],
 [-8.007761e-04],
 [-2.562196e-03],
 [-1.535527e-02],
 [-3.625030e-02],
 [-8.340895e-01],
 [-5.194936e-03],
 [-7.526121e-01],
 [-1.001762e-02],
 [ 1.359752e-02],
 [-1.077065e-03],
 [-1.044022e-03],
 [ 9.071764e-04]]
spherical_charges_l1: [[-1.761621e-03,  2.255893e-03,  2.231761e-02],
 [-2.262494e-03, -1.335219e-03, -1.938898e-03],
 [ 7.944036e-04, -2.451325e-03, -1.176118e-03],
 [-6.871630e-03, -4.053781e-02, -7.285687e-03],
 [-1.822704e-02, -8.294539e-02,  7.342658e-02],
 [ 5.074719e-01, -1.452855e+00, -1.175279e-01],
 [ 1.954693e-02, -3.945133e-02,  2.662094e-02],
 [-5.990841e-01,  1.050267e+00,  2.409122e-01],
 [ 6.012529e-03,  4.633663e-03,  1.524500e-02],
 [ 1.105386e-02, -1.694485e-02,  8.607313e-03],
 [-2.680713e-03, -2.146559e-04, -5.887777e-05],
 [ 9.597901e-04,  2.051149e-03, -1.023342e-03],
 [ 3.045145e-03, -3.563456e-03, -2.201960e-03]]
spherical_charges_l2: [[-1.367810e-02, -7.145576e-03,  4.356518e-03, -3.261772e-02, -4.030441e-02],
 [-5.904207e-03, -4.541829e-03, -5.972378e-03,  1.128131e-04, -1.069873e-03],
 [ 2.122026e-03,  5.385491e-03,  3.518287e-03,  9.702194e-04,  1.772063e-03],
 [-1.437231e-02,  1.633128e-03, -2.259735e-01, -1.100011e-01,  3.310329e-02],
 [-3.012932e-02, -1.463743e-01, -2.492754e-01, -1.628835e-01,  9.758607e-02],
 [-1.949217e-01,  1.148305e+00,  3.546156e+00,  2.221442e+00, -1.254931e+00],
 [ 2.822539e-02,  1.267767e-02, -8.809276e-02, -3.955246e-03, -1.124727e-02],
 [ 8.546169e-01,  1.248357e+00, -1.290166e+00, -1.183846e+00, -2.990260e+00],
 [-8.414278e-02, -1.331877e-01,  1.041839e-01,  1.020475e-01,  2.546819e-01],
 [-2.587109e-02, -8.868605e-03, -6.128875e-03,  5.220680e-02,  4.595854e-02],
 [-3.725732e-03,  2.183972e-03, -1.251436e-03, -1.276463e-03,  9.086010e-04],
 [ 3.905217e-03, -1.792944e-03,  9.897280e-04,  2.047298e-03, -5.299099e-04],
 [-5.422290e-03, -6.290970e-03,  2.529921e-03, -1.605548e-02, -8.726256e-03]]
energy_short: [-0.00953 , -0.927087, -0.933336,  0.537735,  0.686413,  0.634901,  0.54503 ,  0.49097 ,  0.510814,  0.393553, -0.914702, -0.921769,  0.264677]
energy_long: [-0.036257, -0.014166, -0.013469, -0.009441,  0.01052 , -0.043301, -0.008656, -0.018633,  0.011412, -0.013583, -0.00834 , -0.008941, -0.024401]