step=2844032, graph_id=0, num_atoms=13
scalar_charges: [0.458992, 0.304506, 0.309492, 0.526659, 0.495618, 0.566793, 0.390805, 0.502652, 0.436981, 0.475241, 0.303851, 0.309009, 0.415727]
spherical_charges_l0: [[ 6.484686e-04],
 [-3.718172e-04],
 [-1.180553e-03],
 [ 4.899983e-04],
 [-2.077567e-02],
 [-5.289004e-01],
 [ 4.304096e-04],
 [-4.993471e-01],
 [-3.775903e-03],
 [ 1.073031e-02],
 [-8.874160e-04],
 [-9.422018e-04],
 [ 7.694618e-03]]
spherical_charges_l1: [[ 6.619927e-03, -7.000771e-03,  1.016675e-02],
 [-4.264086e-04, -1.749413e-03, -1.639042e-03],
 [-1.147005e-03, -3.544570e-04, -1.258521e-03],
 [ 1.246187e-02, -1.469874e-02,  1.651918e-02],
 [ 4.203385e-03, -3.513102e-02,  4.852803e-02],
 [ 3.029363e-01, -1.039395e+00, -1.257940e-01],
 [ 3.654961e-03, -1.780526e-02,  1.678381e-03],
 [-4.144066e-01,  7.092857e-01,  1.910229e-01],
 [-1.918821e-03,  8.815097e-03, -3.103714e-03],
 [ 1.806880e-03,  1.132859e-02, -2.219482e-03],
 [-1.610844e-03,  1.536585e-04, -4.436806e-04],
 [-5.050272e-04,  1.952761e-03, -1.193538e-03],
 [-4.588626e-03,  1.544560e-03, -1.125234e-03]]
spherical_charges_l2: [[-3.822896e-02, -1.523518e-02, -3.753874e-02, -2.333131e-02, -1.697040e-03],
 [-7.402544e-03, -1.572241e-03, -3.523701e-03,  5.599333e-03, -6.248200e-04],
 [-1.197597e-03,  3.902177e-03,  1.864915e-03,  3.199253e-03,  1.320036e-03],
 [-5.384954e-02, -9.360153e-03, -1.822402e-01, -6.082600e-02,  4.323297e-02],
 [ 1.731101e-03, -1.581262e-01, -2.591547e-01, -1.985294e-01,  8.119671e-02],
 [-1.557741e-01,  1.116309e+00,  3.386912e+00,  2.138822e+00, -1.110648e+00],
 [ 2.161492e-02, -4.602610e-03, -5.841811e-02, -1.167237e-02, -1.106338e-02],
 [ 8.156283e-01,  1.178897e+00, -1.269537e+00, -1.060865e+00, -2.777601e+00],
 [-8.985706e-02, -1.317346e-01,  1.259034e-01,  1.030163e-01,  2.836199e-01],
 [-1.420537e-02,  2.728748e-03, -7.346969e-04,  2.013848e-02,  2.566544e-02],
 [-3.627365e-03,  4.544799e-03, -1.949596e-03, -2.402717e-03,  1.208108e-04],
 [ 5.699777e-03, -1.910257e-03,  1.489357e-03,  1.709818e-03, -9.345409e-04],
 [-2.627539e-02, -1.785882e-02,  1.150621e-02, -1.501705e-02,  1.406975e-02]]
energy_short: [-0.117938, -0.393408, -0.404397,  0.208231,  0.415233,  0.360786,  0.270281,  0.215332,  0.237034,  0.079344, -0.384814, -0.392299,  0.156331]
energy_long: [-0.029094, -0.011216, -0.011042, -0.006599,  0.008263, -0.013696, -0.006321,  0.006612,  0.004563, -0.009643, -0.009516, -0.010065, -0.019982]