step=3668038, graph_id=0, num_atoms=13
scalar_charges: [0.519543, 0.338557, 0.341616, 0.612222, 0.567032, 0.648133, 0.422502, 0.568397, 0.483779, 0.544299, 0.338805, 0.342067, 0.465114]
spherical_charges_l0: [[ 1.739954e-03],
 [-7.279347e-05],
 [-1.663434e-03],
 [-2.752727e-03],
 [-2.637430e-02],
 [-4.819040e-01],
 [-1.117715e-03],
 [-4.644314e-01],
 [-7.932685e-03],
 [ 1.000891e-02],
 [-9.277779e-04],
 [-1.039275e-03],
 [ 5.399878e-03]]
spherical_charges_l1: [[ 7.591551e-03, -1.179007e-02,  6.492820e-03],
 [-2.568459e-04, -2.228193e-03, -2.116309e-03],
 [-2.274092e-03,  3.883916e-05, -1.770601e-03],
 [ 8.144831e-04, -9.389812e-03,  1.625651e-02],
 [ 1.360367e-02, -2.960529e-02,  4.066350e-02],
 [ 3.246922e-01, -9.645528e-01, -1.109722e-01],
 [ 3.981106e-03, -1.346015e-02,  6.301631e-04],
 [-4.031429e-01,  6.547395e-01,  1.718228e-01],
 [-3.912478e-03,  4.201695e-03, -3.670556e-03],
 [ 2.401366e-04,  1.511112e-02, -8.675288e-04],
 [-1.216480e-03,  3.081633e-04, -6.470392e-04],
 [-1.119918e-03,  1.941597e-03, -1.355172e-03],
 [-7.643042e-03,  9.003543e-03, -5.438812e-03]]
spherical_charges_l2: [[-2.697479e-02, -1.947009e-02, -3.102106e-02, -2.702191e-02, -1.486648e-03],
 [-1.199451e-02, -1.397663e-03, -5.971248e-03,  8.355972e-03, -7.101106e-04],
 [-2.352819e-03,  7.945990e-03,  1.923693e-03,  4.645358e-03,  3.342465e-03],
 [-6.314697e-02,  1.937156e-02, -1.854944e-01, -4.904421e-02,  7.366079e-02],
 [-8.096802e-03, -1.653863e-01, -3.069436e-01, -2.204268e-01,  7.716025e-02],
 [-1.166997e-01,  1.069965e+00,  3.337409e+00,  2.077877e+00, -1.088608e+00],
 [ 3.152127e-02, -6.025287e-03, -5.423424e-02, -1.168182e-02, -1.281430e-02],
 [ 8.097656e-01,  1.194359e+00, -1.240050e+00, -1.016885e+00, -2.723022e+00],
 [-1.095354e-01, -1.427384e-01,  1.349335e-01,  1.172775e-01,  2.800249e-01],
 [-1.969289e-02, -2.469763e-03,  7.593029e-04,  2.854380e-02,  4.160901e-02],
 [-5.858025e-03,  4.793183e-03, -2.326257e-03, -2.530316e-03,  1.207146e-03],
 [ 7.420809e-03, -4.124896e-03,  2.649914e-03,  3.527049e-03, -3.301478e-04],
 [-1.931400e-02, -1.262464e-02,  9.197962e-03, -8.162994e-03,  1.551387e-02]]
energy_short: [-0.107203, -0.376895, -0.388681,  0.231164,  0.430773,  0.384098,  0.291396,  0.2354  ,  0.256788,  0.100747, -0.36724 , -0.376075,  0.167363]
energy_long: [-0.04452 , -0.024782, -0.02546 , -0.024948, -0.008172, -0.019448, -0.021699,  0.000241, -0.013348, -0.026729, -0.023752, -0.024654, -0.034763]