step=8000, graph_id=0, num_atoms=13
scalar_charges: [-2.097811e-03,  1.438004e-01,  1.500031e-01,  2.673745e-02,  1.166174e-04, -1.299932e-02, -8.452891e-03, -1.320710e-02, -7.028653e-03,  1.422744e-02,  1.465208e-01,  1.488342e-01,  1.193793e-03]
spherical_charges_l0: [[-2.102236e-03],
 [-8.267881e-08],
 [-6.071490e-07],
 [-1.151530e-03],
 [-6.101455e-03],
 [-1.681376e-03],
 [-2.189593e-03],
 [-2.486620e-03],
 [-8.417915e-03],
 [-2.484215e-03],
 [-2.672302e-07],
 [-3.889103e-07],
 [-2.939832e-03]]
spherical_charges_l1: [[-1.207977e-03, -6.443213e-04, -1.130047e-03],
 [-9.956292e-08, -1.507501e-08, -8.116086e-08],
 [ 2.184337e-07, -4.924956e-07, -2.941741e-07],
 [ 4.101580e-05, -1.378593e-03, -2.987162e-04],
 [ 2.426079e-04,  1.900574e-03,  6.864782e-04],
 [ 5.714034e-04, -9.177091e-04,  1.756584e-04],
 [ 1.367235e-04, -6.964184e-05,  1.519323e-04],
 [-3.580274e-04,  6.757302e-04,  5.569708e-04],
 [ 9.167005e-04, -1.077682e-03,  1.468025e-03],
 [-1.576789e-03,  2.422934e-03, -9.954767e-04],
 [ 1.536862e-07, -6.652007e-08,  2.131339e-08],
 [ 5.670819e-08,  7.190425e-08, -6.964613e-08],
 [-5.439569e-04,  4.320480e-04,  3.099293e-04]]
spherical_charges_l2: [[-5.805492e-04, -1.348275e-04,  3.035795e-04,  1.152040e-03, -2.698794e-04],
 [-3.243064e-07, -2.541578e-08, -2.522670e-07,  5.468581e-08, -2.469042e-08],
 [ 4.778238e-07,  4.971040e-07,  4.504244e-08, -4.240644e-07,  3.368584e-07],
 [ 3.377338e-04, -1.025013e-03,  2.493183e-05, -1.033348e-03, -4.969272e-04],
 [ 1.109174e-03, -2.888237e-04,  1.522894e-03, -1.244594e-03, -3.210504e-04],
 [ 4.241293e-04,  4.875484e-04,  8.700594e-05,  2.326229e-06,  1.642911e-04],
 [-9.008416e-06,  6.266280e-04,  1.374333e-04,  1.247419e-04,  5.214927e-04],
 [ 3.108178e-04,  5.825458e-04, -1.121837e-04, -3.678666e-04,  5.737121e-04],
 [ 3.929448e-04,  1.715795e-03, -1.140877e-03,  2.011563e-03,  1.788377e-04],
 [ 3.542702e-04,  1.180417e-03, -4.898295e-04,  9.444137e-05, -4.367769e-04],
 [-3.397654e-07,  1.837361e-07, -9.469183e-08, -1.511144e-07,  2.292546e-08],
 [ 4.135079e-07, -1.029165e-07, -1.616834e-09,  1.443622e-07, -1.050923e-07],
 [-1.404288e-04, -7.916336e-04,  2.991046e-04, -9.902024e-04, -1.108860e-03]]
energy_short: [ 0.029934, -0.491522, -0.524521,  0.347114, -0.109387, -0.018498, -0.133637, -0.203989, -0.273559,  0.022534, -0.437106, -0.48782 ,  0.411091]
energy_long: [0.149578, 0.096784, 0.096321, 0.148003, 0.146896, 0.148322, 0.149688, 0.148351, 0.147542, 0.147736, 0.097229, 0.096638, 0.15179 ]