step=2704030, graph_id=0, num_atoms=13
scalar_charges: [0.475611, 0.272032, 0.273392, 0.571839, 0.539983, 0.616417, 0.426093, 0.553369, 0.47768 , 0.512161, 0.271933, 0.273801, 0.432895]
spherical_charges_l0: [[-2.478465e-03],
 [ 1.141495e-04],
 [-1.118482e-03],
 [-4.338392e-03],
 [-2.707137e-02],
 [-5.142213e-01],
 [-2.048255e-03],
 [-4.928089e-01],
 [-1.061533e-02],
 [ 9.335788e-03],
 [-8.234727e-04],
 [-8.726674e-04],
 [ 6.131914e-03]]
spherical_charges_l1: [[ 5.682310e-03, -1.327725e-02,  1.206935e-02],
 [-2.170070e-04, -2.093033e-03, -1.590083e-03],
 [-1.641647e-03, -2.048081e-04, -1.230174e-03],
 [ 5.029324e-03, -1.363916e-02,  1.232258e-02],
 [ 6.909478e-03, -3.507283e-02,  4.257527e-02],
 [ 2.819202e-01, -1.017106e+00, -1.370959e-01],
 [ 7.538917e-03, -2.035522e-02, -1.203258e-03],
 [-3.990727e-01,  7.057563e-01,  2.050544e-01],
 [-5.325831e-03,  3.769205e-03, -8.805050e-03],
 [ 3.342997e-03,  1.054604e-02,  1.254609e-03],
 [-2.067986e-03,  3.138696e-04, -5.314864e-04],
 [-7.241214e-04,  2.387061e-03, -1.462671e-03],
 [-5.084713e-03,  4.351926e-03, -8.519297e-04]]
spherical_charges_l2: [[-2.476614e-02, -1.516546e-02, -2.413274e-02, -2.989479e-02, -6.080077e-03],
 [-8.107207e-03, -1.685813e-03, -4.854799e-03,  5.113688e-03, -2.232710e-04],
 [ 9.424164e-05,  4.577724e-03,  1.871698e-03,  1.824686e-03,  2.376963e-03],
 [-4.754332e-02, -1.464510e-02, -1.481425e-01, -5.724282e-02,  4.449954e-02],
 [ 9.273333e-03, -1.544540e-01, -2.326906e-01, -1.917381e-01,  5.394354e-02],
 [-1.128784e-01,  1.033009e+00,  3.173768e+00,  1.949284e+00, -1.012698e+00],
 [ 3.413912e-02, -1.061946e-02, -6.097440e-02, -1.211593e-02, -1.634635e-02],
 [ 7.685719e-01,  1.105811e+00, -1.182025e+00, -1.006043e+00, -2.649892e+00],
 [-7.980171e-02, -1.104627e-01,  1.243268e-01,  1.029115e-01,  2.182462e-01],
 [-1.863061e-02, -4.828372e-03, -4.321016e-04,  1.990260e-02,  2.505964e-02],
 [-3.814920e-03,  5.016100e-03, -2.313472e-03, -1.698483e-03,  6.696820e-04],
 [ 6.389920e-03, -1.787403e-03,  1.476770e-03,  2.629829e-03, -6.578809e-04],
 [-1.775987e-02, -6.986431e-03,  9.547941e-03, -1.562156e-02,  1.217416e-02]]
energy_short: [-0.135986, -0.395652, -0.405666,  0.224493,  0.433628,  0.380897,  0.28976 ,  0.232486,  0.255284,  0.097155, -0.386526, -0.393853,  0.138381]
energy_long: [-0.034241, -0.016793, -0.016703, -0.011436,  0.001474, -0.007587, -0.011947,  0.011291, -0.001767, -0.013714, -0.015158, -0.015472, -0.025876]