step=572008, graph_id=0, num_atoms=13
scalar_charges: [ 1.166324, -1.760938, -1.691192,  1.140548,  1.163496,  1.155389,  1.058565,  1.169761,  1.158141,  1.153788, -1.81449 , -1.687681,  1.165354]
spherical_charges_l0: [[ 3.727584e-02],
 [-1.704862e-03],
 [-1.316520e-03],
 [-2.350859e-02],
 [-9.807361e-02],
 [-4.624475e+00],
 [-1.317764e-01],
 [-3.784545e+00],
 [ 8.595210e-03],
 [ 9.234028e-02],
 [-2.745587e-03],
 [-2.370713e-03],
 [ 9.194894e-02]]
spherical_charges_l1: [[-3.183951e-02,  6.679629e-02,  4.613676e-02],
 [ 1.438298e-03, -2.447857e-03, -7.764904e-04],
 [-8.425073e-04, -1.058483e-03, -9.920066e-04],
 [-2.198765e-02, -3.206895e-01, -1.443441e-01],
 [-6.264937e-02, -1.288365e-01,  1.112842e-01],
 [ 1.029114e+00, -2.892020e+00, -8.465362e-04],
 [ 3.431702e-02, -5.041019e-02,  5.549829e-02],
 [-9.644375e-01,  1.922596e+00,  5.448627e-01],
 [ 4.269627e-02,  5.277780e-03,  2.824693e-02],
 [-5.118784e-02,  8.041207e-02, -3.858647e-02],
 [ 3.501922e-06,  1.918095e-03, -1.247058e-03],
 [-1.904480e-03,  1.270964e-03, -1.054712e-03],
 [ 2.091373e-02, -2.662361e-02,  2.628548e-02]]
spherical_charges_l2: [[-7.707418e-02, -8.358093e-02,  7.684697e-03, -9.730544e-03,  1.335769e-02],
 [ 2.996238e-03,  9.085914e-04,  9.725610e-04, -2.856594e-03,  1.359086e-03],
 [ 4.948728e-04, -1.745022e-03, -9.546608e-04, -1.069139e-03, -1.029616e-03],
 [ 2.715463e-03, -5.389900e-02, -3.121653e-01, -8.247444e-02, -2.928121e-02],
 [ 1.297127e-01, -1.937673e-01, -7.572063e-02, -1.845486e-01,  3.884217e-02],
 [-5.866525e-01,  2.115754e+00,  6.057977e+00,  4.049251e+00, -2.072402e+00],
 [ 2.035094e-02,  3.253913e-02, -6.480996e-02,  2.374877e-02, -7.074635e-03],
 [ 1.231564e+00,  1.955660e+00, -2.124061e+00, -2.053480e+00, -5.062131e+00],
 [ 2.962642e-02, -4.926463e-02,  7.307000e-02,  6.588604e-02,  9.187089e-02],
 [-2.619543e-02, -3.517702e-02, -8.631255e-02,  1.187505e-01,  7.594462e-02],
 [ 5.900159e-04,  2.201055e-03, -5.284484e-04,  6.215504e-04,  2.510679e-04],
 [-2.787689e-04,  3.028045e-03, -1.853344e-03,  2.661040e-04,  8.894641e-04],
 [-3.093413e-02, -2.241896e-02, -5.735052e-03,  4.315530e-02, -2.010350e-02]]
energy_short: [-0.068433,  0.05017 ,  0.035357,  0.128471,  0.284691,  0.204761,  0.208122,  0.080185,  0.118976, -0.058813,  0.062071,  0.047288,  0.271715]
energy_long: [-0.036358, -0.313689, -0.313677,  0.008249,  0.024038, -0.031916, -0.019197, -0.021763,  0.008532,  0.002246, -0.313672, -0.313657, -0.027589]