step=3124034, graph_id=0, num_atoms=13
scalar_charges: [0.469013, 0.311834, 0.3152  , 0.580586, 0.5277  , 0.602089, 0.40137 , 0.526547, 0.458435, 0.508642, 0.311334, 0.314473, 0.425437]
spherical_charges_l0: [[-1.144624e-03],
 [-2.663958e-04],
 [-1.582393e-03],
 [-2.250514e-03],
 [-2.424415e-02],
 [-4.970661e-01],
 [-1.199434e-03],
 [-4.742640e-01],
 [-8.029100e-03],
 [ 1.004343e-02],
 [-9.162633e-04],
 [-1.035680e-03],
 [ 3.757774e-03]]
spherical_charges_l1: [[ 7.697219e-03, -1.019607e-02,  6.534558e-03],
 [-6.020825e-04, -1.905078e-03, -1.838337e-03],
 [-1.975742e-03, -3.811573e-04, -1.730598e-03],
 [ 3.285003e-04, -6.914007e-03,  1.148084e-02],
 [ 6.966393e-03, -2.873112e-02,  4.141964e-02],
 [ 2.934849e-01, -9.778900e-01, -1.210227e-01],
 [ 4.568508e-03, -1.555875e-02,  1.658450e-03],
 [-3.932086e-01,  6.668022e-01,  1.804529e-01],
 [-3.478454e-03,  8.713948e-03, -6.489699e-03],
 [ 2.959501e-03,  8.969074e-03, -1.685263e-04],
 [-1.634834e-03,  2.343579e-04, -6.068010e-04],
 [-6.834734e-04,  2.232035e-03, -1.453302e-03],
 [-5.081243e-03,  3.527483e-03, -4.349573e-03]]
spherical_charges_l2: [[-2.444924e-02, -1.308839e-02, -3.230242e-02, -2.676159e-02,  7.396386e-04],
 [-1.076054e-02, -1.357173e-03, -5.916813e-03,  6.836893e-03, -4.128309e-04],
 [-2.111615e-03,  7.385825e-03,  1.759645e-03,  3.679095e-03,  3.112364e-03],
 [-5.450922e-02, -3.012526e-05, -1.810538e-01, -5.256487e-02,  5.719982e-02],
 [-2.614337e-03, -1.468035e-01, -2.659386e-01, -1.950557e-01,  7.486097e-02],
 [-1.063817e-01,  1.071154e+00,  3.245720e+00,  2.040607e+00, -1.087398e+00],
 [ 2.665075e-02, -2.660881e-03, -5.474052e-02, -8.963943e-03, -1.362273e-02],
 [ 7.975435e-01,  1.159285e+00, -1.227289e+00, -1.039801e+00, -2.692990e+00],
 [-9.710006e-02, -1.307649e-01,  1.258754e-01,  1.114482e-01,  2.675139e-01],
 [-1.943665e-02, -4.774388e-03,  1.190787e-03,  2.804910e-02,  3.835630e-02],
 [-5.430677e-03,  4.445223e-03, -2.183628e-03, -2.161082e-03,  1.374008e-03],
 [ 6.900194e-03, -3.562101e-03,  2.388937e-03,  3.315710e-03, -2.414567e-04],
 [-2.011649e-02, -9.119773e-03,  7.781407e-03, -7.006344e-03,  1.598640e-02]]
energy_short: [-0.122491, -0.386242, -0.397365,  0.225436,  0.424913,  0.375292,  0.280916,  0.228502,  0.247826,  0.099261, -0.377037, -0.384796,  0.150139]
energy_long: [-0.032115, -0.014524, -0.014355, -0.012756,  0.002939, -0.013963, -0.011003,  0.004034, -0.001292, -0.014723, -0.012824, -0.013662, -0.022787]