step=3992045, graph_id=0, num_atoms=13
scalar_charges: [0.544292, 0.35844 , 0.36302 , 0.646383, 0.606933, 0.697672, 0.450969, 0.611598, 0.517469, 0.573115, 0.359029, 0.363165, 0.489771]
spherical_charges_l0: [[ 3.288112e-03],
 [-1.591633e-04],
 [-1.755880e-03],
 [-2.826794e-03],
 [-2.824924e-02],
 [-5.064994e-01],
 [-1.282981e-03],
 [-4.870287e-01],
 [-8.848691e-03],
 [ 1.081211e-02],
 [-8.971259e-04],
 [-1.030952e-03],
 [ 6.176970e-03]]
spherical_charges_l1: [[ 6.872347e-03, -1.029616e-02,  6.205454e-03],
 [-3.095713e-04, -2.174735e-03, -2.130051e-03],
 [-2.085699e-03, -7.391071e-06, -1.696403e-03],
 [-2.595120e-03, -1.416848e-02,  1.530771e-02],
 [ 1.666185e-02, -3.161965e-02,  3.947223e-02],
 [ 3.465859e-01, -1.023786e+00, -1.141588e-01],
 [ 4.116388e-03, -1.382765e-02,  3.097531e-04],
 [-4.268000e-01,  6.864704e-01,  1.743455e-01],
 [-5.320058e-03,  5.355572e-03, -4.307904e-03],
 [-1.230765e-03,  1.781791e-02, -1.164930e-03],
 [-1.265556e-03,  2.331450e-04, -5.980558e-04],
 [-1.050884e-03,  1.896236e-03, -1.335533e-03],
 [-8.312083e-03,  9.836596e-03, -5.796688e-03]]
spherical_charges_l2: [[-3.014204e-02, -1.836043e-02, -3.077032e-02, -2.296169e-02, -2.716538e-03],
 [-1.202944e-02, -1.955003e-03, -6.201596e-03,  8.365760e-03, -1.115602e-03],
 [-2.507736e-03,  7.796534e-03,  2.276199e-03,  5.021701e-03,  3.084278e-03],
 [-6.371331e-02,  2.328461e-02, -1.827983e-01, -4.441284e-02,  7.691389e-02],
 [-8.787761e-03, -1.870160e-01, -3.382750e-01, -2.435620e-01,  7.868914e-02],
 [-1.108694e-01,  1.140255e+00,  3.554056e+00,  2.209012e+00, -1.171979e+00],
 [ 3.206808e-02, -6.034523e-03, -5.547161e-02, -1.200754e-02, -1.219823e-02],
 [ 8.517708e-01,  1.263062e+00, -1.317042e+00, -1.081471e+00, -2.872864e+00],
 [-1.194358e-01, -1.517811e-01,  1.463557e-01,  1.243860e-01,  2.970448e-01],
 [-2.156123e-02, -5.280661e-03,  6.673695e-05,  2.694392e-02,  4.145738e-02],
 [-5.852143e-03,  4.678376e-03, -2.345714e-03, -2.807734e-03,  8.946942e-04],
 [ 7.312069e-03, -4.239552e-03,  2.708594e-03,  3.269924e-03, -6.721701e-04],
 [-2.088276e-02, -1.719130e-02,  1.138367e-02, -1.058956e-02,  1.480388e-02]]
energy_short: [-0.094111, -0.372118, -0.384855,  0.242104,  0.441122,  0.393118,  0.299975,  0.244254,  0.267003,  0.114347, -0.362818, -0.371968,  0.179262]
energy_long: [-0.053215, -0.033756, -0.034407, -0.034063, -0.016931, -0.031216, -0.031278, -0.011439, -0.022834, -0.03599 , -0.03266 , -0.03369 , -0.043556]