step=916011, graph_id=0, num_atoms=13
scalar_charges: [ 1.404387, -1.055263, -1.01594 ,  1.032272,  1.395375,  1.357207,  1.258024,  1.400753,  1.392377,  1.186256, -1.064553, -1.015781,  1.348929]
spherical_charges_l0: [[-7.520367e-03],
 [-1.983717e-04],
 [-3.450656e-04],
 [ 4.317743e-02],
 [-6.812904e-02],
 [-2.749899e+00],
 [-5.586254e-02],
 [-2.431462e+00],
 [ 1.288031e-02],
 [ 9.452485e-02],
 [-1.995068e-04],
 [-3.776154e-05],
 [ 2.552897e-02]]
spherical_charges_l1: [[-1.916835e-02,  7.425683e-02,  6.703225e-02],
 [-2.668914e-04,  1.977917e-05, -3.116994e-04],
 [-1.510096e-04, -4.996790e-05, -1.609935e-04],
 [-5.999642e-02, -1.283261e-01, -1.831313e-02],
 [-4.846233e-02, -1.518033e-01,  7.656882e-02],
 [ 8.214386e-01, -2.396614e+00, -6.150696e-02],
 [ 3.545324e-02, -5.956301e-02,  1.156152e-02],
 [-8.623399e-01,  1.618925e+00,  5.828050e-01],
 [ 2.095218e-02, -4.352652e-03, -1.798570e-02],
 [-1.607582e-02,  6.522039e-02,  3.618069e-03],
 [-3.316334e-04,  3.921388e-04, -2.279195e-04],
 [-5.603884e-04,  2.375512e-04, -1.799009e-04],
 [ 2.133864e-02, -3.584636e-02,  1.958810e-02]]
spherical_charges_l2: [[-8.291351e-02, -1.502824e-01,  5.250274e-02, -3.548355e-02, -4.691463e-02],
 [-1.006926e-03,  1.056285e-04,  1.014792e-04,  1.105381e-03, -8.314757e-04],
 [-6.176432e-04,  1.072067e-03,  1.267710e-03,  9.610198e-04, -3.339796e-04],
 [-3.419647e-02,  2.440948e-02, -3.078771e-01, -5.420044e-02,  1.538046e-02],
 [ 1.381201e-01, -2.027525e-01, -1.913220e-01, -2.343783e-01,  5.972520e-02],
 [-5.716257e-01,  1.943190e+00,  5.402623e+00,  3.705963e+00, -1.844359e+00],
 [ 2.835850e-02,  1.477424e-02, -3.402062e-02,  1.899891e-02,  1.228410e-02],
 [ 1.236860e+00,  1.992503e+00, -1.953783e+00, -1.764236e+00, -4.523702e+00],
 [-1.912730e-02, -7.799010e-02,  9.493058e-02,  1.132923e-01,  1.427827e-01],
 [-5.967665e-02, -1.026101e-01,  6.205817e-04,  1.261688e-01,  1.053981e-01],
 [-4.435946e-05, -9.983961e-05, -2.348836e-04,  4.656538e-04,  3.477547e-04],
 [-1.904829e-04, -2.832061e-04,  2.343202e-04,  7.168948e-06, -2.269885e-04],
 [-2.448237e-02, -3.033198e-02, -3.024021e-03, -4.016263e-02, -6.478380e-02]]
energy_short: [ 0.1016  , -0.215312, -0.233828,  0.237601,  0.42973 ,  0.343609,  0.331706,  0.220226,  0.248356,  0.051893, -0.205795, -0.219113,  0.429856]
energy_long: [-0.02252 , -0.313923, -0.313926,  0.010767,  0.021338, -0.039125, -0.014893, -0.028729,  0.006374,  0.003525, -0.3139  , -0.313912, -0.017302]