step=1004012, graph_id=0, num_atoms=13
scalar_charges: [ 1.286866, -1.077172, -0.996104,  1.248555,  1.287493,  1.263499,  1.095567,  1.28706 ,  1.274202,  1.263686, -1.068035, -1.011372,  1.25634 ]
spherical_charges_l0: [[ 3.046999e-02],
 [ 8.309973e-04],
 [-5.188258e-04],
 [ 1.794718e-02],
 [-6.127300e-02],
 [-2.117284e+00],
 [-4.021281e-02],
 [-2.030555e+00],
 [ 1.206069e-02],
 [ 1.000118e-01],
 [ 2.627930e-04],
 [ 4.225750e-04],
 [ 4.836861e-02]]
spherical_charges_l1: [[-2.458169e-02,  6.135847e-02,  4.906926e-02],
 [-1.115314e-03, -5.322953e-04, -1.061396e-03],
 [ 4.042709e-04, -1.317020e-03, -6.088828e-04],
 [-5.404285e-02, -1.794198e-01, -5.352442e-02],
 [-3.265238e-02, -1.087733e-01,  7.969039e-02],
 [ 6.215723e-01, -1.980266e+00, -5.614215e-03],
 [ 1.985374e-02, -5.495236e-02,  2.947055e-02],
 [-6.951109e-01,  1.426619e+00,  4.644282e-01],
 [ 2.908983e-02, -1.008644e-02, -2.377959e-03],
 [-2.908303e-02,  8.713603e-02, -2.001549e-02],
 [-3.502747e-04,  3.758944e-04, -2.044341e-04],
 [-1.293776e-04,  8.534465e-04, -4.946452e-04],
 [ 1.918361e-02, -3.208584e-02,  2.868608e-02]]
spherical_charges_l2: [[-7.177281e-02, -9.142607e-02, -2.054573e-03, -3.693390e-02, -3.077027e-02],
 [ 6.766238e-04,  1.738972e-03,  1.761608e-04,  4.773147e-04,  3.209761e-04],
 [-1.404243e-04,  1.625202e-03,  2.016034e-04, -7.628257e-04,  1.575341e-03],
 [-6.011805e-02, -7.452668e-03, -3.585504e-01, -9.448950e-02,  1.056898e-01],
 [ 5.657803e-02, -2.346070e-01, -2.716835e-01, -3.126226e-01,  9.709221e-02],
 [-4.026507e-01,  1.672688e+00,  4.995270e+00,  3.269779e+00, -1.686676e+00],
 [ 6.382355e-02, -1.379803e-02, -6.554308e-02,  4.052677e-04, -4.813785e-03],
 [ 1.113997e+00,  1.573246e+00, -2.076892e+00, -1.628434e+00, -4.083804e+00],
 [-8.406261e-02, -1.212013e-01,  1.080433e-01,  1.582412e-01,  2.333101e-01],
 [-3.234512e-02, -4.493463e-02,  2.110176e-03,  1.591463e-01,  1.498759e-01],
 [ 1.377554e-03, -4.952168e-04, -6.040454e-05,  8.293222e-04,  3.294707e-04],
 [-1.728073e-03,  1.847796e-05,  1.884427e-04, -5.945540e-05,  8.002706e-04],
 [-1.884179e-02, -1.809786e-02,  1.647414e-03, -2.312986e-02, -2.466597e-02]]
energy_short: [ 0.113809, -0.250524, -0.266664,  0.263939,  0.42636 ,  0.369011,  0.365982,  0.251348,  0.264379,  0.075024, -0.241121, -0.253778,  0.439087]
energy_long: [-0.01653 , -0.323317, -0.323317,  0.016039,  0.044026, -0.038665, -0.00343 , -0.025111,  0.025867,  0.012211, -0.323312, -0.323307, -0.012055]