step=976012, graph_id=0, num_atoms=13
scalar_charges: [ 1.367918, -0.764526, -0.703605,  1.367568,  1.356837,  1.36347 ,  1.084155,  1.356288,  1.329711,  1.366742, -0.777559, -0.738314,  1.317263]
spherical_charges_l0: [[ 4.006023e-02],
 [ 2.138057e-03],
 [-1.144920e-03],
 [ 2.448858e-02],
 [-7.200566e-02],
 [-2.226719e+00],
 [-6.925359e-02],
 [-2.064968e+00],
 [ 4.515880e-03],
 [ 5.458663e-02],
 [ 1.107096e-03],
 [ 1.479791e-03],
 [ 5.362435e-02]]
spherical_charges_l1: [[-9.163473e-03,  5.039391e-02,  4.687276e-02],
 [-2.206445e-03, -6.841406e-04, -1.306152e-03],
 [ 1.833364e-03, -3.584608e-03, -7.620095e-04],
 [-7.757572e-02, -3.515914e-02,  6.776695e-03],
 [-3.757437e-02, -1.490286e-01,  5.836904e-02],
 [ 6.573819e-01, -1.805595e+00, -1.551905e-01],
 [ 3.429067e-02, -6.372552e-02,  2.863424e-02],
 [-7.072164e-01,  1.254177e+00,  4.267674e-01],
 [ 1.905918e-02,  5.528186e-03, -1.265053e-02],
 [-9.353377e-03,  4.843247e-02,  1.880037e-03],
 [-1.874533e-03,  2.053586e-04, -2.521818e-05],
 [ 8.045133e-04,  1.931969e-03, -8.885190e-04],
 [ 1.779946e-02, -2.063250e-02,  1.293342e-02]]
spherical_charges_l2: [[-7.983145e-02, -1.088231e-01, -3.120285e-02, -5.752297e-02, -2.699305e-02],
 [ 3.502130e-03,  1.002130e-03, -1.605700e-03, -3.756558e-03,  8.267857e-04],
 [ 2.910609e-03,  1.147916e-03, -3.683062e-04, -5.574610e-03,  2.243701e-03],
 [ 4.765230e-02, -8.720577e-02, -3.012751e-01, -9.831636e-02,  6.312653e-02],
 [ 6.709563e-02, -2.670830e-01, -2.480746e-01, -2.324525e-01,  6.746879e-02],
 [-6.309183e-01,  1.574074e+00,  5.169315e+00,  3.288430e+00, -2.057893e+00],
 [ 5.691890e-02,  7.105079e-02, -5.821352e-02,  3.206545e-03,  2.217312e-02],
 [ 1.183255e+00,  1.823025e+00, -2.157422e+00, -1.656131e+00, -4.565144e+00],
 [-2.387922e-02, -5.820151e-02,  8.127134e-02,  7.555013e-02,  1.550269e-01],
 [-3.117373e-02, -1.536022e-02, -2.465525e-02,  1.594651e-01,  1.086135e-01],
 [ 2.350804e-03,  7.549801e-04, -1.303264e-03,  2.974698e-03,  1.706857e-03],
 [-1.880893e-03,  2.522561e-03, -9.751578e-04,  2.695129e-03,  2.776657e-03],
 [-1.853050e-02, -4.631848e-03, -1.015557e-02,  6.625261e-03, -5.226771e-03]]
energy_short: [ 0.092266, -0.218642, -0.22928 ,  0.26298 ,  0.440083,  0.368931,  0.356212,  0.24592 ,  0.265097,  0.084679, -0.210664, -0.21889 ,  0.422051]
energy_long: [-0.033182, -0.330426, -0.330442,  0.001679,  0.026829, -0.04835 , -0.020501, -0.029341,  0.0131  , -0.002241, -0.33042 , -0.330407, -0.028547]