step=1348015, graph_id=0, num_atoms=13
scalar_charges: [ 1.189887, -0.696114, -0.623192,  1.047057,  1.173438,  1.20021 ,  0.884107,  1.180428,  1.13521 ,  1.046964, -0.709   , -0.646321,  1.200556]
spherical_charges_l0: [[-7.997124e-03],
 [-6.494052e-04],
 [-3.127017e-05],
 [-1.024241e-02],
 [-3.877392e-02],
 [-1.136973e+00],
 [-1.675827e-02],
 [-1.054649e+00],
 [-1.398836e-02],
 [ 2.455538e-02],
 [ 1.505322e-05],
 [-2.045490e-05],
 [ 7.814491e-03]]
spherical_charges_l1: [[-1.323546e-02,  9.291125e-03,  3.046506e-02],
 [ 2.484024e-03, -1.598590e-03,  7.506481e-04],
 [-1.520966e-03,  2.235421e-04, -9.315707e-04],
 [-4.756755e-02, -4.758512e-02,  5.077301e-03],
 [ 8.630490e-03, -8.701134e-02,  7.913218e-02],
 [ 5.898114e-01, -1.681553e+00, -6.987549e-02],
 [ 1.478604e-02, -4.814987e-02, -8.420656e-04],
 [-6.451772e-01,  1.234206e+00,  3.303542e-01],
 [ 8.648819e-03,  1.122492e-02, -4.704067e-04],
 [ 3.612755e-03,  4.170357e-03,  7.704182e-03],
 [ 3.220132e-05,  8.305579e-04, -3.591834e-04],
 [-1.169919e-03, -4.065989e-05, -1.617246e-05],
 [ 1.744806e-02, -2.357626e-02,  8.329520e-03]]
spherical_charges_l2: [[-4.980376e-02, -5.003125e-02, -1.702178e-02, -4.380737e-02, -2.263597e-02],
 [ 4.547505e-03,  4.511357e-03,  3.562188e-03,  3.477419e-04,  1.398950e-03],
 [-2.448313e-03, -2.339976e-03, -8.787181e-06,  1.846692e-03, -9.881053e-04],
 [-2.275565e-03, -3.476688e-02, -1.260937e-01, -3.145365e-02,  2.370091e-02],
 [ 1.777465e-02, -1.456438e-01, -2.156190e-01, -1.854683e-01,  8.248841e-02],
 [-1.874887e-01,  1.206291e+00,  3.881755e+00,  2.464054e+00, -1.292890e+00],
 [ 3.900175e-02, -1.299258e-02, -4.491590e-02, -1.523257e-03,  4.968257e-03],
 [ 9.583722e-01,  1.350913e+00, -1.517208e+00, -1.310880e+00, -3.272758e+00],
 [-7.687791e-02, -1.116636e-01,  1.108906e-01,  1.087483e-01,  2.297276e-01],
 [-1.966450e-02, -7.969969e-03,  1.535030e-03,  5.466078e-02,  4.858113e-02],
 [ 2.819643e-03, -1.786470e-03,  8.982549e-04,  3.885551e-05, -1.575398e-03],
 [-2.561888e-03,  7.637617e-04, -5.539996e-05, -3.016469e-03, -1.407608e-03],
 [-2.562196e-02, -3.119888e-02,  6.106200e-03, -1.373435e-02, -6.403867e-03]]
energy_short: [ 0.075482, -0.371299, -0.38628 ,  0.378233,  0.460044,  0.404344,  0.401237,  0.282486,  0.293604,  0.190922, -0.358841, -0.373057,  0.402589]
energy_long: [-0.022084, -0.293485, -0.293452,  0.008673,  0.024761, -0.024976, -0.01202 , -0.01936 ,  0.01626 ,  0.001844, -0.29344 , -0.293399, -0.018838]