step=760008, graph_id=0, num_atoms=13
scalar_charges: [ 1.123478, -1.092934, -1.032028,  1.069438,  1.074712,  1.122691,  0.841898,  1.097265,  1.061579,  1.090782, -1.125343, -1.040397,  1.08761 ]
spherical_charges_l0: [[ 1.424504e-02],
 [-2.889922e-04],
 [ 2.409442e-04],
 [ 3.578142e-02],
 [-4.831818e-02],
 [-3.332377e+00],
 [-4.882481e-02],
 [-2.803281e+00],
 [ 8.854001e-03],
 [ 6.499244e-02],
 [ 7.252802e-05],
 [ 3.811571e-04],
 [ 3.317977e-02]]
spherical_charges_l1: [[-1.631162e-02,  3.866626e-02,  3.975273e-02],
 [ 3.595142e-04, -7.809335e-04, -4.752114e-06],
 [-8.002993e-04, -2.337716e-04, -6.785142e-04],
 [-4.141324e-02, -1.963157e-01, -5.224928e-02],
 [ 9.861290e-03, -1.478026e-01,  7.961196e-02],
 [ 7.648847e-01, -2.319948e+00, -6.362347e-02],
 [ 2.904158e-02, -4.222392e-02,  4.152327e-02],
 [-8.407629e-01,  1.569451e+00,  5.413566e-01],
 [ 3.316506e-02, -1.491253e-02,  2.686654e-02],
 [-2.975643e-02,  7.705975e-02, -9.766295e-03],
 [-4.708906e-04,  9.541980e-04, -5.608253e-04],
 [-1.027709e-03,  5.251780e-04, -3.520117e-04],
 [ 1.227506e-02, -2.569284e-02,  1.112961e-02]]
spherical_charges_l2: [[-4.555320e-02, -1.310858e-01,  2.123972e-02, -6.925213e-02, -1.789728e-03],
 [ 5.058848e-04, -3.647927e-04, -2.577752e-04,  2.728355e-04, -3.935741e-04],
 [-4.765653e-04,  8.286116e-05,  1.487857e-04, -6.113646e-05,  2.641478e-04],
 [ 1.388022e-02, -1.077553e-01, -2.171822e-01, -7.397587e-02, -6.596699e-02],
 [ 6.635888e-02, -1.024457e-01, -1.513900e-01, -1.194864e-01,  3.489919e-02],
 [-3.367397e-01,  1.725397e+00,  5.096003e+00,  3.625067e+00, -1.940755e+00],
 [ 3.392703e-02, -1.540496e-02, -6.135749e-02, -5.887245e-03, -4.307526e-02],
 [ 1.300823e+00,  1.792568e+00, -1.737270e+00, -2.012765e+00, -4.406968e+00],
 [-2.582218e-03, -4.468322e-02,  6.481041e-02,  8.332345e-02,  7.867716e-02],
 [-1.686582e-02, -3.768874e-02, -1.284674e-02,  7.669006e-02,  6.157352e-02],
 [ 5.273747e-04,  2.422407e-04, -6.225513e-04,  6.631916e-04,  3.928628e-04],
 [-4.611546e-04,  8.361973e-04, -9.140852e-05,  4.285042e-04,  2.554421e-04],
 [-1.932405e-02,  9.910571e-03, -1.222990e-02,  1.984124e-02, -9.607053e-03]]
energy_short: [ 0.032315, -0.138812, -0.158435,  0.255398,  0.415756,  0.347281,  0.350339,  0.225988,  0.239736,  0.057464, -0.129173, -0.144106,  0.374444]
energy_long: [-0.03693 , -0.327258, -0.327248, -0.00281 ,  0.007687, -0.058966, -0.026962, -0.042245, -0.000516, -0.008296, -0.327274, -0.327262, -0.032184]