step=1716020, graph_id=0, num_atoms=13
scalar_charges: [0.429982, 0.222931, 0.218175, 0.50005 , 0.513401, 0.523315, 0.47027 , 0.506904, 0.49809 , 0.485335, 0.224066, 0.218341, 0.42959 ]
spherical_charges_l0: [[-0.012863],
 [-0.001843],
 [-0.004249],
 [-0.00771 ],
 [-0.042019],
 [-0.955043],
 [-0.008511],
 [-0.869529],
 [-0.008489],
 [ 0.017351],
 [-0.002099],
 [-0.002141],
 [-0.002243]]
spherical_charges_l1: [[ 8.720559e-03,  7.417172e-03,  1.992933e-02],
 [ 6.362586e-05, -2.868076e-03, -8.436247e-04],
 [-5.383684e-03, -1.147368e-03, -2.698654e-03],
 [-3.471185e-02, -5.518574e-02,  1.909459e-02],
 [ 2.706493e-02, -1.081535e-01,  9.353399e-02],
 [ 6.458448e-01, -1.657955e+00, -1.524315e-01],
 [ 1.221675e-02, -3.624525e-02,  1.218037e-02],
 [-6.368438e-01,  1.137717e+00,  3.038447e-01],
 [ 3.783053e-04,  2.951646e-02,  3.221307e-03],
 [ 9.458916e-03,  4.327815e-03,  1.343241e-02],
 [-1.267079e-03, -5.040579e-04,  6.670744e-05],
 [-6.555044e-04,  1.090177e-03, -6.372829e-04],
 [ 2.757800e-03, -1.239734e-02, -3.320063e-03]]
spherical_charges_l2: [[-2.114780e-02, -5.799863e-03, -3.005506e-02, -2.876720e-02, -1.717744e-02],
 [-7.293317e-03, -6.248442e-03, -7.915040e-03,  2.533361e-04, -7.305223e-04],
 [ 1.736599e-03,  6.789518e-03,  4.859943e-03,  2.707746e-03,  2.103171e-03],
 [-2.575364e-02, -4.203355e-02, -2.251584e-01, -5.178128e-02,  4.637460e-02],
 [-1.108165e-02, -1.764732e-01, -2.771243e-01, -2.105072e-01,  1.216432e-01],
 [-2.416640e-01,  1.552009e+00,  4.463556e+00,  2.808279e+00, -1.357599e+00],
 [ 2.698942e-02, -4.921131e-03, -6.616408e-02, -3.897252e-03, -7.786444e-03],
 [ 1.088618e+00,  1.582343e+00, -1.613081e+00, -1.521906e+00, -3.696769e+00],
 [-7.462207e-02, -1.350819e-01,  1.247610e-01,  1.004487e-01,  2.762671e-01],
 [-4.159331e-02, -1.623697e-02,  2.926515e-03,  6.557558e-02,  7.353928e-02],
 [-4.929875e-03,  4.192541e-03, -2.216406e-03, -1.531079e-03,  1.473762e-03],
 [ 5.543929e-03, -2.609911e-03,  1.649931e-03,  2.204093e-03, -1.170912e-03],
 [-1.140949e-02, -2.130701e-03,  1.176891e-03, -3.500545e-03,  3.633325e-03]]
energy_short: [ 0.064272, -0.756711, -0.762589,  0.385489,  0.552735,  0.505017,  0.439064,  0.367397,  0.377127,  0.233246, -0.747151, -0.752819,  0.347098]
energy_long: [-0.023226, -0.008463, -0.007494,  0.006723,  0.023551, -0.02647 , -0.00085 , -0.013099,  0.023611,  0.003029, -0.004678, -0.005185, -0.013267]