step=2499120, graph_id=0, num_atoms=13
scalar_charges: [0.67088 , 0.441601, 0.452165, 0.679342, 0.652641, 0.637567, 0.535555, 0.556241, 0.602238, 0.636687, 0.425677, 0.443577, 0.65219 ]
spherical_charges_l0: [[-2.454105e-02],
 [-3.568051e-05],
 [-4.742081e-05],
 [ 8.361454e-03],
 [ 3.625609e-02],
 [ 9.363632e-01],
 [ 2.561595e-02],
 [ 7.350913e-01],
 [ 3.072802e-02],
 [ 9.701694e-03],
 [-2.656634e-05],
 [-3.803975e-05],
 [-2.048617e-02]]
spherical_charges_l1: [[ 3.616976e-03, -2.561693e-02, -4.638022e-03],
 [ 1.162326e-04,  4.161565e-05, -9.564055e-05],
 [-7.185964e-06,  1.232794e-04,  8.200705e-06],
 [ 4.982082e-02, -2.748137e-02, -1.024291e-02],
 [ 1.046012e-02, -3.580391e-02, -1.796135e-02],
 [-4.109893e-02,  1.546396e-01,  1.289233e-01],
 [-1.761444e-02,  1.429154e-02, -1.053328e-02],
 [-1.085734e-01, -3.966777e-02, -2.632811e-02],
 [-8.308306e-03,  3.005446e-02,  1.282576e-02],
 [ 2.910443e-02, -2.881647e-03, -7.958923e-03],
 [ 1.607119e-04, -1.438267e-04,  7.382443e-05],
 [ 2.087710e-05, -1.382803e-04,  5.887848e-05],
 [-9.378321e-03,  5.866203e-03,  9.765550e-03]]
spherical_charges_l2: [[-9.170880e-02,  7.550430e-02, -5.500474e-02,  4.429721e-02,  4.085585e-02],
 [-1.054812e-04,  2.261038e-05, -3.514144e-04, -1.750547e-04,  2.872031e-04],
 [ 2.189711e-04, -1.685507e-04,  2.299595e-04,  2.830330e-05, -1.722642e-04],
 [ 4.539312e-02,  1.097666e-01, -1.780094e-01, -1.063926e-01, -4.975809e-03],
 [-2.210848e-02, -3.334716e-01, -6.731754e-01, -2.742412e-01,  1.009572e-01],
 [ 5.036608e-01,  2.198292e+00,  5.919147e+00,  3.479174e+00, -1.772106e+00],
 [ 7.707874e-02, -2.160004e-01, -5.520063e-02, -1.208503e-02, -8.127396e-02],
 [ 1.774822e+00,  2.484319e+00, -2.196187e+00, -1.396347e+00, -3.899137e+00],
 [-1.500443e-01, -1.895600e-01,  2.261264e-01,  4.770914e-02,  5.525823e-01],
 [ 1.909393e-02, -5.850275e-03, -6.066999e-03, -3.062015e-04, -3.643129e-02],
 [ 2.443851e-04,  5.258140e-04, -2.061932e-04,  2.267897e-04,  1.830064e-04],
 [ 1.590519e-04,  2.987782e-04, -1.013324e-04,  1.511024e-04,  1.766712e-04],
 [-6.971240e-02, -1.061914e-01,  5.131403e-02,  4.018902e-02,  9.033923e-02]]
energy_short: [-0.106394, -0.706258, -0.723454,  0.262462,  0.391168,  0.376901,  0.268594,  0.258317,  0.218351,  0.090104, -0.684895, -0.705389,  0.19548 ]
energy_long: [ 0.072035,  0.12017 ,  0.119774,  0.078821,  0.088252, -0.035426,  0.044135, -0.019571,  0.081669,  0.075921,  0.120174,  0.119849,  0.076338]