step=1706130, graph_id=0, num_atoms=13
scalar_charges: [-0.458222,  3.112287,  3.114115, -0.439918, -0.404542, -0.450288, -0.509548, -0.467891, -0.433602, -0.399472,  3.110347,  3.112737, -0.527578]
spherical_charges_l0: [[-3.234941e-02],
 [-2.550649e-04],
 [-1.195168e-04],
 [-7.856039e-04],
 [ 2.531683e-02],
 [ 1.114975e+00],
 [ 3.060532e-02],
 [ 8.134047e-01],
 [ 2.746014e-02],
 [ 4.402941e-03],
 [-1.813527e-04],
 [-1.903030e-04],
 [-2.316646e-02]]
spherical_charges_l1: [[ 3.542686e-03, -3.434963e-02, -1.741547e-02],
 [ 7.598582e-05,  3.143939e-04,  3.052620e-04],
 [-6.791455e-05,  1.240718e-04,  4.577404e-05],
 [ 2.031836e-02, -8.994162e-03, -3.347063e-02],
 [ 3.850378e-03, -2.243850e-02, -2.013016e-02],
 [-1.119366e-02,  1.681923e-01,  1.605598e-01],
 [-1.600881e-02,  1.267860e-02, -1.509515e-02],
 [-8.168203e-02, -1.034985e-01,  6.872389e-02],
 [ 1.406621e-02,  1.128074e-02,  1.456284e-02],
 [ 1.521665e-02, -8.547443e-03, -9.942996e-03],
 [ 4.549664e-04,  6.422477e-05, -1.823435e-05],
 [-1.886029e-04, -2.532378e-04,  1.324544e-04],
 [-2.078149e-02,  8.883987e-03,  1.146877e-03]]
spherical_charges_l2: [[-9.815518e-02,  1.001631e-01, -2.221964e-02,  5.460710e-02,  2.726987e-02],
 [-1.739534e-03, -6.219519e-04, -1.009399e-03,  9.500126e-04,  1.700971e-04],
 [-3.435267e-04,  1.709533e-03,  2.132612e-04,  3.406016e-04,  1.226905e-03],
 [ 1.191203e-01,  1.542198e-01, -1.868743e-01, -1.188305e-01,  3.782270e-02],
 [-4.962971e-02, -2.323530e-01, -5.486045e-01, -2.139274e-01,  7.743400e-02],
 [ 7.491618e-01,  2.264104e+00,  5.928649e+00,  3.294166e+00, -1.744011e+00],
 [ 6.753823e-02, -1.878543e-01, -4.413437e-02,  3.504696e-03, -6.283548e-02],
 [ 1.688835e+00,  2.385048e+00, -2.049711e+00, -1.318417e+00, -3.737911e+00],
 [-7.370847e-02, -8.463241e-02,  1.756436e-01,  3.603287e-05,  3.640559e-01],
 [ 4.102609e-02, -7.591945e-03, -3.795285e-04, -6.788809e-03, -2.386084e-02],
 [-1.160637e-03,  7.168849e-04, -3.545309e-04,  9.358112e-04,  1.585087e-03],
 [ 1.047416e-03, -9.636705e-04,  4.430777e-04,  2.092582e-03,  1.680885e-03],
 [-6.434025e-02, -1.001750e-01,  3.705956e-02,  2.902034e-02,  5.265565e-02]]
energy_short: [-0.100179, -0.509169, -0.522708,  0.247113,  0.307709,  0.296846,  0.189496,  0.181091,  0.132128,  0.043279, -0.493987, -0.506025,  0.239273]
energy_long: [ 0.056346,  0.103114,  0.102762,  0.062467,  0.063652, -0.06157 ,  0.018034, -0.042087,  0.057219,  0.058089,  0.103057,  0.102813,  0.062256]