step=556695, graph_id=0, num_atoms=13
scalar_charges: [-0.677154,  4.182257,  4.169127, -0.686881, -0.683777, -0.722906, -0.704996, -0.740763, -0.697808, -0.67448 ,  4.183228,  4.171751, -0.716455]
spherical_charges_l0: [[-1.699956e-02],
 [ 3.966948e-04],
 [ 7.934375e-04],
 [-4.847078e-02],
 [-7.570936e-03],
 [ 2.161409e+00],
 [ 3.927612e-02],
 [ 1.467219e+00],
 [ 3.899804e-03],
 [-3.654143e-02],
 [ 3.069172e-04],
 [ 3.707593e-04],
 [-2.212763e-02]]
spherical_charges_l1: [[ 7.920717e-03, -3.598807e-02,  1.405671e-04],
 [-1.148640e-03,  1.721283e-03, -5.332993e-04],
 [ 1.645308e-03,  1.697556e-04,  8.431112e-04],
 [ 1.234961e-01, -6.343354e-02, -1.185129e-01],
 [-6.486714e-02, -1.791251e-01, -1.057144e-01],
 [ 6.960799e-04, -1.681201e-02,  1.622604e-01],
 [-3.482869e-02,  1.885698e-02, -2.480789e-02],
 [-2.503003e-01, -1.262164e-01,  1.318710e-01],
 [ 6.731401e-02, -7.673845e-03,  4.305432e-02],
 [ 1.822066e-02,  8.380705e-02, -9.483457e-02],
 [ 2.949811e-04, -8.377776e-06,  7.614828e-05],
 [ 1.112419e-04,  1.495200e-04, -1.055238e-05],
 [-3.243631e-03, -2.167200e-02,  4.285321e-02]]
spherical_charges_l2: [[-1.027300e-01,  6.422574e-02, -2.559604e-02,  6.333433e-02, -8.971841e-03],
 [ 1.007877e-03, -2.132796e-03,  4.729573e-04, -1.173362e-03, -1.282137e-03],
 [ 1.274759e-03,  1.297056e-03,  1.393391e-03, -2.360221e-04, -3.498954e-04],
 [ 1.117068e-01,  6.830589e-02, -1.951936e-01, -1.527012e-01,  6.698696e-02],
 [ 4.116355e-02, -1.944639e-01, -1.564911e-01, -9.855428e-02, -3.878690e-02],
 [ 7.909073e-01,  2.420048e+00,  5.145379e+00,  2.899627e+00, -1.530836e+00],
 [ 7.071074e-02, -2.042200e-01,  1.309440e-02,  5.114119e-02, -3.646165e-03],
 [ 1.532805e+00,  2.272846e+00, -1.813090e+00, -9.285141e-01, -3.108786e+00],
 [ 5.189275e-02,  2.223760e-02,  7.940862e-02, -1.470656e-01,  1.284306e-01],
 [ 8.921006e-02,  8.055586e-02, -3.162350e-02,  7.992656e-02,  5.753050e-02],
 [ 2.910762e-04,  4.868759e-04, -1.662462e-04, -2.601795e-05, -2.490997e-04],
 [ 5.392297e-04,  1.859221e-04, -1.149764e-04, -9.428372e-05, -3.663995e-04],
 [-7.217739e-02, -1.065359e-01,  4.074995e-02, -4.151458e-02, -1.485457e-03]]
energy_short: [ 0.004967, -0.264457, -0.299826,  0.305109,  0.224323,  0.224431,  0.162575,  0.102343,  0.056446,  0.043968, -0.250611, -0.279407,  0.391992]
energy_long: [-0.025955, -0.017007, -0.016828, -0.00095 , -0.00403 , -0.079169, -0.074428, -0.055735, -0.012189, -0.007813, -0.016913, -0.01693 , -0.021597]