step=1309635, graph_id=0, num_atoms=13
scalar_charges: [-0.435408,  3.392528,  3.390472, -0.485171, -0.426058, -0.481603, -0.473022, -0.477235, -0.441954, -0.441697,  3.38368 ,  3.38944 , -0.485678]
spherical_charges_l0: [[-3.500978e-02],
 [ 2.294461e-05],
 [-7.437184e-07],
 [ 3.462750e-03],
 [ 3.186335e-02],
 [ 1.306705e+00],
 [ 4.407586e-02],
 [ 9.254388e-01],
 [ 3.349487e-02],
 [-3.477803e-03],
 [-1.830566e-04],
 [-1.470721e-04],
 [-2.269708e-02]]
spherical_charges_l1: [[-8.021558e-04, -3.449483e-02, -8.312564e-03],
 [-1.276863e-04,  1.311805e-04,  2.578353e-04],
 [-4.761062e-06,  3.306186e-05,  6.282407e-05],
 [ 4.281209e-03, -5.842804e-02, -5.612329e-02],
 [-1.325780e-02, -1.216576e-02, -2.732292e-02],
 [-3.791296e-02,  1.542449e-01,  1.139490e-01],
 [-1.754633e-02,  7.810618e-03, -8.063560e-03],
 [-8.570146e-02, -1.329307e-01,  2.408800e-02],
 [ 2.538745e-02,  8.740505e-03,  1.678748e-02],
 [-3.270205e-03,  6.470092e-03, -2.282645e-02],
 [ 7.153962e-04,  2.321949e-04, -5.373335e-05],
 [-3.576274e-04, -4.282393e-04,  2.201409e-04],
 [-2.229412e-02, -2.425993e-03,  9.375805e-03]]
spherical_charges_l2: [[-1.014927e-01,  6.881367e-02, -4.997954e-02,  5.418024e-02,  4.140718e-02],
 [-1.577992e-03, -1.869170e-03, -1.519120e-03,  7.333981e-04, -2.512048e-04],
 [ 4.316962e-04,  1.134777e-03,  5.928296e-04,  4.942750e-04,  6.633598e-04],
 [ 1.138363e-01,  1.526697e-01, -1.836021e-01, -5.097246e-02, -1.555694e-02],
 [ 9.162213e-03, -3.225971e-01, -5.282183e-01, -1.725398e-01,  5.126308e-02],
 [ 4.610743e-01,  2.890829e+00,  6.503511e+00,  3.911372e+00, -1.865768e+00],
 [ 6.096049e-02, -2.271307e-01, -3.744014e-02, -4.904682e-04, -7.764462e-02],
 [ 1.863939e+00,  2.727806e+00, -2.381831e+00, -1.302644e+00, -3.990671e+00],
 [-2.451638e-02, -5.774386e-02,  1.241372e-01, -1.725004e-02,  3.343124e-01],
 [ 4.456834e-02,  2.757596e-02, -5.363589e-03, -4.966486e-02, -5.114023e-02],
 [-6.216358e-04,  1.629374e-04, -9.193469e-05,  3.957669e-05,  7.235115e-04],
 [ 1.162358e-03, -7.217950e-04,  5.797102e-04,  1.371506e-03,  1.007821e-03],
 [-9.143021e-02, -1.309867e-01,  5.213680e-02,  3.721893e-02,  7.819723e-02]]
energy_short: [ 0.00468 , -0.578196, -0.600756,  0.296962,  0.305161,  0.304623,  0.21368 ,  0.188831,  0.137817,  0.060858, -0.560693, -0.583434,  0.365018]
energy_long: [ 0.034349,  0.083895,  0.082928,  0.047451,  0.056386, -0.050887,  0.001369, -0.027811,  0.046137,  0.038542,  0.083639,  0.083289,  0.041764]