step=2394990, graph_id=0, num_atoms=13
scalar_charges: [0.518582, 0.460852, 0.47071 , 0.622752, 0.62681 , 0.607765, 0.565635, 0.581785, 0.587677, 0.619893, 0.449228, 0.463662, 0.511921]
spherical_charges_l0: [[-2.719831e-02],
 [ 4.437929e-06],
 [-2.709686e-05],
 [ 9.041295e-03],
 [ 3.290701e-02],
 [ 8.088856e-01],
 [ 2.037738e-02],
 [ 6.226066e-01],
 [ 2.863546e-02],
 [ 1.210366e-02],
 [-2.291381e-05],
 [-2.972164e-05],
 [-2.263070e-02]]
spherical_charges_l1: [[ 8.361831e-04, -2.105808e-02, -3.627075e-03],
 [ 1.321423e-04,  7.593226e-06, -5.284791e-05],
 [-1.645064e-04,  1.889287e-04,  1.812394e-05],
 [ 3.483200e-02, -1.545451e-02, -5.555416e-03],
 [ 7.924955e-03, -2.843917e-02, -1.158866e-02],
 [-3.131423e-02,  1.279641e-01,  1.014998e-01],
 [-1.703804e-02,  1.366546e-02, -9.165420e-03],
 [-7.899301e-02, -3.285919e-02,  1.140579e-02],
 [-3.358349e-03,  2.814372e-02,  1.076111e-02],
 [ 2.056478e-02, -3.551132e-03, -3.849526e-03],
 [ 3.978907e-04, -1.332374e-04,  7.838188e-05],
 [-7.736637e-05, -3.100152e-04,  1.499977e-04],
 [-1.063739e-02,  6.672757e-03,  1.341820e-02]]
spherical_charges_l2: [[-8.796931e-02,  5.800540e-02, -4.509605e-02,  4.891384e-02,  2.601646e-02],
 [ 4.295181e-05, -1.127322e-04, -4.022555e-04, -2.827494e-04,  3.195003e-04],
 [ 3.965003e-04, -1.159738e-04,  1.952802e-04, -1.417093e-04,  5.826668e-05],
 [ 5.787826e-02,  1.097422e-01, -1.982851e-01, -1.191937e-01,  1.401916e-02],
 [-2.544985e-03, -3.299950e-01, -6.249936e-01, -2.824699e-01,  5.221097e-02],
 [ 3.906429e-01,  1.917155e+00,  4.882766e+00,  2.865206e+00, -1.400701e+00],
 [ 6.644137e-02, -1.812325e-01, -4.549251e-02, -1.025098e-02, -6.576604e-02],
 [ 1.395109e+00,  2.055636e+00, -1.834366e+00, -1.131324e+00, -3.096913e+00],
 [-1.299217e-01, -1.095532e-01,  2.028362e-01,  2.451465e-02,  4.869041e-01],
 [ 2.826313e-02,  1.769765e-02, -1.631369e-02,  1.501230e-02, -3.910855e-02],
 [ 3.111790e-04,  6.643772e-04, -3.338647e-04,  2.458158e-04,  1.172897e-04],
 [ 3.073555e-04,  4.354327e-04, -1.504979e-04,  3.082060e-04,  1.635797e-04],
 [-5.772082e-02, -9.029502e-02,  4.160578e-02,  1.581696e-02,  5.747129e-02]]
energy_short: [-0.075458, -0.678307, -0.696637,  0.244443,  0.363638,  0.357825,  0.234157,  0.212198,  0.189089,  0.048683, -0.65514 , -0.676598,  0.217877]
energy_long: [ 0.054641,  0.12399 ,  0.123839,  0.056182,  0.068863, -0.04755 ,  0.027455, -0.022264,  0.059512,  0.056242,  0.124083,  0.123964,  0.059937]