step=3320145, graph_id=0, num_atoms=13
scalar_charges: [0.640752, 0.424152, 0.417909, 0.721094, 0.698948, 0.682741, 0.534437, 0.582763, 0.624339, 0.64526 , 0.430126, 0.420328, 0.627217]
spherical_charges_l0: [[-1.688616e-02],
 [ 5.520859e-05],
 [-1.370216e-05],
 [ 3.720214e-03],
 [ 4.939565e-02],
 [ 8.992803e-01],
 [ 2.014775e-02],
 [ 7.495641e-01],
 [ 4.250365e-02],
 [ 1.177856e-02],
 [-2.875619e-05],
 [-3.721837e-05],
 [-1.293611e-02]]
spherical_charges_l1: [[ 5.434642e-03, -3.251031e-02, -1.305240e-02],
 [-4.558593e-05, -3.967516e-05, -1.721206e-04],
 [ 1.537835e-04,  2.167268e-04,  1.159312e-04],
 [ 3.991510e-02, -5.713057e-03, -1.264961e-02],
 [ 9.147750e-03, -3.564099e-02, -1.369894e-02],
 [-3.540356e-02,  1.775490e-01,  1.516132e-01],
 [-1.617453e-02,  1.688627e-02, -3.674942e-03],
 [-9.768658e-02, -5.363293e-02, -3.432482e-03],
 [-7.178025e-03,  3.507578e-02,  1.468765e-02],
 [ 2.836784e-02, -2.179195e-02, -5.674493e-03],
 [ 2.221056e-04, -2.242822e-04,  1.279497e-04],
 [ 5.763850e-05, -2.706577e-04,  1.275699e-04],
 [-8.052068e-03,  7.980922e-03,  9.884839e-03]]
spherical_charges_l2: [[-6.333679e-02,  6.255773e-02, -5.557011e-02,  3.401935e-02,  4.574944e-02],
 [ 2.156148e-05,  6.439869e-04, -8.878352e-04, -3.132966e-04,  7.105066e-04],
 [ 2.295375e-04, -4.326002e-04, -1.943227e-04, -4.305878e-04,  1.873913e-04],
 [ 7.896657e-02,  7.914776e-02, -1.304014e-01, -8.027166e-02,  1.212518e-02],
 [-2.386311e-02, -2.882732e-01, -8.293161e-01, -2.937495e-01,  1.082674e-01],
 [ 4.197787e-01,  2.112873e+00,  5.769968e+00,  3.396243e+00, -1.693135e+00],
 [ 6.365000e-02, -1.919671e-01, -5.001206e-02, -1.251446e-02, -7.840063e-02],
 [ 1.725164e+00,  2.556177e+00, -2.209474e+00, -1.447983e+00, -3.929864e+00],
 [-1.534440e-01, -1.829479e-01,  2.632976e-01,  3.427658e-02,  5.885770e-01],
 [ 3.280696e-02,  2.191458e-02, -1.490768e-02,  3.565127e-03, -4.387934e-02],
 [ 6.541613e-04,  6.826511e-04, -3.818916e-04,  4.832244e-04,  2.119502e-04],
 [-4.923820e-05,  7.764831e-04, -2.779247e-04,  4.044689e-04,  4.000221e-04],
 [-6.461403e-02, -9.689948e-02,  5.471627e-02,  3.252526e-02,  8.527973e-02]]
energy_short: [-0.114198, -0.571028, -0.590226,  0.174327,  0.323093,  0.299737,  0.188555,  0.17778 ,  0.146381,  0.019144, -0.554444, -0.572589,  0.177189]
energy_long: [ 0.085552,  0.133317,  0.133185,  0.089387,  0.100459, -0.033512,  0.056862, -0.01372 ,  0.094526,  0.088241,  0.133527,  0.133273,  0.088361]