step=172215, graph_id=0, num_atoms=13
scalar_charges: [ 0.040538, -0.144049, -0.140277,  0.038587,  0.036275,  0.04077 , -0.025682,  0.028073,  0.020929,  0.027625, -0.144276, -0.140193,  0.036944]
spherical_charges_l0: [[5.641033e-02],
 [3.190534e-04],
 [1.828910e-04],
 [1.552115e-01],
 [1.040961e-01],
 [1.880797e+00],
 [3.807143e-02],
 [1.482303e+00],
 [7.444073e-02],
 [8.687899e-02],
 [1.822819e-04],
 [1.383243e-04],
 [1.385906e-02]]
spherical_charges_l1: [[-5.779706e-02,  6.441541e-02, -1.464765e-02],
 [ 1.645520e-04,  2.371619e-04,  2.114875e-04],
 [-4.638733e-05,  1.768395e-04,  8.329537e-05],
 [ 1.713610e-01, -2.544702e-01,  1.970560e-02],
 [ 6.833973e-03, -2.412641e-01, -1.176021e-02],
 [ 1.150556e-01,  1.631025e-01,  1.718390e-01],
 [-1.196716e-02,  7.758405e-04, -3.486101e-02],
 [-1.300551e-01, -1.028546e-01,  2.090393e-01],
 [ 2.776739e-02, -4.504982e-03,  6.966340e-02],
 [ 4.628520e-02,  9.056220e-02, -5.658457e-02],
 [ 8.844637e-05, -8.970257e-05,  7.307884e-05],
 [ 1.216848e-04, -1.308934e-04,  9.249614e-05],
 [ 5.598235e-03, -8.836497e-02,  3.247768e-02]]
spherical_charges_l2: [[ 1.469951e-01, -4.599442e-02,  5.442141e-02, -8.724981e-02, -2.845930e-02],
 [-3.054102e-04,  1.534560e-05, -2.855296e-04,  2.057883e-04, -1.090343e-05],
 [ 9.664775e-06,  4.083256e-04,  1.966854e-04,  1.309853e-04,  1.507262e-04],
 [ 1.845670e-01,  1.221806e-01,  3.792906e-01,  1.051469e-01,  1.319414e-02],
 [ 1.291616e-01, -2.111889e-01,  1.799482e-01, -4.294192e-02, -1.066459e-01],
 [ 3.825416e-01,  2.548581e+00,  3.339297e+00,  2.137264e+00, -9.805813e-01],
 [ 8.729339e-02, -7.916600e-02, -2.898151e-02,  2.968919e-02,  8.388633e-03],
 [ 1.327545e+00,  2.094407e+00, -1.608025e+00, -4.960826e-01, -2.169547e+00],
 [ 1.295757e-01,  1.405936e-02, -2.089046e-02, -1.066556e-01, -6.576472e-02],
 [ 1.973264e-01,  1.299069e-01, -3.443748e-02, -3.714772e-02, -1.042722e-01],
 [-5.132777e-04, -8.830996e-05,  4.021676e-05, -3.154496e-04,  5.223303e-05],
 [ 2.545638e-04, -4.292359e-04,  2.349453e-04,  1.059780e-04,  3.719153e-07],
 [ 2.615590e-02,  9.068139e-02, -5.099924e-02,  1.417842e-02, -2.500657e-02]]
energy_short: [ 0.011739, -0.304055, -0.324551,  0.319931,  0.223232,  0.207317,  0.157433,  0.081467,  0.047622,  0.061969, -0.292965, -0.31091 ,  0.427158]
energy_long: [-0.017031,  0.015664,  0.01579 ,  0.008151,  0.010575, -0.037716, -0.076483, -0.035289,  0.005708, -0.00118 ,  0.01596 ,  0.016161, -0.011695]