step=712890, graph_id=0, num_atoms=13
scalar_charges: [ 0.258256,  6.904704,  6.912262,  0.147918,  0.123608, -0.065435,  0.023814, -0.118334,  0.087839,  0.200224,  6.877673,  6.916782,  0.0867  ]
spherical_charges_l0: [[-3.983223e-02],
 [ 1.210715e-03],
 [ 3.384707e-04],
 [-2.544565e-02],
 [ 2.214170e-02],
 [ 2.287859e+00],
 [ 7.338120e-02],
 [ 1.566700e+00],
 [-4.425245e-03],
 [-1.138925e-02],
 [ 2.817989e-05],
 [ 1.213553e-04],
 [-4.228418e-02]]
spherical_charges_l1: [[-4.948001e-03, -1.059033e-01, -3.768225e-02],
 [-2.558904e-03,  3.676433e-03,  6.690000e-04],
 [ 2.031679e-03,  1.907935e-04,  1.251141e-03],
 [ 1.413210e-01, -1.463218e-01, -1.148232e-01],
 [-5.899638e-03, -1.722061e-01, -9.915405e-02],
 [ 8.561399e-02, -2.018098e-02,  2.240932e-01],
 [-3.874371e-02,  2.843627e-02, -3.434137e-02],
 [-2.453430e-01, -1.713406e-01,  1.424434e-01],
 [ 4.550891e-02,  3.162174e-02,  4.321036e-02],
 [ 2.320280e-02,  8.142728e-02, -1.080413e-01],
 [-6.138740e-04, -3.988244e-04,  1.521726e-04],
 [ 1.344350e-03,  4.641389e-04, -2.446130e-04],
 [-5.214164e-02,  2.392181e-02,  7.045622e-03]]
spherical_charges_l2: [[-1.206078e-01,  1.634322e-01, -8.963821e-02,  1.051339e-02,  6.217413e-02],
 [-2.960077e-04, -3.677422e-03, -1.391087e-03, -1.784134e-03, -1.524756e-03],
 [ 1.206722e-03,  1.431018e-03,  1.054859e-03, -2.223696e-04,  6.303977e-04],
 [ 1.448028e-01,  1.954804e-01, -1.757213e-01, -8.337891e-02,  7.956893e-02],
 [ 8.660338e-02, -2.831665e-01, -2.753318e-01, -1.639406e-01,  1.351477e-02],
 [ 9.797728e-01,  2.943120e+00,  6.512690e+00,  3.536212e+00, -1.675990e+00],
 [ 7.833808e-02, -1.989378e-01,  7.960475e-03,  3.438338e-02, -3.318148e-02],
 [ 1.943098e+00,  2.742651e+00, -2.264778e+00, -1.172480e+00, -3.720981e+00],
 [ 2.947073e-02,  1.367070e-02,  5.819251e-02, -1.101483e-01,  1.812029e-01],
 [ 1.015168e-01,  5.804405e-02, -1.639745e-02,  1.663741e-02, -3.716270e-03],
 [-4.037542e-04, -1.109830e-04,  2.598819e-05,  5.662540e-04,  5.188548e-04],
 [ 6.074070e-04, -2.499234e-04, -5.505749e-05,  9.559727e-04,  4.978481e-04],
 [-1.076134e-01, -1.353241e-01,  3.947043e-02,  7.920646e-02,  9.678529e-02]]
energy_short: [-0.04861 , -0.308426, -0.342588,  0.313062,  0.234117,  0.247503,  0.179202,  0.13158 ,  0.068458,  0.053759, -0.295151, -0.324593,  0.347719]
energy_long: [-0.004529,  0.048985,  0.048681,  0.012746,  0.014398, -0.069167, -0.05946 , -0.047116,  0.006223,  0.005752,  0.04677 ,  0.047383,  0.002763]