step=1301625, graph_id=0, num_atoms=13
scalar_charges: [-0.375161,  3.29348 ,  3.293556, -0.376128, -0.360934, -0.428724, -0.424778, -0.429617, -0.371459, -0.333999,  3.284829,  3.29332 , -0.413858]
spherical_charges_l0: [[-4.460464e-02],
 [-8.455988e-05],
 [-8.232758e-05],
 [-3.521325e-03],
 [ 1.957670e-02],
 [ 1.400036e+00],
 [ 4.813913e-02],
 [ 1.018429e+00],
 [ 2.418385e-02],
 [-1.122961e-02],
 [-2.756722e-04],
 [-1.839572e-04],
 [-3.498911e-02]]
spherical_charges_l1: [[ 1.211274e-02, -4.226115e-02, -1.139751e-02],
 [-2.834805e-04, -4.246796e-04, -7.536138e-05],
 [-1.910712e-04, -7.467724e-05,  4.662140e-05],
 [ 3.591603e-02, -9.495441e-02, -9.660662e-02],
 [-1.982914e-02, -5.131884e-02, -5.046685e-02],
 [-9.322311e-02,  1.323657e-01,  4.058415e-02],
 [-2.607553e-02,  1.761544e-02, -3.414218e-03],
 [-1.338072e-01, -1.316454e-01, -3.609368e-02],
 [ 3.329586e-02,  2.122015e-02,  2.228302e-02],
 [ 4.483399e-03,  1.857075e-02, -3.735936e-02],
 [ 7.873435e-04,  3.295805e-04, -8.022992e-05],
 [-4.864206e-04, -3.580527e-04,  1.638877e-04],
 [-2.546682e-02,  1.004452e-03,  4.297234e-03]]
spherical_charges_l2: [[-1.196265e-01,  9.749667e-02, -3.290939e-02,  5.295197e-02,  4.463406e-02],
 [-1.998895e-03, -1.706730e-03, -1.686755e-03,  9.159794e-04, -1.493264e-04],
 [ 3.828018e-04,  1.529633e-03,  4.536310e-04,  4.014443e-04,  8.172413e-04],
 [ 2.012580e-01,  3.720535e-01, -3.841498e-01, -1.984614e-01,  1.298632e-01],
 [ 1.185143e-02, -2.923393e-01, -5.784379e-01, -2.430516e-01, -1.373947e-03],
 [ 9.306407e-01,  3.179052e+00,  7.495592e+00,  4.153270e+00, -1.886111e+00],
 [ 7.771191e-02, -2.608974e-01, -4.447652e-02, -1.597223e-02, -9.139553e-02],
 [ 2.349591e+00,  3.100551e+00, -2.753547e+00, -1.429544e+00, -4.396847e+00],
 [ 6.509353e-04, -5.811051e-03,  1.128680e-01,  1.330876e-02,  3.133262e-01],
 [ 6.199550e-02,  1.889762e-02,  2.035482e-02,  3.029398e-02,  3.793068e-02],
 [-9.554091e-04, -3.067435e-04,  1.114562e-04, -1.212088e-05,  9.843296e-04],
 [ 9.322127e-04, -8.169331e-04,  6.375094e-04,  1.373732e-03,  1.178487e-03],
 [-8.620413e-02, -1.110277e-01,  3.473588e-02,  3.243831e-02,  5.488373e-02]]
energy_short: [ 0.032381, -0.578901, -0.602069,  0.310141,  0.332656,  0.34075 ,  0.236859,  0.226134,  0.165562,  0.085144, -0.561916, -0.584726,  0.387334]
energy_long: [ 0.036563,  0.08184 ,  0.080848,  0.055818,  0.060902, -0.066782,  0.003553, -0.035672,  0.050064,  0.046507,  0.081223,  0.081036,  0.044174]