step=3332160, graph_id=0, num_atoms=13
scalar_charges: [0.564336, 0.42564 , 0.419481, 0.763077, 0.736014, 0.717414, 0.567727, 0.615596, 0.655014, 0.685921, 0.429519, 0.421008, 0.548776]
spherical_charges_l0: [[-2.000520e-02],
 [ 5.589808e-05],
 [-2.497684e-05],
 [ 5.732326e-03],
 [ 4.787881e-02],
 [ 8.975670e-01],
 [ 2.062356e-02],
 [ 7.470893e-01],
 [ 3.994467e-02],
 [ 1.225177e-02],
 [-8.401803e-06],
 [-2.346822e-05],
 [-1.547559e-02]]
spherical_charges_l1: [[ 3.637038e-03, -3.371897e-02, -1.411279e-02],
 [ 1.286512e-05,  3.500039e-06, -1.168362e-04],
 [ 1.458528e-04,  2.381412e-04,  1.236704e-04],
 [ 4.616621e-02, -1.055022e-02, -9.580493e-03],
 [ 5.325672e-03, -3.829513e-02, -1.301705e-02],
 [-3.402862e-02,  1.906587e-01,  1.665786e-01],
 [-1.779727e-02,  1.804060e-02, -3.453410e-03],
 [-9.565500e-02, -6.007346e-02,  6.316580e-03],
 [-9.534434e-03,  4.223832e-02,  2.080430e-02],
 [ 3.127782e-02, -1.847784e-02, -2.908989e-03],
 [ 2.286801e-04, -3.344426e-04,  1.611458e-04],
 [ 1.210439e-04, -3.122957e-04,  1.253972e-04],
 [-6.772056e-03,  7.618070e-03,  1.248809e-02]]
spherical_charges_l2: [[-6.650359e-02,  6.811152e-02, -6.406728e-02,  3.252641e-02,  5.076390e-02],
 [ 2.960800e-05,  5.452253e-04, -8.295015e-04, -3.504650e-04,  6.321718e-04],
 [ 2.247208e-04, -4.258571e-04, -3.698873e-04, -5.787478e-04,  2.622885e-04],
 [ 8.124079e-02,  9.221470e-02, -1.498099e-01, -9.593347e-02,  2.083583e-02],
 [-2.500476e-02, -3.278874e-01, -8.042561e-01, -3.077215e-01,  9.812783e-02],
 [ 5.025019e-01,  2.053898e+00,  5.863843e+00,  3.372363e+00, -1.690526e+00],
 [ 7.054625e-02, -2.090014e-01, -4.617829e-02, -1.408648e-02, -8.319275e-02],
 [ 1.752271e+00,  2.536957e+00, -2.224494e+00, -1.456288e+00, -3.923029e+00],
 [-1.545692e-01, -1.979385e-01,  2.547904e-01,  4.500603e-02,  6.038344e-01],
 [ 3.545512e-02,  2.728034e-02, -1.553017e-02,  9.269666e-03, -4.413533e-02],
 [ 5.643076e-04,  8.944483e-04, -5.136618e-04,  4.602351e-04,  2.453478e-04],
 [ 7.026220e-05,  8.515127e-04, -2.895287e-04,  5.476630e-04,  4.327663e-04],
 [-6.473178e-02, -9.944785e-02,  5.661858e-02,  3.007120e-02,  8.692804e-02]]
energy_short: [-0.10796 , -0.576688, -0.596514,  0.164024,  0.322221,  0.298667,  0.183904,  0.17412 ,  0.144666,  0.007475, -0.559611, -0.578484,  0.183919]
energy_long: [ 0.088613,  0.133896,  0.133789,  0.092561,  0.104745, -0.03241 ,  0.059573, -0.013362,  0.099066,  0.090868,  0.134244,  0.133851,  0.09169 ]