step=3720645, graph_id=0, num_atoms=13
scalar_charges: [0.655462, 0.467351, 0.45838 , 0.865006, 0.817067, 0.792663, 0.613174, 0.674195, 0.724971, 0.766028, 0.472077, 0.461482, 0.641609]
spherical_charges_l0: [[-1.790485e-02],
 [ 4.222945e-05],
 [-1.886811e-05],
 [ 4.436892e-03],
 [ 5.782333e-02],
 [ 9.738461e-01],
 [ 1.845830e-02],
 [ 8.128574e-01],
 [ 4.632938e-02],
 [ 1.100474e-02],
 [-1.902670e-05],
 [-3.710041e-05],
 [-1.440461e-02]]
spherical_charges_l1: [[ 3.460604e-03, -3.152167e-02, -1.591565e-02],
 [-3.390873e-05, -2.795102e-05, -1.614138e-04],
 [ 2.085840e-04,  2.032428e-04,  1.310609e-04],
 [ 4.727373e-02, -5.589608e-04, -1.145275e-02],
 [-7.135945e-04, -3.601069e-02, -1.345459e-02],
 [-3.254994e-02,  1.765682e-01,  1.679239e-01],
 [-1.646065e-02,  1.865568e-02,  3.624628e-04],
 [-9.681097e-02, -5.257147e-02, -8.051950e-03],
 [-1.073740e-02,  4.177700e-02,  2.545543e-02],
 [ 3.160308e-02, -2.660942e-02, -7.424150e-03],
 [ 1.726449e-04, -2.815646e-04,  1.309118e-04],
 [ 1.006773e-04, -2.680578e-04,  1.030784e-04],
 [-5.443468e-03,  5.102103e-03,  1.101593e-02]]
spherical_charges_l2: [[-7.163432e-02,  7.319201e-02, -6.620512e-02,  3.771912e-02,  6.247963e-02],
 [ 6.091858e-05,  6.961813e-04, -8.687398e-04, -3.370537e-04,  6.707199e-04],
 [ 1.986483e-04, -4.924422e-04, -3.483522e-04, -5.613400e-04,  1.377559e-04],
 [ 8.766885e-02,  9.645209e-02, -1.515887e-01, -7.414416e-02,  3.136167e-02],
 [-1.545806e-02, -3.428167e-01, -8.377835e-01, -3.178859e-01,  1.128787e-01],
 [ 4.814493e-01,  2.141565e+00,  6.181829e+00,  3.577632e+00, -1.767681e+00],
 [ 6.688844e-02, -2.006975e-01, -5.039097e-02, -1.517213e-02, -8.466176e-02],
 [ 1.802381e+00,  2.675867e+00, -2.325504e+00, -1.529434e+00, -4.107548e+00],
 [-1.563079e-01, -2.095339e-01,  2.709463e-01,  4.768252e-02,  6.446506e-01],
 [ 3.085001e-02,  2.379824e-02, -9.531348e-03,  3.368489e-03, -4.006870e-02],
 [ 6.067167e-04,  9.107181e-04, -4.708394e-04,  2.712372e-04,  9.595401e-05],
 [ 1.349110e-04,  8.666570e-04, -2.954985e-04,  4.460451e-04,  3.341683e-04],
 [-7.158758e-02, -1.114769e-01,  6.949025e-02,  3.760193e-02,  1.076435e-01]]
energy_short: [-0.077636, -0.572649, -0.593234,  0.163839,  0.308195,  0.287926,  0.177276,  0.165429,  0.133683,  0.009155, -0.555971, -0.575077,  0.214183]
energy_long: [ 0.088281,  0.126531,  0.126327,  0.092512,  0.104796, -0.027932,  0.056537, -0.012864,  0.097422,  0.089408,  0.126859,  0.126542,  0.090504]