step=536670, graph_id=0, num_atoms=13
scalar_charges: [-0.633463,  3.517345,  3.511608, -0.634162, -0.629705, -0.650836, -0.596316, -0.648021, -0.625509, -0.624524,  3.515827,  3.512967, -0.643934]
spherical_charges_l0: [[-2.682129e-02],
 [ 8.516663e-04],
 [ 1.130118e-03],
 [-5.878431e-02],
 [ 4.748378e-02],
 [ 1.704904e+00],
 [ 3.882345e-02],
 [ 1.187647e+00],
 [ 2.359969e-02],
 [-2.937463e-02],
 [ 4.353879e-04],
 [ 5.397471e-04],
 [-2.562314e-02]]
spherical_charges_l1: [[ 7.550102e-03, -4.484697e-02,  3.178968e-03],
 [-1.100239e-03,  1.111769e-03, -5.569966e-04],
 [ 1.657852e-03,  6.888827e-04,  1.286812e-03],
 [ 9.684453e-02, -4.610545e-02, -8.921747e-02],
 [-8.043260e-02, -1.399231e-01, -3.945184e-02],
 [-5.104135e-02, -1.433950e-01,  4.380912e-02],
 [-2.567145e-02,  1.573576e-02, -1.487703e-02],
 [-2.245724e-01, -8.617795e-02,  7.169209e-02],
 [ 5.758615e-02,  1.916413e-02,  5.443357e-02],
 [ 2.458271e-02,  8.405899e-02, -7.894781e-02],
 [-1.137665e-03, -1.034768e-03,  5.534260e-04],
 [ 1.661932e-03,  4.780160e-04, -1.164532e-04],
 [-1.090840e-02, -1.288057e-03,  3.201218e-02]]
spherical_charges_l2: [[-6.047217e-02,  8.292771e-02, -4.389869e-02,  1.923761e-02,  2.674266e-02],
 [ 1.487410e-03, -2.336835e-03,  1.708507e-03, -5.934333e-04, -1.948884e-03],
 [ 2.339123e-03, -6.576487e-04,  2.648029e-03, -5.600340e-05, -1.583686e-03],
 [ 1.455274e-01,  9.809782e-02, -1.360590e-01, -1.587265e-01,  6.808661e-02],
 [ 3.866781e-02, -2.164373e-01,  3.198554e-02, -5.342354e-02, -6.683794e-02],
 [ 5.844213e-01,  1.902240e+00,  4.051991e+00,  2.191819e+00, -1.090445e+00],
 [ 3.248702e-02, -1.652561e-01,  3.318486e-02,  3.196325e-02, -4.430710e-03],
 [ 1.306645e+00,  1.833962e+00, -1.568403e+00, -7.680464e-01, -2.425108e+00],
 [ 1.035708e-01,  1.386196e-02,  5.732402e-03, -1.038246e-01,  2.150122e-02],
 [ 9.806507e-02,  8.509180e-02, -4.846867e-02,  9.912198e-02,  1.325143e-02],
 [ 4.079371e-04,  7.241727e-04, -2.544131e-04, -4.817564e-04, -7.167272e-04],
 [ 9.172205e-04,  7.371315e-04, -3.180200e-04, -6.484839e-04, -1.090632e-03],
 [-4.515193e-02, -6.697547e-02,  2.243466e-02,  3.847468e-05,  9.956622e-03]]
energy_short: [-0.013537, -0.206762, -0.239188,  0.270136,  0.208424,  0.214474,  0.147372,  0.089693,  0.036376,  0.020404, -0.196002, -0.222382,  0.368648]
energy_long: [-0.001302, -0.027818, -0.027943,  0.01537 ,  0.007263, -0.052115, -0.05272 , -0.038289,  0.001968,  0.01097 , -0.027921, -0.027977,  0.00824 ]