step=961200, graph_id=0, num_atoms=13
scalar_charges: [-0.296842,  3.645773,  3.647446, -0.338936, -0.322353, -0.414027, -0.324481, -0.400522, -0.319618, -0.288611,  3.639206,  3.648485, -0.362592]
spherical_charges_l0: [[-4.449449e-02],
 [ 2.887344e-05],
 [-2.525242e-05],
 [-3.089716e-02],
 [ 9.570824e-02],
 [ 2.022858e+00],
 [ 5.271056e-02],
 [ 1.412397e+00],
 [ 5.160711e-02],
 [-1.459439e-02],
 [-1.284817e-04],
 [-1.058866e-04],
 [-3.132860e-02]]
spherical_charges_l1: [[ 1.258825e-02, -1.136818e-03, -4.232780e-03],
 [-1.118897e-03,  3.689342e-04, -3.855366e-04],
 [ 2.509220e-04,  3.516466e-04,  2.387515e-04],
 [ 7.297426e-02, -4.053778e-02, -1.043374e-01],
 [-5.832500e-02, -5.674040e-02, -9.683172e-02],
 [-1.745706e-01,  3.117948e-01,  1.100585e-01],
 [-3.234342e-02,  2.600004e-02, -1.195920e-02],
 [-1.177196e-01, -3.357948e-01,  1.634609e-02],
 [ 7.579816e-02, -1.286874e-02,  3.135429e-02],
 [ 1.527172e-02,  4.234485e-02, -5.330957e-02],
 [ 4.212035e-04,  2.004390e-04, -6.816704e-05],
 [-5.758509e-05, -2.409721e-04,  1.421479e-04],
 [-3.253839e-02, -4.855771e-03, -7.830778e-03]]
spherical_charges_l2: [[-8.308834e-02,  1.189734e-01, -7.241414e-02,  4.181989e-02,  8.886285e-02],
 [-2.838018e-04, -2.040031e-03, -8.086404e-04, -1.545355e-04,  2.826387e-04],
 [ 3.437701e-04,  1.558620e-03,  7.381081e-04,  4.264542e-04,  6.234207e-04],
 [ 1.859453e-01,  3.394727e-01, -3.490331e-01, -1.590243e-01,  1.413755e-01],
 [ 1.182919e-02, -3.106959e-01, -3.572578e-01, -1.443437e-01,  5.406891e-02],
 [ 1.210287e+00,  3.679446e+00,  8.261737e+00,  4.602665e+00, -2.264232e+00],
 [ 1.042975e-01, -2.154915e-01, -3.955928e-02,  2.848589e-02, -2.914752e-02],
 [ 2.346049e+00,  3.362927e+00, -2.818168e+00, -1.560399e+00, -4.670402e+00],
 [ 5.751458e-02, -2.170082e-02,  4.863393e-02, -2.596260e-02,  2.017534e-01],
 [ 5.362529e-02,  7.805996e-03,  1.043250e-02,  4.030133e-02,  3.619673e-02],
 [-5.365122e-04,  4.113878e-04, -1.617449e-04,  1.466168e-05,  3.741770e-04],
 [ 8.148275e-04, -4.831724e-04,  3.440443e-04,  7.533461e-04,  3.180810e-04],
 [-9.534735e-02, -1.089364e-01,  3.943187e-02,  7.323035e-02,  1.067772e-01]]
energy_short: [-0.024175, -0.44107 , -0.466983,  0.278612,  0.213685,  0.230411,  0.157596,  0.110117,  0.044824,  0.014363, -0.424308, -0.448978,  0.355624]
energy_long: [ 0.021884,  0.072498,  0.071796,  0.036239,  0.044311, -0.050754, -0.013398, -0.030496,  0.032751,  0.028726,  0.072414,  0.07213 ,  0.02928 ]