step=1089360, graph_id=0, num_atoms=13
scalar_charges: [-0.362908,  3.512273,  3.517671, -0.411886, -0.484119, -0.541861, -0.53933 , -0.573612, -0.511971, -0.383014,  3.503187,  3.515724, -0.473495]
spherical_charges_l0: [[-4.283310e-02],
 [ 1.477689e-04],
 [-6.048808e-05],
 [-1.446075e-02],
 [ 1.823595e-02],
 [ 1.325898e+00],
 [ 5.079064e-02],
 [ 9.444793e-01],
 [ 2.282096e-02],
 [-1.786186e-02],
 [-9.300701e-05],
 [-9.567054e-05],
 [-3.032331e-02]]
spherical_charges_l1: [[ 1.221141e-03, -4.009279e-02,  1.685877e-03],
 [-9.231518e-05,  1.504633e-05, -1.699690e-04],
 [-3.103956e-04,  2.702006e-04, -5.969658e-05],
 [ 2.036338e-02, -8.153796e-02, -9.687533e-02],
 [-2.555101e-02, -6.353597e-02, -6.014502e-02],
 [-8.518087e-02,  7.740184e-02,  6.727859e-02],
 [-1.883024e-02,  9.096255e-03,  4.376312e-04],
 [-1.282269e-01, -8.751249e-02,  3.149769e-02],
 [ 2.648188e-02,  4.735017e-03,  1.007714e-02],
 [-7.052434e-03,  1.791973e-02, -3.674437e-02],
 [ 2.609142e-04,  1.331249e-04, -5.452300e-05],
 [-3.186819e-04, -2.542260e-04,  1.025018e-04],
 [-2.063550e-02,  5.613694e-04,  1.321204e-02]]
spherical_charges_l2: [[-1.430389e-01,  9.117602e-02, -2.637019e-04,  1.098337e-01,  1.231173e-02],
 [-1.050682e-03, -2.795835e-03, -8.923184e-04, -4.806926e-05, -2.004813e-04],
 [ 9.948927e-04,  1.468965e-03,  6.422728e-04,  1.843682e-04,  7.972894e-04],
 [ 1.935280e-01,  2.237352e-01, -1.777572e-01, -7.435805e-02,  8.402245e-02],
 [ 3.961037e-02, -1.720226e-01, -4.070251e-01, -1.504727e-01,  2.722717e-02],
 [ 3.558599e-01,  2.634161e+00,  5.793893e+00,  3.564509e+00, -1.756503e+00],
 [ 3.755668e-02, -2.387662e-01, -2.016328e-02,  6.303420e-03, -7.780895e-02],
 [ 1.510667e+00,  2.386938e+00, -1.932900e+00, -1.157707e+00, -3.570826e+00],
 [ 1.765285e-02,  1.925687e-02,  1.172874e-01, -5.486511e-02,  2.315516e-01],
 [ 7.516035e-02,  3.124426e-02, -6.362325e-03,  1.439841e-02,  8.563851e-03],
 [-9.056656e-04,  6.428557e-04, -3.465149e-04,  1.988756e-04,  8.068958e-04],
 [ 1.371511e-03, -3.842303e-04,  3.657815e-04,  1.346025e-03,  6.660107e-04],
 [-9.519953e-02, -1.313766e-01,  4.758067e-02,  8.998737e-03,  3.927148e-02]]
energy_short: [ 0.029984, -0.496015, -0.522248,  0.324778,  0.315652,  0.301143,  0.205223,  0.188518,  0.144616,  0.07305 , -0.478279, -0.504101,  0.408068]
energy_long: [ 0.018646,  0.056718,  0.05544 ,  0.037737,  0.039911, -0.068493, -0.02098 , -0.048699,  0.028865,  0.026457,  0.056008,  0.055805,  0.023262]