step=1882350, graph_id=0, num_atoms=13
scalar_charges: [-0.372609,  3.812947,  3.814507, -0.411928, -0.350722, -0.352585, -0.317626, -0.303552, -0.333246, -0.360308,  3.811989,  3.814177, -0.362727]
spherical_charges_l0: [[-4.527062e-02],
 [-6.830442e-05],
 [-8.440804e-05],
 [ 5.729416e-03],
 [ 1.882051e-02],
 [ 9.961705e-01],
 [ 2.373806e-02],
 [ 7.557291e-01],
 [ 2.850116e-02],
 [ 7.950367e-03],
 [-1.752325e-04],
 [-1.176699e-04],
 [-3.811006e-02]]
spherical_charges_l1: [[-5.076210e-03, -3.038056e-02, -1.451460e-02],
 [ 2.928985e-04,  5.403803e-06,  1.683511e-04],
 [-2.622072e-05, -3.727076e-05, -9.641291e-05],
 [ 3.496314e-02, -1.021824e-02, -5.629025e-02],
 [ 1.730959e-02, -4.070501e-02, -2.238884e-02],
 [ 1.871563e-02,  1.464264e-01,  1.472230e-01],
 [-1.001479e-02,  6.529997e-03, -1.363516e-03],
 [-8.540500e-02, -6.930236e-02,  1.441206e-02],
 [ 9.112987e-03,  1.604179e-02,  1.002102e-02],
 [ 2.066002e-02, -8.039959e-03, -1.561278e-02],
 [ 4.682377e-04, -1.054408e-04,  6.585028e-05],
 [-1.376634e-04, -2.245699e-04,  1.067520e-04],
 [-2.781471e-02,  1.417984e-02,  1.395771e-03]]
spherical_charges_l2: [[-1.149126e-01,  8.095771e-02, -6.767110e-02,  4.945701e-02,  4.563994e-02],
 [-5.876047e-04, -4.616613e-04, -7.337601e-04, -7.984825e-05,  3.747152e-04],
 [ 9.780637e-04,  7.330622e-04,  5.139544e-04, -1.093987e-04,  4.506296e-04],
 [ 1.149540e-01,  1.762957e-01, -2.412004e-01, -1.307412e-01,  4.981994e-02],
 [-2.250342e-02, -2.998643e-01, -5.783432e-01, -2.085304e-01,  4.548600e-02],
 [ 6.633607e-01,  2.230498e+00,  5.772911e+00,  3.347169e+00, -1.771550e+00],
 [ 5.965695e-02, -2.170915e-01, -4.737025e-02, -1.063816e-02, -8.475689e-02],
 [ 1.674687e+00,  2.470396e+00, -2.048718e+00, -1.326811e+00, -3.678341e+00],
 [-9.528842e-02, -1.183412e-01,  1.689716e-01, -2.520446e-02,  4.175465e-01],
 [ 5.042541e-02,  2.154268e-02, -2.140107e-02,  2.402979e-03, -7.372101e-02],
 [ 4.562135e-05,  1.482621e-03, -6.407275e-04,  6.863950e-04,  7.217504e-04],
 [ 9.985325e-04,  5.977812e-04, -2.385569e-04,  7.591937e-04,  3.972058e-04],
 [-1.020749e-01, -1.353807e-01,  5.285355e-02,  4.871166e-02,  9.603934e-02]]
energy_short: [-0.00639 , -0.574661, -0.588319,  0.258369,  0.350618,  0.343876,  0.232992,  0.226078,  0.176387,  0.066564, -0.555693, -0.572015,  0.31105 ]
energy_long: [ 0.042857,  0.097382,  0.097077,  0.043048,  0.043933, -0.077492,  0.002023, -0.05536 ,  0.037901,  0.036654,  0.097133,  0.096992,  0.047801]