step=500625, graph_id=0, num_atoms=13
scalar_charges: [-0.609721,  3.338517,  3.322462, -0.625666, -0.632293, -0.685768, -0.619566, -0.686017, -0.634516, -0.608423,  3.337829,  3.324329, -0.645872]
spherical_charges_l0: [[-2.999447e-02],
 [ 4.169814e-04],
 [ 7.082124e-04],
 [-3.774482e-02],
 [ 7.568996e-02],
 [ 2.336931e+00],
 [ 5.316597e-02],
 [ 1.647075e+00],
 [ 2.592735e-02],
 [-2.468416e-02],
 [ 7.023399e-04],
 [ 8.184941e-04],
 [-3.310898e-02]]
spherical_charges_l1: [[-2.173077e-02, -5.247670e-02,  3.386023e-03],
 [-6.788059e-04,  3.398505e-03,  1.130357e-03],
 [ 1.188425e-03,  8.224186e-04,  1.039229e-03],
 [ 1.508717e-01, -5.286823e-02, -2.645396e-02],
 [-1.369984e-01, -1.740667e-01, -8.276908e-02],
 [-7.354674e-02, -3.170107e-02,  7.058387e-02],
 [-3.377937e-02,  2.588495e-02, -3.386876e-02],
 [-1.534130e-01, -1.770780e-01,  2.675971e-02],
 [ 9.076861e-02, -1.717758e-02,  5.646147e-02],
 [ 4.255698e-02,  6.037045e-02, -7.091736e-02],
 [ 9.392178e-07, -3.408615e-04,  1.592899e-04],
 [ 6.305448e-04,  1.261728e-04, -4.612418e-05],
 [-8.938104e-03, -2.629493e-02,  5.008101e-02]]
spherical_charges_l2: [[-1.096140e-01,  1.060681e-01, -5.388234e-02,  5.532480e-02,  4.366113e-02],
 [ 1.338020e-03, -3.443539e-03,  2.153241e-04, -1.798347e-03, -1.700342e-03],
 [ 5.950379e-04, -2.032427e-04,  5.336836e-04, -3.292869e-04, -4.335029e-04],
 [ 9.225143e-02,  1.121038e-01, -1.852123e-01, -1.423415e-01,  4.873212e-02],
 [ 4.157915e-02, -1.920017e-01, -4.464999e-02, -3.216483e-02, -5.463588e-02],
 [ 7.943293e-01,  2.687451e+00,  5.335921e+00,  2.939297e+00, -1.589748e+00],
 [ 6.888515e-02, -2.027010e-01,  3.666709e-02,  4.916409e-02,  3.731951e-03],
 [ 1.649378e+00,  2.467816e+00, -2.094301e+00, -1.092273e+00, -3.221717e+00],
 [ 1.049719e-01,  3.709995e-03,  4.956775e-02, -1.398575e-01,  8.646545e-02],
 [ 7.269799e-02,  6.789035e-02, -3.919297e-02,  6.845587e-02,  2.254017e-02],
 [ 5.080827e-04,  8.812894e-04, -4.062994e-04,  1.879072e-04, -1.387324e-04],
 [ 3.136823e-04,  7.584787e-04, -3.304314e-04, -1.476860e-05, -1.483410e-04],
 [-7.579020e-02, -1.153083e-01,  5.043800e-02, -1.932296e-02,  1.970680e-02]]
energy_short: [-0.025069, -0.251849, -0.282249,  0.309169,  0.206422,  0.223045,  0.161943,  0.095672,  0.038063,  0.043824, -0.242693, -0.266412,  0.379799]
energy_long: [-0.022523, -0.007653, -0.007474,  0.002721, -0.001969, -0.064667, -0.068732, -0.051854, -0.00648 , -0.002607, -0.007527, -0.007574, -0.013487]