step=865080, graph_id=0, num_atoms=13
scalar_charges: [-0.505668,  5.205222,  5.200963, -0.606407, -0.594345, -0.674895, -0.663476, -0.68939 , -0.609548, -0.552965,  5.199428,  5.200738, -0.583619]
spherical_charges_l0: [[-3.143985e-02],
 [ 1.148704e-04],
 [-5.828575e-05],
 [-3.210569e-02],
 [ 2.195503e-02],
 [ 1.552429e+00],
 [ 5.740143e-02],
 [ 1.143461e+00],
 [ 1.322055e-02],
 [-1.606353e-02],
 [-1.039915e-04],
 [-8.097833e-05],
 [-2.578056e-02]]
spherical_charges_l1: [[-3.142746e-03, -2.557291e-03, -6.993385e-03],
 [-6.642066e-04,  9.249091e-04,  1.262975e-04],
 [ 2.481776e-04,  2.745770e-04,  4.420099e-04],
 [ 5.980206e-02, -7.294076e-02, -6.370357e-02],
 [-2.410948e-02, -6.463270e-02, -3.066569e-02],
 [-6.282198e-02,  2.021821e-01,  1.170328e-01],
 [-2.386514e-02,  1.054636e-02, -1.882015e-02],
 [-8.834977e-02, -1.921952e-01,  2.732663e-02],
 [ 5.140388e-02,  4.077130e-03,  4.774062e-02],
 [ 1.759409e-02,  3.303111e-02, -4.258902e-02],
 [ 2.720713e-05, -1.356948e-05,  4.810084e-05],
 [ 1.534857e-04, -7.682489e-05,  9.315561e-05],
 [-9.075927e-03, -3.273014e-02,  5.849744e-03]]
spherical_charges_l2: [[-9.902723e-02,  1.033835e-01, -3.934728e-02,  5.599274e-02,  3.509209e-02],
 [-1.571947e-04, -6.467238e-04, -4.311755e-04,  1.194333e-04,  1.587852e-04],
 [ 1.924824e-04,  5.763830e-04,  1.895975e-04,  1.689853e-04,  3.812055e-04],
 [ 1.198085e-01,  1.823010e-01, -2.210623e-01, -1.311174e-01,  2.146599e-02],
 [ 7.188618e-03, -1.800235e-01, -3.033763e-01, -1.194472e-01,  1.807973e-02],
 [ 5.599139e-01,  2.301518e+00,  5.070205e+00,  2.893501e+00, -1.542375e+00],
 [ 6.474601e-02, -1.822063e-01, -3.134496e-02,  2.190956e-02, -3.854023e-02],
 [ 1.556544e+00,  2.110276e+00, -1.876642e+00, -9.292062e-01, -3.185218e+00],
 [ 1.075944e-02, -1.044349e-02,  6.012261e-02, -4.672946e-02,  1.922935e-01],
 [ 5.029561e-02,  1.250105e-02, -1.790903e-02,  1.215307e-02, -1.590994e-02],
 [-1.889595e-04, -7.751434e-05,  4.620932e-05,  2.037497e-04,  2.942223e-04],
 [ 1.858072e-04, -2.052783e-04,  9.014648e-05,  3.878505e-04,  2.746089e-04],
 [-7.090929e-02, -8.919992e-02,  2.727664e-02,  4.107793e-02,  5.569306e-02]]
energy_short: [-0.033643, -0.412537, -0.438427,  0.293397,  0.251943,  0.256793,  0.181156,  0.137594,  0.084709,  0.039079, -0.39588 , -0.420761,  0.349534]
energy_long: [ 0.017763,  0.06292 ,  0.06233 ,  0.030931,  0.034357, -0.06368 , -0.030008, -0.038648,  0.025326,  0.022684,  0.062415,  0.06227 ,  0.02548 ]