step=1758195, graph_id=0, num_atoms=13
scalar_charges: [-0.604588,  3.702588,  3.700511, -0.562587, -0.554189, -0.570487, -0.586092, -0.553678, -0.553819, -0.53498 ,  3.699497,  3.699549, -0.631281]
spherical_charges_l0: [[-3.741529e-02],
 [-4.473412e-05],
 [-9.534986e-05],
 [ 7.702428e-03],
 [ 5.021217e-02],
 [ 1.148495e+00],
 [ 3.349803e-02],
 [ 8.628746e-01],
 [ 4.785766e-02],
 [ 7.574043e-03],
 [-1.390848e-04],
 [-1.385755e-04],
 [-2.883554e-02]]
spherical_charges_l1: [[ 4.360721e-03, -3.460226e-02, -1.252680e-02],
 [ 4.838349e-04,  2.625584e-04, -5.739795e-05],
 [ 1.687144e-05, -2.045625e-04, -2.262709e-04],
 [ 2.916530e-02, -6.857260e-03, -3.810530e-02],
 [ 1.898791e-02, -2.589912e-02, -2.137681e-02],
 [-1.014105e-01,  2.135435e-01,  5.486352e-02],
 [-1.520418e-02,  9.179059e-03, -8.338161e-03],
 [-8.124393e-02, -1.349309e-01, -8.151908e-03],
 [ 1.479255e-02,  2.370476e-02,  1.483338e-02],
 [ 1.810533e-02, -1.682557e-02, -9.436286e-03],
 [ 3.578376e-04,  1.911478e-04, -8.967200e-05],
 [-4.671064e-04, -1.284893e-04,  2.372898e-05],
 [-2.498174e-02,  1.799297e-02,  3.633791e-03]]
spherical_charges_l2: [[-1.030947e-01,  5.684324e-02, -2.738813e-02,  7.511539e-02,  3.570198e-02],
 [-1.645295e-03,  1.740630e-05, -2.150239e-03,  6.522480e-04,  1.346195e-03],
 [ 3.113564e-04,  7.457547e-04,  1.118681e-03,  1.248303e-03,  2.370953e-04],
 [ 1.044735e-01,  1.688117e-01, -2.025515e-01, -1.001937e-01,  2.908359e-02],
 [-1.230965e-02, -3.567461e-01, -5.341630e-01, -2.255635e-01,  8.073740e-02],
 [ 6.542066e-01,  2.380574e+00,  6.189457e+00,  3.507100e+00, -1.664513e+00],
 [ 6.216387e-02, -2.003169e-01, -5.399437e-02, -1.063087e-02, -8.932488e-02],
 [ 1.795157e+00,  2.643842e+00, -2.109053e+00, -1.270468e+00, -3.902929e+00],
 [-7.849394e-02, -1.288058e-01,  1.422148e-01,  2.898477e-03,  4.512472e-01],
 [ 3.090551e-02,  6.409111e-04, -5.417942e-03, -1.864407e-02, -4.803712e-02],
 [-4.888856e-04,  4.530634e-04, -1.156475e-04,  5.451773e-04,  1.031185e-03],
 [ 1.083987e-03, -5.730517e-04,  4.927306e-04,  1.060450e-03,  8.978271e-04],
 [-6.356870e-02, -1.073890e-01,  4.900473e-02,  1.075005e-02,  5.781481e-02]]
energy_short: [-0.050091, -0.523517, -0.53623 ,  0.215558,  0.276284,  0.275323,  0.159625,  0.159178,  0.100254,  0.008655, -0.503351, -0.518639,  0.286855]
energy_long: [ 0.061266,  0.108338,  0.107411,  0.064804,  0.070314, -0.032442,  0.024951, -0.014381,  0.061848,  0.057589,  0.108097,  0.107567,  0.066539]