step=620775, graph_id=0, num_atoms=13
scalar_charges: [-0.713486,  4.600895,  4.596168, -0.803213, -0.713291, -0.784345, -0.69261 , -0.779835, -0.714719, -0.754193,  4.619987,  4.602207, -0.756515]
spherical_charges_l0: [[-4.083995e-02],
 [ 1.765635e-03],
 [ 7.241655e-04],
 [-3.656873e-02],
 [ 1.279365e-02],
 [ 1.788567e+00],
 [ 5.134878e-02],
 [ 1.290519e+00],
 [ 4.753670e-03],
 [-2.227601e-02],
 [ 5.422689e-04],
 [ 6.101006e-04],
 [-3.966457e-02]]
spherical_charges_l1: [[ 3.160547e-03, -1.555362e-02,  3.365755e-02],
 [ 3.506653e-03,  8.066365e-03,  3.841200e-03],
 [ 1.770044e-04,  4.373090e-03,  8.009459e-04],
 [ 7.730380e-02, -9.550761e-02, -6.511504e-02],
 [-1.053502e-01, -1.770274e-01, -9.801491e-02],
 [-7.216187e-02,  7.379533e-02,  1.203709e-01],
 [-2.550489e-02,  2.908937e-02, -9.855783e-03],
 [-1.556726e-01, -9.284217e-02,  1.227127e-01],
 [ 5.383104e-02,  3.083261e-03,  2.653087e-02],
 [ 1.688683e-02,  6.571568e-02, -8.436336e-02],
 [ 2.425636e-03,  6.365797e-05, -1.454724e-04],
 [-3.761496e-04, -1.668084e-03,  6.767740e-04],
 [ 1.877971e-02, -2.861333e-02,  5.670930e-02]]
spherical_charges_l2: [[-1.303855e-01,  1.624444e-01, -6.430555e-02,  4.274767e-02,  6.160074e-02],
 [-2.008893e-03, -5.283995e-03,  5.982916e-03,  5.821426e-03, -7.268520e-03],
 [-4.847170e-04,  4.175873e-04,  3.646494e-04,  1.535539e-03, -3.217810e-04],
 [ 1.034588e-01,  1.280807e-01, -1.642904e-01, -1.061446e-01,  7.490504e-02],
 [ 5.483519e-02, -2.139120e-01, -7.656536e-02, -6.443032e-02, -4.890940e-02],
 [ 6.736010e-01,  2.135791e+00,  4.726462e+00,  2.650594e+00, -1.340020e+00],
 [ 5.850396e-02, -1.564543e-01,  5.726250e-03,  2.792119e-02, -2.113011e-02],
 [ 1.491823e+00,  1.988898e+00, -1.655913e+00, -9.016509e-01, -2.910801e+00],
 [ 9.525681e-02,  1.720371e-02,  2.286491e-02, -1.377696e-01,  5.366694e-02],
 [ 6.072512e-02,  5.577752e-02, -1.613171e-02,  6.487058e-02,  2.830592e-02],
 [ 1.120634e-03, -5.672803e-04,  5.434182e-04, -8.697400e-04, -1.435375e-03],
 [-1.168490e-03, -6.008175e-04,  2.079201e-04, -1.454442e-03, -3.220859e-04],
 [-8.755523e-02, -1.423247e-01,  5.164948e-02,  4.235598e-02,  6.194699e-02]]
energy_short: [-0.03526 , -0.26212 , -0.297211,  0.30117 ,  0.235911,  0.246535,  0.19861 ,  0.129865,  0.072799,  0.050527, -0.258708, -0.283584,  0.353927]
energy_long: [-0.017888, -0.022866, -0.022961,  0.005369,  0.006628, -0.082649, -0.060577, -0.063722, -0.003923, -0.001523, -0.022716, -0.022763, -0.011048]