step=3788730, graph_id=0, num_atoms=13
scalar_charges: [0.691497, 0.497276, 0.486032, 0.883083, 0.840797, 0.818532, 0.630543, 0.694456, 0.745152, 0.785108, 0.501638, 0.488773, 0.675622]
spherical_charges_l0: [[-1.768282e-02],
 [ 3.966833e-05],
 [-2.040747e-05],
 [ 3.992891e-03],
 [ 5.599420e-02],
 [ 9.569069e-01],
 [ 1.808661e-02],
 [ 8.026998e-01],
 [ 4.517894e-02],
 [ 1.091586e-02],
 [-2.150548e-05],
 [-3.594219e-05],
 [-1.413598e-02]]
spherical_charges_l1: [[ 3.924162e-03, -3.185800e-02, -1.542906e-02],
 [-2.122393e-06, -2.098366e-05, -1.446385e-04],
 [ 2.013794e-04,  1.933440e-04,  1.195905e-04],
 [ 4.949955e-02, -1.768114e-03, -1.221118e-02],
 [ 4.501040e-04, -3.608105e-02, -1.217095e-02],
 [-2.868580e-02,  1.812208e-01,  1.701095e-01],
 [-1.647680e-02,  1.825635e-02, -9.414332e-05],
 [-1.000118e-01, -5.345856e-02,  5.572885e-04],
 [-1.091447e-02,  4.387708e-02,  2.362384e-02],
 [ 3.105843e-02, -2.574651e-02, -6.508152e-03],
 [ 1.553038e-04, -2.780462e-04,  1.273682e-04],
 [ 1.090183e-04, -2.580950e-04,  9.853327e-05],
 [-5.711565e-03,  5.774656e-03,  1.132791e-02]]
spherical_charges_l2: [[-7.193310e-02,  7.671421e-02, -7.185317e-02,  3.534712e-02,  6.370711e-02],
 [ 8.093168e-05,  6.547843e-04, -8.521741e-04, -3.495465e-04,  6.578417e-04],
 [ 2.079162e-04, -4.648620e-04, -3.234598e-04, -5.279446e-04,  1.485538e-04],
 [ 8.245004e-02,  8.659486e-02, -1.396816e-01, -6.833433e-02,  2.343637e-02],
 [-2.179633e-02, -3.508265e-01, -8.217732e-01, -3.136765e-01,  1.068265e-01],
 [ 4.779046e-01,  2.094892e+00,  6.052456e+00,  3.488521e+00, -1.733379e+00],
 [ 6.639741e-02, -1.969823e-01, -4.974384e-02, -1.414109e-02, -8.509526e-02],
 [ 1.772105e+00,  2.644520e+00, -2.276314e+00, -1.506394e+00, -4.049093e+00],
 [-1.559661e-01, -2.079479e-01,  2.709056e-01,  4.198290e-02,  6.425943e-01],
 [ 2.970686e-02,  1.844105e-02, -8.797760e-03, -2.640222e-03, -4.628057e-02],
 [ 5.772538e-04,  8.474123e-04, -4.341645e-04,  2.498534e-04,  7.955302e-05],
 [ 1.420482e-04,  8.076415e-04, -2.721481e-04,  4.122568e-04,  3.043289e-04],
 [-7.352234e-02, -1.152918e-01,  7.047789e-02,  3.928414e-02,  1.092409e-01]]
energy_short: [-0.079318, -0.568605, -0.589268,  0.167603,  0.309389,  0.287937,  0.17811 ,  0.165923,  0.134897,  0.013338, -0.552032, -0.571153,  0.212027]
energy_long: [ 0.087122,  0.125932,  0.125697,  0.091379,  0.104384, -0.030444,  0.054138, -0.015587,  0.096885,  0.088286,  0.126167,  0.125867,  0.089267]