step=3460320, graph_id=0, num_atoms=13
scalar_charges: [0.589279, 0.459467, 0.449619, 0.764469, 0.725421, 0.710811, 0.551491, 0.605868, 0.643159, 0.681325, 0.464445, 0.451653, 0.580729]
spherical_charges_l0: [[-1.958812e-02],
 [ 3.598169e-05],
 [-7.263954e-06],
 [ 6.000272e-03],
 [ 4.938937e-02],
 [ 9.117337e-01],
 [ 1.911002e-02],
 [ 7.507250e-01],
 [ 3.844719e-02],
 [ 1.099192e-02],
 [-1.409396e-05],
 [-2.825273e-05],
 [-1.588720e-02]]
spherical_charges_l1: [[ 6.693244e-03, -3.022600e-02, -1.304846e-02],
 [-6.524759e-05, -5.248064e-05, -1.639479e-04],
 [ 2.073079e-04,  1.786803e-04,  1.091659e-04],
 [ 4.628526e-02,  6.083350e-04, -9.821165e-03],
 [ 7.692550e-03, -3.834321e-02, -1.260277e-02],
 [-3.668617e-02,  1.832557e-01,  1.606794e-01],
 [-1.671514e-02,  1.767994e-02, -2.869859e-03],
 [-9.750775e-02, -4.901677e-02, -7.686084e-03],
 [-1.015274e-02,  3.880365e-02,  2.237425e-02],
 [ 2.919935e-02, -2.224108e-02, -5.577372e-03],
 [ 1.874334e-04, -2.138706e-04,  1.158614e-04],
 [ 9.218871e-05, -2.323743e-04,  1.054059e-04],
 [-5.757804e-03,  6.393686e-03,  1.007957e-02]]
spherical_charges_l2: [[-7.490059e-02,  7.613167e-02, -6.928468e-02,  4.170674e-02,  6.274799e-02],
 [-9.558016e-06,  5.000166e-04, -8.386572e-04, -3.043809e-04,  5.874718e-04],
 [ 1.828912e-04, -3.904311e-04, -2.012085e-04, -3.986226e-04,  1.195502e-04],
 [ 6.678558e-02,  9.192633e-02, -1.411372e-01, -7.269730e-02,  2.347982e-02],
 [-2.585202e-02, -3.272412e-01, -7.554889e-01, -2.922514e-01,  1.027625e-01],
 [ 4.698370e-01,  2.090345e+00,  5.917360e+00,  3.442936e+00, -1.697584e+00],
 [ 6.118342e-02, -1.950777e-01, -4.370775e-02, -1.551714e-02, -8.237028e-02],
 [ 1.729847e+00,  2.571869e+00, -2.215790e+00, -1.458023e+00, -3.921070e+00],
 [-1.501590e-01, -2.029396e-01,  2.484170e-01,  4.806452e-02,  5.923387e-01],
 [ 2.582467e-02,  1.474527e-02, -6.879248e-03, -2.951715e-04, -4.384268e-02],
 [ 4.887567e-04,  6.655566e-04, -3.742747e-04,  2.993450e-04,  1.399175e-04],
 [ 6.829697e-05,  7.043573e-04, -2.430093e-04,  4.156240e-04,  3.370301e-04],
 [-7.309516e-02, -1.187943e-01,  6.961367e-02,  3.778150e-02,  1.065147e-01]]
energy_short: [-0.079959, -0.577363, -0.597247,  0.165204,  0.315305,  0.291501,  0.181024,  0.168127,  0.13992 ,  0.010596, -0.560772, -0.579484,  0.211201]
energy_long: [ 0.085981,  0.130064,  0.129904,  0.090805,  0.102284, -0.031542,  0.055497, -0.017032,  0.095021,  0.08715 ,  0.130362,  0.130134,  0.088299]