step=3760695, graph_id=0, num_atoms=13
scalar_charges: [0.67731 , 0.481146, 0.470224, 0.883539, 0.836729, 0.812292, 0.625335, 0.689601, 0.738132, 0.779748, 0.486073, 0.473608, 0.665234]
spherical_charges_l0: [[-1.726423e-02],
 [ 4.983352e-05],
 [-1.731582e-05],
 [ 4.163159e-03],
 [ 5.606176e-02],
 [ 9.690105e-01],
 [ 1.851152e-02],
 [ 8.172036e-01],
 [ 4.557516e-02],
 [ 1.176142e-02],
 [-2.020354e-05],
 [-3.339966e-05],
 [-1.335000e-02]]
spherical_charges_l1: [[ 4.314896e-03, -3.011247e-02, -1.600007e-02],
 [ 4.603227e-06, -3.160354e-05, -1.418809e-04],
 [ 1.860925e-04,  1.844785e-04,  1.057373e-04],
 [ 4.651289e-02, -6.414559e-04, -1.338981e-02],
 [ 9.590441e-04, -3.888056e-02, -1.167082e-02],
 [-1.233966e-02,  1.895539e-01,  1.816016e-01],
 [-1.692332e-02,  1.997562e-02,  6.496481e-04],
 [-1.018488e-01, -5.025835e-02, -8.633114e-03],
 [-1.195609e-02,  4.576137e-02,  2.590122e-02],
 [ 3.074062e-02, -2.614045e-02, -7.569056e-03],
 [ 1.468686e-04, -2.750768e-04,  1.218715e-04],
 [ 1.007001e-04, -2.546728e-04,  9.346471e-05],
 [-5.112855e-03,  4.626979e-03,  1.105143e-02]]
spherical_charges_l2: [[-6.841933e-02,  7.360600e-02, -6.762958e-02,  3.566761e-02,  6.013121e-02],
 [ 9.460351e-05,  5.948081e-04, -8.070674e-04, -3.644516e-04,  6.237440e-04],
 [ 1.888435e-04, -4.591068e-04, -3.602473e-04, -5.650185e-04,  1.964032e-04],
 [ 8.255098e-02,  8.716136e-02, -1.419594e-01, -7.015187e-02,  2.447164e-02],
 [-2.766968e-02, -3.409899e-01, -8.284907e-01, -3.184783e-01,  1.119930e-01],
 [ 4.886557e-01,  2.155985e+00,  6.168293e+00,  3.568336e+00, -1.785740e+00],
 [ 6.938925e-02, -1.995089e-01, -5.216020e-02, -1.582364e-02, -8.549815e-02],
 [ 1.846291e+00,  2.705042e+00, -2.335750e+00, -1.577121e+00, -4.176206e+00],
 [-1.570648e-01, -2.083640e-01,  2.709478e-01,  5.143855e-02,  6.475825e-01],
 [ 3.065461e-02,  2.459057e-02, -9.507420e-03, -6.718523e-03, -4.856679e-02],
 [ 6.070899e-04,  8.433435e-04, -4.388668e-04,  2.789557e-04,  8.007312e-05],
 [ 1.165832e-04,  8.243478e-04, -2.788148e-04,  4.414489e-04,  3.328263e-04],
 [-6.980368e-02, -1.094598e-01,  6.761507e-02,  3.847732e-02,  1.054415e-01]]
energy_short: [-0.076552, -0.57228 , -0.592948,  0.165983,  0.308633,  0.288025,  0.177317,  0.164535,  0.13395 ,  0.010722, -0.555718, -0.574877,  0.214557]
energy_long: [ 0.089495,  0.1275  ,  0.127291,  0.093844,  0.10693 , -0.028223,  0.05705 , -0.012757,  0.09991 ,  0.091047,  0.127851,  0.127487,  0.091542]