step=2342925, graph_id=0, num_atoms=13
scalar_charges: [0.547951, 0.479784, 0.484452, 0.620862, 0.608684, 0.604111, 0.602177, 0.596835, 0.60065 , 0.611386, 0.475149, 0.48154 , 0.535774]
spherical_charges_l0: [[-3.159629e-02],
 [-1.389481e-05],
 [-4.318288e-05],
 [ 2.254677e-03],
 [ 3.768302e-02],
 [ 1.005253e+00],
 [ 2.680399e-02],
 [ 7.517173e-01],
 [ 3.093745e-02],
 [ 4.608163e-03],
 [-2.183854e-05],
 [-3.322771e-05],
 [-2.602542e-02]]
spherical_charges_l1: [[ 6.275001e-03, -2.012884e-02, -7.152596e-03],
 [ 1.232123e-04,  8.072464e-05, -4.014101e-05],
 [-5.918825e-05,  1.334952e-04,  3.504940e-05],
 [ 4.449528e-02, -1.869578e-03, -1.113561e-02],
 [ 4.947858e-03, -4.053476e-02, -3.062688e-02],
 [-4.112718e-02,  1.888837e-01,  1.611820e-01],
 [-1.870712e-02,  1.605884e-02, -1.443000e-02],
 [-6.508395e-02, -9.803507e-02,  1.522750e-02],
 [-3.416134e-03,  2.036538e-02,  1.537159e-02],
 [ 2.694808e-02, -3.296505e-03, -9.293357e-03],
 [ 2.973808e-04, -1.411056e-04,  7.529330e-05],
 [-1.847404e-05, -1.992405e-04,  9.135866e-05],
 [-1.179157e-02,  7.367592e-03,  1.924048e-03]]
spherical_charges_l2: [[-8.978443e-02,  6.112822e-02, -3.749745e-02,  6.415880e-02,  2.718797e-02],
 [ 9.595307e-05, -2.914877e-05, -2.214767e-04, -2.165379e-04,  2.411488e-04],
 [ 3.475835e-04, -5.735720e-05,  1.983474e-04, -8.769322e-05, -2.328666e-05],
 [ 7.095059e-02,  1.675113e-01, -2.108567e-01, -9.358384e-02,  2.703837e-02],
 [-4.149384e-02, -3.985985e-01, -6.028956e-01, -2.898714e-01,  1.092239e-01],
 [ 5.919476e-01,  2.261342e+00,  6.027449e+00,  3.566390e+00, -1.801726e+00],
 [ 7.543249e-02, -2.085410e-01, -5.002838e-02, -1.547652e-02, -8.149587e-02],
 [ 1.741718e+00,  2.479367e+00, -2.149752e+00, -1.444729e+00, -3.841161e+00],
 [-1.475148e-01, -1.922943e-01,  2.009260e-01,  7.459548e-02,  5.133496e-01],
 [ 1.630961e-02, -3.125908e-02,  5.306978e-03,  2.664614e-02, -5.815455e-03],
 [ 6.663179e-05,  7.211607e-04, -3.138319e-04,  1.929006e-04,  2.492969e-04],
 [ 4.023519e-04,  2.805286e-04, -8.128081e-05,  3.694241e-04,  2.263593e-04],
 [-6.893542e-02, -1.044916e-01,  4.855654e-02,  3.831442e-02,  8.276767e-02]]
energy_short: [ 0.042396, -0.665114, -0.683804,  0.19826 ,  0.334238,  0.32815 ,  0.216884,  0.20555 ,  0.165147,  0.021017, -0.64213 , -0.663882,  0.340934]
energy_long: [ 0.066172,  0.12631 ,  0.126197,  0.078031,  0.086788, -0.044716,  0.037183, -0.030461,  0.077735,  0.072104,  0.126533,  0.126322,  0.071321]