step=3380220, graph_id=0, num_atoms=13
scalar_charges: [0.60739 , 0.445471, 0.437055, 0.789614, 0.755118, 0.738279, 0.576166, 0.626682, 0.669423, 0.705333, 0.449155, 0.438784, 0.595593]
spherical_charges_l0: [[-1.870004e-02],
 [ 3.663840e-05],
 [-7.756958e-06],
 [ 5.601183e-03],
 [ 5.289450e-02],
 [ 9.133097e-01],
 [ 2.016247e-02],
 [ 7.640494e-01],
 [ 4.218480e-02],
 [ 1.330836e-02],
 [ 1.080332e-06],
 [-1.028581e-05],
 [-1.497022e-02]]
spherical_charges_l1: [[ 5.552083e-03, -3.261992e-02, -1.486214e-02],
 [-3.732416e-05, -7.647555e-06, -1.231425e-04],
 [ 1.395264e-04,  2.155777e-04,  1.167455e-04],
 [ 4.830037e-02, -7.684596e-03, -9.403198e-03],
 [ 3.260752e-03, -3.487688e-02, -1.297992e-02],
 [-5.762684e-02,  2.007803e-01,  1.494249e-01],
 [-1.722830e-02,  1.840413e-02, -3.448416e-03],
 [-8.767458e-02, -6.800321e-02, -6.075911e-04],
 [-8.567919e-03,  3.592863e-02,  2.035621e-02],
 [ 3.246528e-02, -2.272997e-02, -5.929016e-03],
 [ 2.039932e-04, -2.484870e-04,  1.201233e-04],
 [ 9.590404e-05, -2.610521e-04,  1.080921e-04],
 [-6.875754e-03,  5.686610e-03,  9.131644e-03]]
spherical_charges_l2: [[-7.011395e-02,  6.620012e-02, -6.096872e-02,  4.216615e-02,  4.723225e-02],
 [ 2.560465e-05,  5.430065e-04, -7.386341e-04, -2.372731e-04,  5.647676e-04],
 [ 1.863651e-04, -3.668823e-04, -2.163288e-04, -4.042329e-04,  1.754357e-04],
 [ 8.663789e-02,  7.722455e-02, -1.391474e-01, -9.108363e-02,  1.441657e-02],
 [-2.625160e-02, -3.374085e-01, -7.964990e-01, -2.978268e-01,  1.132607e-01],
 [ 4.456957e-01,  2.125102e+00,  5.886390e+00,  3.438942e+00, -1.717959e+00],
 [ 6.664008e-02, -1.963497e-01, -5.031914e-02, -1.444719e-02, -8.333462e-02],
 [ 1.750870e+00,  2.619149e+00, -2.236603e+00, -1.487492e+00, -3.985081e+00],
 [-1.460257e-01, -1.993744e-01,  2.622425e-01,  3.688803e-02,  6.204225e-01],
 [ 3.507541e-02,  2.960961e-02, -1.426849e-02,  2.775509e-03, -4.274895e-02],
 [ 4.808342e-04,  6.846304e-04, -3.787197e-04,  3.438823e-04,  1.837202e-04],
 [ 7.418871e-05,  6.960703e-04, -2.253664e-04,  4.054307e-04,  3.291403e-04],
 [-6.400333e-02, -1.041130e-01,  6.222638e-02,  2.728770e-02,  8.907911e-02]]
energy_short: [-0.087415, -0.584394, -0.603883,  0.169925,  0.319831,  0.297167,  0.18773 ,  0.17585 ,  0.144932,  0.013602, -0.56748 , -0.586023,  0.204933]
energy_long: [ 0.086414,  0.130094,  0.129975,  0.090631,  0.102093, -0.03162 ,  0.055632, -0.015158,  0.095385,  0.088243,  0.130421,  0.130079,  0.088994]