step=1181475, graph_id=0, num_atoms=13
scalar_charges: [-0.405046,  3.436327,  3.435156, -0.467195, -0.425209, -0.490346, -0.49457 , -0.49713 , -0.450869, -0.427294,  3.430467,  3.434905, -0.460674]
spherical_charges_l0: [[-4.029680e-02],
 [ 9.835663e-05],
 [-7.506857e-06],
 [-1.202136e-02],
 [ 3.367534e-02],
 [ 1.403514e+00],
 [ 4.983648e-02],
 [ 1.051350e+00],
 [ 2.338452e-02],
 [-1.519021e-02],
 [-9.865387e-05],
 [-6.065573e-05],
 [-2.062880e-02]]
spherical_charges_l1: [[ 1.635149e-02, -4.261068e-02, -1.238087e-02],
 [ 2.133330e-04,  6.259255e-04,  3.931189e-04],
 [-3.937131e-04,  1.751534e-04, -2.632582e-05],
 [ 4.120114e-02, -6.824296e-02, -8.523292e-02],
 [ 8.260949e-03, -1.115916e-01, -3.900358e-02],
 [-5.791986e-02,  8.353298e-02,  1.379463e-01],
 [-1.798173e-02,  9.621122e-03, -5.696633e-03],
 [-1.520565e-01, -8.519583e-02,  9.830394e-02],
 [ 2.019071e-02,  5.480943e-02,  2.725411e-02],
 [ 1.846045e-03,  1.525181e-02, -3.798944e-02],
 [ 3.765476e-04,  3.104382e-05, -1.218531e-05],
 [-2.089204e-04, -4.223734e-04,  1.583252e-04],
 [-3.168472e-02,  1.984152e-03, -2.778944e-03]]
spherical_charges_l2: [[-1.263111e-01,  8.050309e-02, -3.977504e-02,  6.007179e-02,  3.207106e-02],
 [-7.711248e-04, -1.529053e-03, -5.648477e-04,  5.192853e-04, -3.975779e-04],
 [ 1.630497e-04,  5.185592e-04,  3.401015e-04,  4.019387e-04,  3.000336e-04],
 [ 1.341526e-01,  2.071890e-01, -1.649570e-01, -5.667801e-02,  7.459580e-02],
 [ 8.630322e-02, -3.245384e-01, -3.170818e-01, -1.813750e-01,  2.151223e-02],
 [ 9.248051e-01,  2.809464e+00,  6.721735e+00,  3.561448e+00, -1.738554e+00],
 [ 8.666369e-02, -2.224985e-01, -4.274398e-02,  2.324389e-04, -5.839513e-02],
 [ 2.064368e+00,  2.783915e+00, -2.524263e+00, -1.070675e+00, -4.073422e+00],
 [-1.272671e-02,  1.085367e-02,  4.389800e-02, -2.861192e-02,  2.481166e-01],
 [ 4.873602e-02, -6.179108e-03,  2.500072e-02, -4.510896e-02,  3.675147e-03],
 [-7.630001e-05,  2.587645e-04, -8.486291e-05,  1.564203e-04,  3.012877e-04],
 [ 4.641801e-04,  7.769316e-05,  6.474656e-05,  3.737753e-04,  2.744119e-04],
 [-8.679415e-02, -1.012836e-01,  3.398455e-02,  3.268467e-02,  6.243471e-02]]
energy_short: [-0.000611, -0.546366, -0.567401,  0.318412,  0.316371,  0.319105,  0.227606,  0.207163,  0.154024,  0.074889, -0.528756, -0.551163,  0.367675]
energy_long: [ 0.021142,  0.071935,  0.070557,  0.035543,  0.039418, -0.071698, -0.013804, -0.05547 ,  0.030889,  0.029562,  0.071333,  0.071173,  0.029451]