step=2867580, graph_id=0, num_atoms=13
scalar_charges: [0.483187, 0.411089, 0.410635, 0.639717, 0.616755, 0.612203, 0.544856, 0.561415, 0.582291, 0.607572, 0.411423, 0.410552, 0.474387]
spherical_charges_l0: [[-2.285406e-02],
 [ 1.697446e-05],
 [-1.816196e-05],
 [ 5.499244e-03],
 [ 4.404575e-02],
 [ 9.133047e-01],
 [ 2.182860e-02],
 [ 7.317410e-01],
 [ 3.553865e-02],
 [ 1.188405e-02],
 [-3.279558e-05],
 [-2.723742e-05],
 [-1.778801e-02]]
spherical_charges_l1: [[ 5.638604e-03, -2.892136e-02, -9.005980e-03],
 [ 1.819954e-05, -2.819022e-05, -8.735551e-05],
 [ 3.765438e-05,  6.404611e-05,  5.978975e-06],
 [ 4.074262e-02, -9.294722e-03, -1.034674e-02],
 [ 1.747226e-02, -3.774070e-02, -1.977359e-02],
 [-3.465930e-02,  1.867900e-01,  1.470596e-01],
 [-1.683216e-02,  1.630311e-02, -7.175750e-03],
 [-9.029517e-02, -6.172432e-02, -1.623303e-02],
 [-8.811497e-03,  2.886069e-02,  1.488639e-02],
 [ 2.867313e-02, -1.240478e-02, -2.697064e-03],
 [ 8.130336e-05, -1.305545e-04,  7.309476e-05],
 [ 2.801797e-05, -1.061180e-04,  4.697536e-05],
 [-9.672201e-03,  8.345583e-03,  9.213911e-03]]
spherical_charges_l2: [[-7.169795e-02,  6.025656e-02, -4.455521e-02,  4.955518e-02,  4.751263e-02],
 [-7.491921e-05, -6.377677e-05, -2.029037e-04, -2.149474e-05,  1.845439e-04],
 [ 1.211224e-04, -1.693032e-04,  3.768493e-05,  8.450684e-05, -1.514689e-04],
 [ 8.397038e-02,  1.054523e-01, -1.577180e-01, -1.343493e-01,  3.143541e-02],
 [-9.688517e-03, -3.175558e-01, -7.379126e-01, -3.027281e-01,  1.191680e-01],
 [ 5.767131e-01,  2.175708e+00,  6.121223e+00,  3.507773e+00, -1.782109e+00],
 [ 7.358055e-02, -1.860146e-01, -5.606830e-02, -1.519610e-02, -7.812600e-02],
 [ 1.759572e+00,  2.529438e+00, -2.230729e+00, -1.483785e+00, -3.977187e+00],
 [-1.455478e-01, -1.759110e-01,  2.303197e-01,  5.380690e-02,  5.608501e-01],
 [ 2.716727e-02,  1.581428e-02, -9.483160e-03,  2.564065e-02, -2.397021e-02],
 [ 2.010871e-04,  2.414388e-04, -1.101940e-04,  1.023264e-04,  1.822072e-05],
 [ 1.000033e-04,  2.015081e-04, -7.021452e-05,  8.958951e-05,  6.122456e-05],
 [-5.378590e-02, -8.868657e-02,  5.523709e-02,  1.762194e-02,  7.701983e-02]]
energy_short: [-0.044343, -0.636268, -0.651832,  0.207299,  0.350651,  0.329797,  0.215729,  0.207755,  0.176095,  0.040198, -0.617449, -0.634708,  0.25353 ]
energy_long: [ 0.076524,  0.122534,  0.122501,  0.083123,  0.093647, -0.042326,  0.050286, -0.025722,  0.086699,  0.080091,  0.122838,  0.122566,  0.080171]