step=2827530, graph_id=0, num_atoms=13
scalar_charges: [0.490335, 0.299535, 0.302054, 0.632503, 0.669975, 0.666938, 0.580001, 0.605923, 0.62849 , 0.587053, 0.299406, 0.30245 , 0.478365]
spherical_charges_l0: [[-2.128200e-02],
 [ 4.639190e-06],
 [-8.566522e-06],
 [ 7.258798e-03],
 [ 3.586633e-02],
 [ 8.929276e-01],
 [ 2.067390e-02],
 [ 7.112861e-01],
 [ 3.163304e-02],
 [ 1.354093e-02],
 [-1.762967e-05],
 [-1.289982e-05],
 [-1.873066e-02]]
spherical_charges_l1: [[ 4.074320e-03, -2.959286e-02, -9.669581e-03],
 [ 2.502186e-06, -1.521145e-04, -1.964094e-04],
 [ 5.333138e-05,  1.109094e-04,  6.790552e-05],
 [ 3.922391e-02, -1.290408e-02, -1.699983e-02],
 [ 9.870060e-03, -3.295697e-02, -1.599494e-02],
 [-2.183875e-02,  1.459824e-01,  1.654102e-01],
 [-1.723333e-02,  1.444969e-02, -8.832116e-03],
 [-1.259278e-01, -4.705823e-02,  5.982085e-03],
 [-7.197609e-03,  3.012027e-02,  1.913221e-02],
 [ 2.965236e-02, -1.657535e-02, -4.566922e-03],
 [ 2.215889e-04, -1.542148e-04,  9.840242e-05],
 [ 1.289502e-05, -2.281695e-04,  1.099778e-04],
 [-9.024142e-03,  6.432941e-03,  1.181000e-02]]
spherical_charges_l2: [[-7.894921e-02,  7.016610e-02, -6.402227e-02,  3.777768e-02,  5.082862e-02],
 [-4.330515e-04,  3.656669e-04, -9.229507e-04,  1.003026e-04,  6.645339e-04],
 [ 9.028694e-05, -1.004489e-04,  7.579364e-05, -5.981735e-06,  6.277933e-05],
 [ 8.132815e-02,  9.267914e-02, -1.856683e-01, -1.445989e-01,  1.086197e-02],
 [-2.508638e-03, -3.371443e-01, -6.964466e-01, -2.979935e-01,  9.795293e-02],
 [ 3.957363e-01,  2.201476e+00,  5.886760e+00,  3.511753e+00, -1.703762e+00],
 [ 7.666335e-02, -1.911768e-01, -4.872102e-02, -1.649578e-02, -8.119383e-02],
 [ 1.734121e+00,  2.535998e+00, -2.244416e+00, -1.330450e+00, -3.924342e+00],
 [-1.408733e-01, -1.634568e-01,  2.138454e-01,  5.526441e-02,  5.534157e-01],
 [ 3.215140e-02,  2.885729e-02, -1.591661e-02,  2.423783e-02, -2.489851e-02],
 [ 3.284938e-04,  3.116079e-04, -1.580174e-04,  1.436727e-04,  5.717834e-05],
 [-6.871279e-05,  3.853209e-04, -1.133326e-04,  2.123251e-04,  2.728782e-04],
 [-6.111160e-02, -9.264979e-02,  5.406190e-02,  4.016265e-02,  9.985019e-02]]
energy_short: [-0.070453, -0.650266, -0.664809,  0.216202,  0.356584,  0.331699,  0.219959,  0.207773,  0.179244,  0.051697, -0.634817, -0.650103,  0.233293]
energy_long: [ 0.078172,  0.128087,  0.127831,  0.084282,  0.093044, -0.036357,  0.052627, -0.015588,  0.087101,  0.082121,  0.128019,  0.127898,  0.082222]