step=3159945, graph_id=0, num_atoms=13
scalar_charges: [0.523384, 0.435873, 0.429967, 0.722609, 0.668074, 0.664156, 0.532196, 0.575023, 0.603585, 0.645507, 0.438033, 0.430874, 0.515152]
spherical_charges_l0: [[-1.812829e-02],
 [ 6.215711e-05],
 [-6.262649e-06],
 [ 4.277161e-03],
 [ 4.369656e-02],
 [ 9.410239e-01],
 [ 2.037337e-02],
 [ 7.832339e-01],
 [ 3.640405e-02],
 [ 1.217857e-02],
 [-1.480398e-05],
 [-2.045619e-05],
 [-1.541223e-02]]
spherical_charges_l1: [[ 5.458538e-03, -3.084494e-02, -1.115705e-02],
 [-2.047302e-05, -4.675067e-06, -1.270627e-04],
 [ 1.166911e-04,  2.077985e-04,  7.342981e-05],
 [ 4.326003e-02, -7.028164e-03, -1.243383e-02],
 [ 9.805065e-03, -3.877719e-02, -1.746753e-02],
 [-4.023788e-02,  1.936452e-01,  1.593096e-01],
 [-1.611674e-02,  1.579994e-02, -6.828057e-03],
 [-1.058081e-01, -4.776709e-02, -7.428777e-03],
 [-8.518269e-03,  3.914507e-02,  2.030950e-02],
 [ 3.003822e-02, -1.626319e-02, -5.588563e-03],
 [ 1.711342e-04, -2.422287e-04,  1.220070e-04],
 [ 9.028519e-05, -2.120206e-04,  8.996512e-05],
 [-6.880612e-03,  7.336147e-03,  1.242149e-02]]
spherical_charges_l2: [[-6.656171e-02,  6.661029e-02, -5.824813e-02,  3.767372e-02,  4.733014e-02],
 [ 8.397622e-05,  3.433034e-04, -6.241736e-04, -3.041422e-04,  4.874072e-04],
 [ 2.552595e-04, -4.146111e-04, -1.568252e-04, -4.042776e-04,  8.432073e-05],
 [ 7.627239e-02,  9.475245e-02, -1.505822e-01, -9.888937e-02,  1.321479e-02],
 [-3.860286e-02, -3.029324e-01, -7.817227e-01, -3.019314e-01,  1.003791e-01],
 [ 5.423761e-01,  2.108577e+00,  6.062592e+00,  3.515457e+00, -1.806368e+00],
 [ 5.378626e-02, -2.003691e-01, -4.650026e-02, -1.472817e-02, -8.258123e-02],
 [ 1.795831e+00,  2.612831e+00, -2.265449e+00, -1.549623e+00, -4.130907e+00],
 [-1.716657e-01, -1.996803e-01,  2.468028e-01,  5.642729e-02,  5.792550e-01],
 [ 3.838697e-02,  2.791366e-02, -1.676005e-02,  7.674917e-03, -4.430208e-02],
 [ 4.362664e-04,  6.632085e-04, -3.906500e-04,  3.355682e-04,  1.867117e-04],
 [ 5.102129e-05,  6.077760e-04, -1.954247e-04,  3.993368e-04,  3.169870e-04],
 [-6.366176e-02, -1.007158e-01,  5.890540e-02,  3.023609e-02,  8.980300e-02]]
energy_short: [-0.063693, -0.590298, -0.608752,  0.165055,  0.325647,  0.298358,  0.19033 ,  0.176389,  0.148939,  0.008968, -0.573964, -0.591825,  0.228178]
energy_long: [ 0.083301,  0.126823,  0.12666 ,  0.088015,  0.099967, -0.038371,  0.054189, -0.022991,  0.094057,  0.08606 ,  0.127224,  0.126842,  0.085218]