step=3256065, graph_id=0, num_atoms=13
scalar_charges: [0.545816, 0.41579 , 0.409037, 0.712493, 0.683085, 0.66873 , 0.517678, 0.573859, 0.605906, 0.646814, 0.420801, 0.411739, 0.532762]
spherical_charges_l0: [[-1.887492e-02],
 [ 2.613299e-05],
 [-1.947419e-05],
 [ 5.685037e-03],
 [ 4.868652e-02],
 [ 8.934665e-01],
 [ 1.869900e-02],
 [ 7.386430e-01],
 [ 3.857471e-02],
 [ 1.304007e-02],
 [-1.511966e-06],
 [-1.939774e-05],
 [-1.500915e-02]]
spherical_charges_l1: [[ 5.784590e-03, -3.236464e-02, -1.535981e-02],
 [-6.887543e-05,  2.192314e-05, -1.397084e-04],
 [ 2.074970e-04,  2.487749e-04,  1.540291e-04],
 [ 4.200653e-02, -4.995513e-03, -1.119321e-02],
 [ 3.045884e-03, -3.122195e-02, -7.663705e-03],
 [-3.193088e-02,  1.755832e-01,  1.596706e-01],
 [-1.571945e-02,  1.646929e-02, -3.874112e-03],
 [-9.869998e-02, -3.848054e-02,  6.027322e-03],
 [-8.903408e-03,  3.734434e-02,  1.798737e-02],
 [ 2.673413e-02, -1.554457e-02, -5.289940e-03],
 [ 2.073032e-04, -2.923585e-04,  1.551178e-04],
 [ 1.549914e-04, -2.423664e-04,  1.124574e-04],
 [-8.702246e-03,  8.717795e-03,  9.054032e-03]]
spherical_charges_l2: [[-6.558712e-02,  6.478747e-02, -5.766821e-02,  4.127121e-02,  4.604338e-02],
 [-8.858860e-05,  3.967159e-04, -8.145571e-04, -2.969656e-04,  5.485723e-04],
 [ 2.322794e-04, -3.479338e-04, -1.727426e-04, -4.071427e-04,  1.009630e-04],
 [ 7.856095e-02,  9.865592e-02, -1.479075e-01, -9.787254e-02,  1.676271e-02],
 [-2.975844e-02, -3.068626e-01, -7.552406e-01, -2.916913e-01,  1.057264e-01],
 [ 4.697014e-01,  2.060881e+00,  5.808228e+00,  3.368228e+00, -1.689835e+00],
 [ 5.820233e-02, -1.799560e-01, -4.782697e-02, -1.479387e-02, -7.819413e-02],
 [ 1.710811e+00,  2.512516e+00, -2.168939e+00, -1.419777e+00, -3.881307e+00],
 [-1.586945e-01, -1.939103e-01,  2.429441e-01,  5.580643e-02,  5.703151e-01],
 [ 2.768613e-02,  1.910482e-02, -1.601966e-02,  3.969585e-03, -5.186374e-02],
 [ 4.042276e-04,  6.940778e-04, -3.973116e-04,  3.529531e-04,  2.239822e-04],
 [ 8.631126e-05,  6.512782e-04, -2.190585e-04,  4.136254e-04,  3.219078e-04],
 [-5.889790e-02, -9.648851e-02,  5.773876e-02,  2.665719e-02,  8.495340e-02]]
energy_short: [-0.077537, -0.587981, -0.607328,  0.163113,  0.311791,  0.287788,  0.176918,  0.162585,  0.136313,  0.004394, -0.571563, -0.589876,  0.213494]
energy_long: [ 0.090603,  0.132416,  0.132124,  0.095686,  0.107291, -0.02908 ,  0.062954, -0.012494,  0.100954,  0.093169,  0.13264 ,  0.132303,  0.093186]