step=1105380, graph_id=0, num_atoms=13
scalar_charges: [-0.379666,  3.659827,  3.660449, -0.463426, -0.463239, -0.554132, -0.589631, -0.589244, -0.513016, -0.415121,  3.651229,  3.660517, -0.452621]
spherical_charges_l0: [[-3.021864e-02],
 [ 2.675710e-04],
 [ 1.107993e-04],
 [-1.169937e-02],
 [ 3.950348e-02],
 [ 1.246640e+00],
 [ 4.980182e-02],
 [ 8.657736e-01],
 [ 1.748535e-02],
 [-1.291083e-02],
 [-1.337282e-04],
 [-5.339458e-05],
 [-2.031826e-02]]
spherical_charges_l1: [[ 3.775995e-03, -1.344956e-02, -2.470304e-03],
 [-3.124137e-04,  3.557054e-04, -7.863699e-05],
 [-1.075457e-04,  4.032441e-04,  1.435703e-04],
 [ 3.313546e-02, -4.506953e-02, -5.681514e-02],
 [-7.522017e-03, -4.802019e-02, -3.121440e-02],
 [-5.833801e-02,  1.344043e-01,  7.446311e-02],
 [-1.768022e-02,  5.696869e-03, -5.573030e-03],
 [-9.127268e-02, -1.628962e-01,  4.515490e-02],
 [ 3.409779e-02,  1.315202e-02,  2.398233e-02],
 [ 4.156695e-03,  1.315734e-02, -2.845645e-02],
 [ 1.294337e-04,  1.039114e-04, -1.445708e-05],
 [-1.220073e-04, -2.156414e-04,  1.020728e-04],
 [-1.426688e-02, -1.693430e-02,  6.136644e-03]]
spherical_charges_l2: [[-8.733163e-02,  8.415005e-02, -3.908008e-02,  4.859033e-02,  5.444978e-02],
 [ 8.846677e-06, -2.712411e-03, -9.255476e-04, -4.217606e-04, -1.598741e-04],
 [ 1.045891e-03,  9.772266e-04,  1.254161e-03,  1.050133e-03,  3.280758e-04],
 [ 1.587882e-01,  1.922783e-01, -1.775930e-01, -8.352627e-02,  4.765583e-02],
 [ 2.128582e-02, -2.320759e-01, -3.171834e-01, -1.230438e-01,  5.498748e-02],
 [ 7.797875e-01,  2.401397e+00,  5.654378e+00,  3.142426e+00, -1.479576e+00],
 [ 7.203155e-02, -2.054217e-01, -3.968304e-02,  1.077414e-02, -5.021813e-02],
 [ 1.577170e+00,  2.319504e+00, -2.001643e+00, -1.094435e+00, -3.233756e+00],
 [ 2.393641e-02, -1.836268e-02,  8.043657e-02, -6.378822e-02,  2.184061e-01],
 [ 4.598992e-02,  7.688549e-03,  4.207708e-03, -1.747485e-02, -3.213519e-03],
 [-5.164811e-05,  2.816697e-04, -9.806505e-05,  4.066136e-04,  5.519981e-04],
 [ 7.985871e-04, -4.683534e-08,  1.177784e-04,  7.176823e-04,  5.098456e-04],
 [-7.269163e-02, -9.294027e-02,  3.243486e-02,  4.954515e-02,  7.084670e-02]]
energy_short: [ 0.006211, -0.546066, -0.571207,  0.330119,  0.304752,  0.314291,  0.227697,  0.194966,  0.142382,  0.078524, -0.528079, -0.553216,  0.380729]
energy_long: [ 0.027252,  0.068183,  0.066851,  0.039611,  0.048788, -0.043679, -0.008839, -0.023616,  0.038   ,  0.032096,  0.067456,  0.067224,  0.03509 ]