step=488610, graph_id=0, num_atoms=13
scalar_charges: [-0.607451,  2.956383,  2.936786, -0.639657, -0.637172, -0.691831, -0.626102, -0.686974, -0.635728, -0.605449,  2.955778,  2.939187, -0.637506]
spherical_charges_l0: [[-1.503551e-02],
 [ 4.332344e-04],
 [ 8.886902e-04],
 [-3.554988e-02],
 [ 1.840256e-02],
 [ 1.904173e+00],
 [ 4.504338e-02],
 [ 1.385547e+00],
 [-6.613438e-04],
 [-2.075902e-02],
 [ 8.721255e-04],
 [ 9.520080e-04],
 [-1.365149e-02]]
spherical_charges_l1: [[-8.936293e-03, -6.140360e-02,  2.965507e-03],
 [ 1.330506e-04,  4.907264e-03,  1.687923e-03],
 [ 1.439674e-03,  1.245189e-03,  8.720969e-04],
 [ 1.111690e-01, -5.919867e-02, -1.755049e-02],
 [-5.455929e-02, -1.483112e-01, -3.390642e-02],
 [ 1.644061e-02, -1.765153e-01,  1.267482e-01],
 [-1.878974e-02,  1.585016e-02, -8.352797e-03],
 [-1.702491e-01, -6.808457e-02,  1.354607e-01],
 [ 4.993518e-02,  2.278782e-02,  5.439270e-02],
 [ 2.582544e-02,  6.094867e-02, -5.187409e-02],
 [ 7.397683e-04, -2.086209e-04,  4.573463e-06],
 [ 2.050610e-04, -2.790393e-04,  5.287467e-05],
 [-1.769068e-02,  2.217918e-03,  4.184611e-02]]
spherical_charges_l2: [[-5.941654e-02,  7.102402e-02, -3.711030e-02,  3.164705e-02,  2.970711e-02],
 [ 1.060857e-03, -4.255162e-03, -2.787732e-04, -2.263584e-03, -2.288080e-03],
 [ 7.347502e-04,  2.264297e-04,  1.139074e-03, -2.381401e-04, -6.243709e-04],
 [ 9.352773e-02,  3.319838e-02, -1.340662e-01, -1.341825e-01,  4.300456e-03],
 [ 3.015471e-02, -1.135490e-01, -8.895113e-02, -5.042196e-02, -2.357434e-02],
 [ 8.550019e-01,  2.205275e+00,  4.539368e+00,  2.404388e+00, -1.316088e+00],
 [ 3.741992e-02, -1.326351e-01,  8.699440e-03,  2.197585e-02, -1.894801e-02],
 [ 1.436294e+00,  2.124211e+00, -1.709433e+00, -8.398453e-01, -2.834043e+00],
 [ 6.387301e-02,  6.394580e-03,  4.129058e-02, -7.312757e-02,  7.233492e-02],
 [ 6.620985e-02,  8.748671e-02, -4.336609e-02,  4.572936e-02, -7.724199e-04],
 [ 2.260853e-04,  1.228976e-03, -6.164602e-04, -3.729799e-04, -3.837467e-04],
 [ 6.353941e-04,  7.858851e-04, -2.486904e-04, -1.009176e-04, -4.205898e-04],
 [-5.184839e-02, -7.153465e-02,  2.661314e-02, -7.587222e-03,  1.757814e-02]]
energy_short: [-0.021403, -0.274023, -0.300819,  0.357366,  0.252958,  0.256345,  0.215864,  0.131356,  0.086677,  0.086927, -0.263455, -0.285627,  0.379897]
energy_long: [-0.026651, -0.013338, -0.013237, -0.004147, -0.00894 , -0.07496 , -0.077955, -0.05899 , -0.012991, -0.00807 , -0.013323, -0.013324, -0.01792 ]