step=1958445, graph_id=0, num_atoms=13
scalar_charges: [ 2.635664,  2.630646,  2.624686, -0.46792 , -0.463537, -0.494579, -0.550129, -0.512903, -0.492612, -0.447922,  2.637635,  2.630051,  2.652223]
spherical_charges_l0: [[-3.418842e-02],
 [ 9.511458e-05],
 [ 3.027218e-05],
 [ 4.864495e-03],
 [ 5.205128e-02],
 [ 1.038855e+00],
 [ 2.922720e-02],
 [ 7.858275e-01],
 [ 4.239290e-02],
 [ 9.189432e-03],
 [-1.363114e-04],
 [ 7.484716e-06],
 [-2.573358e-02]]
spherical_charges_l1: [[ 4.059759e-03, -2.158182e-02, -3.852350e-03],
 [ 1.039958e-04, -2.003666e-04, -1.053120e-05],
 [ 2.719446e-05, -1.291008e-04, -8.388671e-06],
 [ 2.070904e-02,  2.330516e-03, -3.644041e-02],
 [ 7.779375e-03, -3.140148e-02, -1.999075e-02],
 [-6.324787e-02,  2.570364e-01,  1.090263e-01],
 [-1.714979e-02,  1.088732e-02, -1.154364e-02],
 [-8.487995e-02, -1.106069e-01, -2.254288e-03],
 [ 1.283805e-02,  1.622037e-02,  2.238240e-02],
 [ 2.405619e-02, -1.770905e-02, -9.204627e-03],
 [ 3.643277e-04, -2.007086e-04,  1.406594e-04],
 [ 2.685551e-05,  2.324701e-06,  1.686415e-05],
 [-1.134049e-02,  8.572767e-03,  8.415006e-03]]
spherical_charges_l2: [[-9.473594e-02,  8.201917e-02, -6.411570e-02,  4.600534e-02,  5.839509e-02],
 [-4.489115e-04,  9.957031e-05,  3.303837e-04,  8.298078e-04,  1.408792e-04],
 [-1.215811e-04, -9.577013e-05,  3.856336e-04,  8.645072e-04, -4.282407e-04],
 [ 8.651857e-02,  1.675867e-01, -2.259890e-01, -1.065348e-01,  1.997259e-02],
 [-1.280677e-02, -4.051225e-01, -6.983379e-01, -2.867731e-01,  1.113594e-01],
 [ 7.038759e-01,  2.282472e+00,  6.098583e+00,  3.493860e+00, -1.782614e+00],
 [ 7.723009e-02, -1.947160e-01, -6.593707e-02, -1.166093e-02, -7.928242e-02],
 [ 1.735450e+00,  2.590733e+00, -2.171121e+00, -1.454561e+00, -3.846867e+00],
 [-1.215057e-01, -1.725264e-01,  2.130670e-01,  3.004128e-02,  5.407847e-01],
 [ 1.717107e-02, -6.306322e-03,  1.233633e-03,  3.179753e-02, -1.144457e-02],
 [ 7.190126e-04,  8.898872e-04, -2.860704e-04,  8.862439e-04,  4.021265e-04],
 [-6.143362e-04,  2.048473e-04, -1.723978e-04, -3.462212e-04,  2.787185e-04],
 [-7.014315e-02, -1.004056e-01,  4.543937e-02,  3.293395e-02,  7.246654e-02]]
energy_short: [ 0.014424, -0.667759, -0.681708,  0.234441,  0.359626,  0.358279,  0.253133,  0.240869,  0.187925,  0.047236, -0.645297, -0.663332,  0.321066]
energy_long: [ 0.060973,  0.112248,  0.112003,  0.063355,  0.07264 , -0.047731,  0.028015, -0.027933,  0.063847,  0.060398,  0.112332,  0.112228,  0.066608]