step=2591235, graph_id=0, num_atoms=13
scalar_charges: [0.51762 , 0.27308 , 0.274826, 0.646665, 0.715275, 0.707275, 0.614555, 0.64209 , 0.670622, 0.61124 , 0.272301, 0.273662, 0.495329]
spherical_charges_l0: [[-2.954049e-02],
 [ 1.638489e-06],
 [-4.336632e-05],
 [ 2.426727e-03],
 [ 3.679704e-02],
 [ 9.605121e-01],
 [ 1.967536e-02],
 [ 7.640789e-01],
 [ 3.130507e-02],
 [ 7.735205e-03],
 [-2.832447e-05],
 [-3.478432e-05],
 [-2.316596e-02]]
spherical_charges_l1: [[ 4.405193e-03, -2.959356e-02, -7.472435e-03],
 [ 1.034060e-04,  2.504252e-05, -7.369008e-05],
 [ 2.191011e-05,  4.401237e-05, -5.486231e-06],
 [ 3.621653e-02, -7.402580e-03, -9.788785e-03],
 [ 6.719338e-03, -3.004391e-02, -1.712813e-02],
 [-2.224648e-02,  2.033972e-01,  1.466349e-01],
 [-1.621469e-02,  1.513256e-02, -5.385111e-03],
 [-1.198774e-01, -7.878880e-02, -1.769904e-02],
 [-7.354222e-03,  3.069464e-02,  1.531035e-02],
 [ 2.488545e-02, -7.178820e-03, -6.188869e-03],
 [ 1.343557e-04, -9.074144e-05,  3.706068e-05],
 [-1.173384e-05, -1.023911e-04,  3.863700e-05],
 [-1.256842e-02,  7.104495e-03,  7.166549e-03]]
spherical_charges_l2: [[-8.069950e-02,  6.226047e-02, -3.407371e-02,  5.662446e-02,  3.572714e-02],
 [-3.464828e-05, -3.052766e-04, -7.405670e-05,  6.941562e-05,  1.684726e-04],
 [ 1.950838e-04, -1.092161e-04,  1.645636e-04,  1.865740e-04, -1.231596e-04],
 [ 8.460220e-02,  1.300448e-01, -1.630587e-01, -1.106584e-01,  2.414363e-02],
 [-2.374825e-02, -2.650577e-01, -7.310967e-01, -2.619182e-01,  1.234168e-01],
 [ 3.935051e-01,  2.370749e+00,  5.919897e+00,  3.655095e+00, -1.790963e+00],
 [ 5.744411e-02, -1.779678e-01, -4.903806e-02, -1.275490e-02, -7.376876e-02],
 [ 1.788210e+00,  2.658860e+00, -2.210997e+00, -1.552916e+00, -3.925964e+00],
 [-1.370642e-01, -1.560206e-01,  2.297604e-01,  3.869579e-02,  5.237233e-01],
 [ 2.897899e-02,  4.837520e-03, -4.642413e-03,  1.580017e-02, -1.413131e-02],
 [ 6.278002e-05,  2.621409e-04, -8.458558e-05,  1.424433e-04,  1.315806e-04],
 [ 1.547623e-04,  1.631012e-04, -7.063013e-05,  1.395475e-04,  1.566992e-04],
 [-5.930769e-02, -9.827825e-02,  5.288026e-02,  2.182967e-02,  7.637499e-02]]
energy_short: [-0.074344, -0.689623, -0.699081,  0.240216,  0.391826,  0.372631,  0.267131,  0.250086,  0.216415,  0.067871, -0.671643, -0.683106,  0.228443]
energy_long: [ 0.067853,  0.120734,  0.120508,  0.075229,  0.082057, -0.032764,  0.041142, -0.01301 ,  0.075233,  0.073655,  0.120859,  0.120573,  0.07235 ]