step=3436290, graph_id=0, num_atoms=13
scalar_charges: [0.606522, 0.450368, 0.443   , 0.781875, 0.742509, 0.722982, 0.564902, 0.618667, 0.660348, 0.692733, 0.453369, 0.444044, 0.60105 ]
spherical_charges_l0: [[-1.893682e-02],
 [ 4.056058e-05],
 [-7.995873e-06],
 [ 6.989164e-03],
 [ 5.120749e-02],
 [ 9.160907e-01],
 [ 2.004495e-02],
 [ 7.640441e-01],
 [ 4.126680e-02],
 [ 1.139623e-02],
 [ 1.809776e-07],
 [-1.762220e-05],
 [-1.603625e-02]]
spherical_charges_l1: [[ 6.127741e-03, -3.051289e-02, -1.432282e-02],
 [-1.592880e-05,  4.914228e-06, -1.341217e-04],
 [ 1.831186e-04,  2.459308e-04,  1.284011e-04],
 [ 4.584561e-02, -6.109551e-03, -8.089969e-03],
 [ 7.915233e-03, -4.383009e-02, -1.018183e-02],
 [-3.605486e-02,  1.807457e-01,  1.634247e-01],
 [-1.693887e-02,  1.819912e-02, -1.513850e-03],
 [-9.919116e-02, -4.261696e-02,  7.308138e-03],
 [-9.950904e-03,  4.186082e-02,  2.102738e-02],
 [ 2.874735e-02, -1.977930e-02, -2.909128e-03],
 [ 2.116543e-04, -2.865508e-04,  1.442892e-04],
 [ 1.233085e-04, -2.826013e-04,  1.179331e-04],
 [-4.253618e-03,  3.928877e-03,  1.130995e-02]]
spherical_charges_l2: [[-6.604335e-02,  6.484418e-02, -5.961294e-02,  3.905141e-02,  5.363153e-02],
 [ 6.572389e-05,  4.952079e-04, -7.344430e-04, -3.029415e-04,  5.429917e-04],
 [ 2.135223e-04, -4.195049e-04, -2.366860e-04, -4.746977e-04,  1.334687e-04],
 [ 6.649124e-02,  7.722424e-02, -1.277961e-01, -7.459955e-02,  1.395958e-02],
 [-2.618342e-02, -3.255892e-01, -7.915004e-01, -3.101871e-01,  1.074131e-01],
 [ 4.372306e-01,  2.177864e+00,  5.934038e+00,  3.478546e+00, -1.747468e+00],
 [ 6.957363e-02, -1.993693e-01, -4.805153e-02, -1.342943e-02, -8.295279e-02],
 [ 1.750234e+00,  2.627205e+00, -2.276555e+00, -1.478978e+00, -3.987961e+00],
 [-1.540583e-01, -1.984866e-01,  2.545861e-01,  4.391821e-02,  6.137050e-01],
 [ 3.012597e-02,  1.642767e-02, -1.115895e-02, -7.763929e-04, -4.652760e-02],
 [ 5.446426e-04,  8.058856e-04, -4.327207e-04,  3.029942e-04,  1.147767e-04],
 [ 8.786129e-05,  7.833276e-04, -2.677402e-04,  4.063385e-04,  3.059895e-04],
 [-6.687096e-02, -1.076510e-01,  6.512740e-02,  3.046567e-02,  9.490800e-02]]
energy_short: [-0.089259, -0.583376, -0.603516,  0.164077,  0.312726,  0.290089,  0.179173,  0.166554,  0.136479,  0.008395, -0.566591, -0.585631,  0.203594]
energy_long: [ 0.091042,  0.13015 ,  0.129958,  0.095726,  0.107662, -0.023608,  0.061241, -0.007476,  0.101091,  0.093227,  0.130476,  0.130151,  0.093344]