step=1201500, graph_id=0, num_atoms=13
scalar_charges: [-0.476202,  3.5789  ,  3.577057, -0.501887, -0.455635, -0.514554, -0.522212, -0.520774, -0.481882, -0.460873,  3.575675,  3.576613, -0.550674]
spherical_charges_l0: [[-3.176992e-02],
 [ 1.128638e-04],
 [-1.089111e-05],
 [ 5.677320e-04],
 [ 2.063379e-02],
 [ 1.199820e+00],
 [ 4.492541e-02],
 [ 8.413674e-01],
 [ 2.130697e-02],
 [-2.900011e-03],
 [-1.863177e-04],
 [-1.098247e-04],
 [-2.223768e-02]]
spherical_charges_l1: [[-7.706176e-03, -2.653752e-02, -1.879585e-03],
 [-2.738382e-05,  2.026221e-04,  1.494454e-04],
 [-2.134238e-04,  3.702231e-05, -7.978020e-05],
 [ 4.868135e-02, -7.757441e-02, -6.256450e-02],
 [ 2.180051e-02, -5.390349e-02, -2.289291e-02],
 [-3.640534e-05,  1.352326e-01,  1.355193e-01],
 [-1.712788e-02,  1.373439e-02, -3.802474e-05],
 [-9.967241e-02, -1.053788e-01,  9.368047e-02],
 [ 3.326635e-02,  1.279991e-02,  1.454905e-02],
 [ 1.548039e-02,  6.110270e-03, -2.695973e-02],
 [ 5.173651e-04,  1.954567e-04, -5.523104e-05],
 [-3.338379e-04, -3.261015e-04,  1.416834e-04],
 [-2.230514e-02, -1.002391e-02,  9.665841e-03]]
spherical_charges_l2: [[-9.934919e-02,  3.622363e-02, -2.552217e-02,  5.701677e-02,  7.742054e-03],
 [-1.166470e-03, -1.748672e-03, -1.034494e-03,  4.877806e-04, -2.532487e-04],
 [ 3.937129e-04,  1.308162e-03,  5.829776e-04,  4.947457e-04,  6.282699e-04],
 [ 1.514644e-01,  2.020642e-01, -1.965604e-01, -2.257596e-02,  4.863391e-02],
 [ 2.129564e-02, -2.479921e-01, -4.528135e-01, -1.573211e-01,  3.569641e-02],
 [ 6.293700e-01,  2.474680e+00,  5.583637e+00,  3.239203e+00, -1.611995e+00],
 [ 7.615663e-02, -2.369514e-01, -3.915051e-02,  1.002202e-02, -7.181903e-02],
 [ 1.612632e+00,  2.262836e+00, -1.975552e+00, -1.092159e+00, -3.365379e+00],
 [-9.134373e-03, -3.440546e-02,  1.143817e-01, -5.180653e-02,  2.779077e-01],
 [ 6.502750e-02, -5.452374e-03,  2.595520e-02, -6.497502e-02, -5.317316e-02],
 [-7.862975e-04,  2.770951e-04, -1.841177e-04,  3.241131e-04,  9.838153e-04],
 [ 9.651233e-04, -5.545886e-04,  4.323669e-04,  1.260588e-03,  8.563924e-04],
 [-7.557925e-02, -8.914988e-02,  2.855877e-02,  2.199502e-02,  4.918949e-02]]
energy_short: [ 0.047851, -0.590778, -0.611971,  0.329774,  0.326571,  0.328087,  0.239569,  0.208632,  0.160808,  0.092784, -0.57273 , -0.59493 ,  0.413406]
energy_long: [ 0.028911,  0.07405 ,  0.072931,  0.040009,  0.045233, -0.060086, -0.009137, -0.031573,  0.037222,  0.033357,  0.073575,  0.073344,  0.035476]