step=1577970, graph_id=0, num_atoms=13
scalar_charges: [-0.424923,  3.216398,  3.215646, -0.424791, -0.420512, -0.465566, -0.465486, -0.463349, -0.434717, -0.389273,  3.205395,  3.21242 , -0.48079 ]
spherical_charges_l0: [[-3.588165e-02],
 [-7.139162e-05],
 [-5.230618e-05],
 [ 1.377907e-03],
 [ 3.682788e-02],
 [ 1.073526e+00],
 [ 3.474683e-02],
 [ 7.884225e-01],
 [ 3.594707e-02],
 [-3.365184e-03],
 [-1.184287e-04],
 [-5.618962e-05],
 [-2.695271e-02]]
spherical_charges_l1: [[ 7.678397e-03, -2.878824e-02, -1.669511e-02],
 [ 1.965607e-04, -8.094440e-05,  2.324706e-04],
 [-2.172681e-04, -8.284574e-05, -2.174045e-05],
 [ 1.277308e-02, -3.939240e-02, -5.774030e-02],
 [ 9.730767e-03, -1.997945e-02, -2.112979e-02],
 [-3.777380e-02,  1.240085e-01,  8.176935e-02],
 [-1.329721e-02,  1.027229e-02, -8.853287e-03],
 [-9.224769e-02, -9.754792e-02, -1.214318e-02],
 [ 1.501344e-02,  1.182780e-02,  1.200911e-02],
 [ 9.608324e-03, -3.316638e-03, -2.214290e-02],
 [ 6.623467e-04,  3.169129e-04, -8.442014e-05],
 [-4.971051e-04, -3.350659e-04,  1.822840e-04],
 [-1.978432e-02, -6.543487e-04,  2.192610e-03]]
spherical_charges_l2: [[-1.002467e-01,  7.087243e-02, -2.628504e-02,  7.668424e-02,  4.534886e-02],
 [-1.433996e-03, -1.499149e-03, -1.753963e-03, -1.012832e-04, -1.215284e-04],
 [ 2.552467e-04,  4.593151e-04,  4.960804e-04,  5.689895e-04,  3.295683e-04],
 [ 1.353114e-01,  2.562105e-01, -2.131730e-01, -6.019600e-02,  6.263568e-02],
 [-5.180109e-03, -3.537918e-01, -4.461111e-01, -1.713857e-01,  5.474347e-02],
 [ 6.263301e-01,  2.339309e+00,  5.952295e+00,  3.465095e+00, -1.731864e+00],
 [ 7.948270e-02, -2.293449e-01, -5.378251e-02, -6.148287e-03, -8.410113e-02],
 [ 1.706464e+00,  2.409082e+00, -2.126733e+00, -1.314594e+00, -3.704763e+00],
 [-3.651327e-02, -1.020719e-01,  1.503067e-01, -1.741200e-02,  3.656622e-01],
 [ 4.359189e-02, -1.206381e-02,  2.301976e-02, -1.158976e-02, -1.821843e-02],
 [ 8.997237e-05, -6.878831e-05,  1.056678e-04,  1.947483e-04,  4.853739e-04],
 [ 5.416212e-04, -8.525886e-05,  1.968428e-04,  7.680053e-04,  8.268268e-04],
 [-7.212616e-02, -1.123685e-01,  5.245800e-02,  2.144044e-02,  6.408589e-02]]
energy_short: [-0.055287, -0.565892, -0.59521 ,  0.250636,  0.293887,  0.294771,  0.193574,  0.175473,  0.123524,  0.045861, -0.543436, -0.571906,  0.27204 ]
energy_long: [ 0.062557,  0.099755,  0.099084,  0.066987,  0.073105, -0.044434,  0.019198, -0.02665 ,  0.065892,  0.060738,  0.099916,  0.099156,  0.06793 ]