step=1333665, graph_id=0, num_atoms=13
scalar_charges: [-0.484311,  3.655902,  3.65411 , -0.57755 , -0.508977, -0.568888, -0.568106, -0.561817, -0.52734 , -0.527915,  3.649577,  3.653438, -0.550424]
spherical_charges_l0: [[-3.463620e-02],
 [-6.839801e-05],
 [-1.476772e-04],
 [ 8.731958e-03],
 [ 2.773926e-02],
 [ 1.389997e+00],
 [ 4.157813e-02],
 [ 9.847764e-01],
 [ 2.617587e-02],
 [-3.276706e-03],
 [-1.544090e-04],
 [-1.833997e-04],
 [-2.425793e-02]]
spherical_charges_l1: [[-3.967451e-03, -1.521431e-02, -2.798622e-03],
 [ 1.958776e-04, -3.433864e-05,  1.408545e-04],
 [-4.905295e-04,  2.954668e-04,  1.446919e-06],
 [ 2.412685e-02, -6.270196e-02, -6.613141e-02],
 [ 1.103485e-02, -3.267217e-02, -3.205508e-02],
 [-1.203063e-01,  1.041638e-01,  2.542052e-02],
 [-1.611212e-02,  9.287368e-03, -1.069553e-02],
 [-4.082765e-02, -1.377791e-01, -6.643643e-03],
 [ 2.667473e-02,  1.355161e-02,  8.265076e-03],
 [ 1.047302e-02,  5.541907e-03, -2.514406e-02],
 [ 9.909902e-04,  2.515790e-04, -8.911319e-05],
 [-6.654391e-04, -8.092684e-04,  3.724530e-04],
 [-1.571726e-02, -7.682619e-03,  1.164759e-02]]
spherical_charges_l2: [[-1.175172e-01,  9.547774e-02, -6.504221e-02,  5.626992e-02,  6.609351e-02],
 [-8.286720e-04, -1.083190e-03, -1.585554e-03, -2.839039e-04,  3.044556e-04],
 [ 5.430878e-04,  1.462055e-03,  2.329122e-04, -2.226155e-04,  1.062386e-03],
 [ 1.166856e-01,  1.735202e-01, -2.475834e-01, -8.286767e-02,  3.143485e-02],
 [-7.347473e-03, -2.304074e-01, -5.631914e-01, -1.641222e-01,  4.101425e-02],
 [ 7.733716e-01,  2.836761e+00,  6.858495e+00,  3.893407e+00, -1.890607e+00],
 [ 6.204729e-02, -2.220484e-01, -3.330281e-02,  7.188666e-03, -5.882039e-02],
 [ 2.024561e+00,  2.720124e+00, -2.428664e+00, -1.310617e+00, -4.090541e+00],
 [-3.770832e-02, -6.522346e-02,  1.061532e-01, -1.623432e-02,  3.090810e-01],
 [ 7.014788e-02,  6.841990e-02, -2.671081e-02,  7.115370e-04, -2.389524e-02],
 [-8.850279e-04,  3.279284e-04, -2.192634e-04,  3.912431e-04,  1.078372e-03],
 [ 1.066230e-03, -5.790991e-04,  4.266253e-04,  1.773793e-03,  1.307422e-03],
 [-7.277305e-02, -1.191486e-01,  5.599912e-02,  4.839047e-02,  8.519142e-02]]
energy_short: [-0.025706, -0.564925, -0.587575,  0.286248,  0.29636 ,  0.294917,  0.193452,  0.182307,  0.126269,  0.062509, -0.547437, -0.570132,  0.325513]
energy_long: [ 0.042121,  0.087861,  0.087019,  0.050979,  0.055794, -0.063542,  0.003268, -0.037437,  0.046854,  0.04235 ,  0.087613,  0.08737 ,  0.049378]