step=44055, graph_id=0, num_atoms=13
scalar_charges: [ 0.190043,  0.319594,  0.328062,  0.574066,  0.644703,  0.458443, -0.399125,  0.252169,  0.262705,  0.209222,  0.30279 ,  0.335534,  0.091385]
spherical_charges_l0: [[1.300451e-01],
 [2.812969e-05],
 [2.163668e-05],
 [2.937449e-01],
 [2.904102e-01],
 [4.801144e-01],
 [7.959880e-03],
 [3.854058e-01],
 [2.819770e-01],
 [2.134499e-01],
 [3.648561e-05],
 [3.167900e-05],
 [9.348501e-02]]
spherical_charges_l1: [[-9.598479e-03,  2.979146e-02,  1.282645e-02],
 [-8.486279e-06,  1.662507e-06, -4.099802e-06],
 [ 2.058590e-05, -3.413489e-05, -8.428640e-06],
 [-2.875759e-02, -2.493980e-01, -1.135211e-01],
 [ 8.057223e-03,  3.285216e-02,  6.238534e-02],
 [ 1.074251e-02,  2.902598e-02,  4.605309e-02],
 [ 3.952149e-03, -4.475597e-03, -2.324438e-03],
 [-1.384037e-02,  3.591441e-02,  2.896394e-02],
 [ 8.808549e-02, -9.758659e-02,  1.023487e-01],
 [-1.022250e-01,  1.539924e-01, -8.315493e-02],
 [-2.864871e-05, -7.762906e-06,  2.005732e-06],
 [ 8.107209e-06,  2.002626e-05, -1.084660e-05],
 [ 1.551963e-02, -2.628971e-02,  1.223172e-02]]
spherical_charges_l2: [[ 2.840905e-01, -1.955254e-01,  1.771058e-01, -9.490519e-02, -1.194194e-01],
 [ 2.348779e-05, -4.002344e-05,  4.747860e-05,  1.060490e-05, -4.466464e-05],
 [ 3.618428e-05, -1.598195e-05,  3.478997e-05, -5.254234e-06, -2.142758e-05],
 [ 4.292589e-01,  2.111947e-03,  6.350003e-01,  7.206285e-03, -1.040310e-01],
 [ 2.355451e-01,  1.974289e-01,  5.332950e-01,  1.967863e-01, -5.469178e-02],
 [-2.374048e-02,  6.520948e-01,  6.600620e-01,  6.211847e-01, -1.282047e-01],
 [-3.388263e-03, -1.090476e-02, -3.462804e-03,  3.686475e-03,  8.051530e-03],
 [ 3.434626e-01,  5.197682e-01, -3.714288e-01, -8.790774e-02, -4.325179e-01],
 [ 4.245527e-01,  2.752494e-01, -1.513213e-01, -6.820901e-02, -3.889603e-01],
 [ 3.559348e-01,  3.414986e-01, -1.654414e-01, -8.329750e-02, -2.383761e-01],
 [ 2.351777e-05,  5.790175e-05, -2.693692e-05, -2.228716e-05, -3.468072e-05],
 [ 3.591944e-05,  5.579398e-05, -2.534924e-05, -1.438918e-05, -4.190731e-05],
 [ 1.296163e-01,  2.487906e-01, -1.155261e-01, -3.285875e-02, -1.127366e-01]]
energy_short: [ 0.114783, -0.547566, -0.57079 ,  0.34746 ,  0.195484,  0.210329,  0.126372,  0.068442,  0.014443,  0.088886, -0.523667, -0.552015,  0.493627]
energy_long: [0.017513, 0.081193, 0.080464, 0.041781, 0.056705, 0.049643, 0.007682, 0.04045 , 0.042475, 0.03307 , 0.081828, 0.080955, 0.020457]