step=941175, graph_id=0, num_atoms=13
scalar_charges: [-0.44348 ,  4.012738,  4.009704, -0.501468, -0.470599, -0.54873 , -0.498039, -0.546854, -0.485143, -0.45214 ,  4.008213,  4.009353, -0.483808]
spherical_charges_l0: [[-2.675900e-02],
 [-7.274944e-05],
 [-4.235814e-05],
 [-2.138332e-02],
 [ 3.091225e-02],
 [ 1.721151e+00],
 [ 6.143495e-02],
 [ 1.203495e+00],
 [ 1.383352e-02],
 [-8.664600e-03],
 [-8.279106e-05],
 [-5.848966e-05],
 [-2.219646e-02]]
spherical_charges_l1: [[ 3.476008e-04, -3.487713e-02,  1.601664e-03],
 [ 1.286798e-04, -1.217572e-04, -1.348906e-04],
 [-7.193873e-05,  2.016251e-04,  7.868378e-05],
 [ 5.717387e-02, -6.198078e-02, -7.643618e-02],
 [-3.981893e-02, -7.248786e-02, -7.610663e-02],
 [-3.416608e-02,  1.765758e-01,  1.898839e-01],
 [-1.922692e-02,  1.234351e-02, -9.808592e-03],
 [-1.545089e-01, -2.351031e-01,  7.801040e-02],
 [ 4.965989e-02,  1.163489e-02,  3.344832e-02],
 [ 1.743401e-02,  2.031709e-02, -4.730721e-02],
 [ 3.597644e-04,  1.315518e-04, -1.845049e-05],
 [-1.686490e-04, -2.523171e-04,  1.548639e-04],
 [-3.395918e-02,  8.028919e-04, -1.185531e-03]]
spherical_charges_l2: [[-8.540931e-02,  5.038415e-02, -3.349161e-02,  5.413967e-02,  6.359466e-03],
 [-3.498647e-04, -1.104765e-03, -1.297945e-03, -8.104320e-04,  2.739760e-04],
 [ 6.817724e-04,  9.292592e-04,  5.601671e-04, -1.031880e-04,  6.202339e-04],
 [ 1.447843e-01,  1.453376e-01, -2.049220e-01, -8.552217e-02, -9.477112e-03],
 [ 3.221579e-02, -2.885036e-01, -3.107830e-01, -1.773817e-01,  4.251520e-02],
 [ 6.838490e-01,  2.986308e+00,  6.622859e+00,  3.747598e+00, -1.876794e+00],
 [ 7.947917e-02, -2.382239e-01, -4.565338e-02,  2.486965e-02, -5.153879e-02],
 [ 1.856836e+00,  2.825052e+00, -2.418659e+00, -1.114072e+00, -3.973504e+00],
 [ 1.161653e-02,  9.705139e-03,  5.898320e-02, -3.829748e-02,  2.200211e-01],
 [ 7.295755e-02,  3.838553e-02, -4.546053e-03, -2.857083e-02, -3.535305e-02],
 [-5.033269e-04,  2.004669e-04, -1.385821e-04,  7.927462e-05,  3.972893e-04],
 [ 7.763036e-04, -2.867964e-04,  2.211053e-04,  7.859349e-04,  2.864038e-04],
 [-6.682401e-02, -7.510517e-02,  2.378528e-02,  1.332341e-02,  3.540935e-02]]
energy_short: [-0.017176, -0.448452, -0.474553,  0.274053,  0.223227,  0.238663,  0.153313,  0.118326,  0.059358,  0.015994, -0.431977, -0.457026,  0.36957 ]
energy_long: [ 0.034328,  0.080605,  0.079388,  0.04969 ,  0.056012, -0.053582, -0.009852, -0.025215,  0.044832,  0.042005,  0.079975,  0.079671,  0.042338]