step=3312135, graph_id=0, num_atoms=13
scalar_charges: [0.645328, 0.431161, 0.42406 , 0.731297, 0.705641, 0.687551, 0.544864, 0.592069, 0.632129, 0.652272, 0.437077, 0.426146, 0.633794]
spherical_charges_l0: [[-1.896851e-02],
 [ 6.017747e-05],
 [-1.563352e-05],
 [ 3.378331e-03],
 [ 5.204171e-02],
 [ 9.316999e-01],
 [ 1.990304e-02],
 [ 7.746940e-01],
 [ 4.212518e-02],
 [ 1.116655e-02],
 [-1.491711e-05],
 [-3.035967e-05],
 [-1.510042e-02]]
spherical_charges_l1: [[ 5.295623e-03, -3.410016e-02, -1.338445e-02],
 [-1.260833e-04, -5.254597e-05, -2.050708e-04],
 [ 2.078279e-04,  2.371718e-04,  1.319718e-04],
 [ 4.677427e-02, -5.137942e-03, -9.866736e-03],
 [ 5.026729e-03, -3.122926e-02, -1.146262e-02],
 [-1.181187e-02,  1.843803e-01,  1.707723e-01],
 [-1.659421e-02,  1.733823e-02, -4.466943e-03],
 [-1.058399e-01, -4.045188e-02, -1.096614e-02],
 [-7.289076e-03,  3.460630e-02,  2.170587e-02],
 [ 3.111168e-02, -1.966998e-02, -4.171268e-03],
 [ 2.307722e-04, -2.791499e-04,  1.466885e-04],
 [ 1.249195e-04, -2.794592e-04,  1.255746e-04],
 [-8.486893e-03,  9.714038e-03,  9.991355e-03]]
spherical_charges_l2: [[-7.356878e-02,  7.520809e-02, -6.704714e-02,  4.186215e-02,  5.807309e-02],
 [-5.898983e-06,  5.622228e-04, -9.381300e-04, -3.427108e-04,  6.555222e-04],
 [ 2.392207e-04, -4.366897e-04, -2.405915e-04, -5.122294e-04,  1.674838e-04],
 [ 7.741678e-02,  9.906796e-02, -1.471851e-01, -9.036387e-02,  1.697440e-02],
 [-3.090336e-02, -3.401439e-01, -7.905949e-01, -3.046856e-01,  1.078593e-01],
 [ 4.592693e-01,  2.169803e+00,  6.076478e+00,  3.523296e+00, -1.751989e+00],
 [ 7.010730e-02, -2.039357e-01, -4.913497e-02, -1.272542e-02, -8.215620e-02],
 [ 1.820231e+00,  2.640372e+00, -2.314208e+00, -1.487659e+00, -4.072341e+00],
 [-1.682715e-01, -2.218360e-01,  2.726629e-01,  4.704881e-02,  6.319625e-01],
 [ 3.417670e-02,  1.733059e-02, -9.477936e-03,  8.713390e-03, -4.546753e-02],
 [ 5.582051e-04,  7.729870e-04, -4.442293e-04,  3.942154e-04,  2.149856e-04],
 [-1.757680e-05,  7.995096e-04, -2.758186e-04,  4.430292e-04,  3.974532e-04],
 [-6.897349e-02, -1.131625e-01,  6.741568e-02,  3.895211e-02,  1.051569e-01]]
energy_short: [-0.112994, -0.57983 , -0.599541,  0.172408,  0.325051,  0.302957,  0.189937,  0.180126,  0.149476,  0.02075 , -0.562958, -0.58161 ,  0.17776 ]
energy_long: [ 0.091121,  0.132746,  0.132448,  0.095114,  0.106613, -0.030313,  0.060362, -0.014233,  0.100158,  0.09237 ,  0.133045,  0.132695,  0.09348 ]