step=1229535, graph_id=0, num_atoms=13
scalar_charges: [-1.132107,  2.813483,  2.810506, -1.126174, -1.103267, -1.111215, -1.148266, -1.143623, -1.144023, -1.144534,  2.817654,  2.816303, -1.152717]
spherical_charges_l0: [[-1.491679],
 [-0.001608],
 [ 0.002197],
 [ 0.040093],
 [ 0.003291],
 [-0.01907 ],
 [-0.008268],
 [-0.022092],
 [-0.019078],
 [ 0.04674 ],
 [-0.002689],
 [-0.001852],
 [-1.378269]]
spherical_charges_l1: [[ 6.672363e-02,  2.429884e+00,  1.436451e+00],
 [-1.288442e-02,  1.600877e-03, -7.362369e-03],
 [ 6.436374e-03, -7.219822e-03, -1.589248e-03],
 [-1.439149e-01,  3.263572e-01, -7.356486e-02],
 [ 4.522000e-03, -2.557552e-03,  8.799654e-03],
 [ 4.059937e-03,  9.869536e-03,  1.249935e-02],
 [ 4.832650e-03, -2.069420e-03,  1.376788e-02],
 [-1.053146e-02,  4.812176e-03,  2.068038e-02],
 [ 2.066758e-03,  1.709518e-02,  2.863849e-02],
 [ 4.535113e-02, -2.628618e-01,  2.643570e-02],
 [-1.035960e-02,  1.163010e-03, -9.373790e-04],
 [ 2.647592e-03,  9.396371e-03, -4.535738e-03],
 [ 1.418550e+00, -1.961501e+00,  1.388487e+00]]
spherical_charges_l2: [[ 2.268209e+00, -1.707827e+00,  3.006595e+00,  9.466835e-01, -2.021891e+00],
 [-5.366400e-02,  4.750940e-02, -5.721873e-02,  6.135021e-04,  4.700626e-02],
 [-5.741680e-02,  5.129266e-02, -4.868865e-02,  1.054796e-02,  4.261811e-02],
 [-1.276050e-01,  1.612104e-01,  8.257471e-03,  1.757281e-02,  4.073970e-02],
 [ 4.274419e-02,  9.067181e-02, -9.508523e-02, -4.131658e-02,  4.142078e-02],
 [ 1.408915e-01,  9.790001e-02, -4.329860e-02, -9.984045e-02, -2.568784e-03],
 [ 7.740760e-02,  3.661245e-02,  2.076932e-02,  4.341545e-02,  1.007129e-01],
 [ 7.559505e-02,  1.123678e-01, -9.072940e-02,  5.789388e-02, -1.382245e-02],
 [ 8.306056e-02,  1.218054e-01,  1.088498e-02,  2.833031e-03,  1.338695e-02],
 [-4.653160e-02, -1.220692e-01,  3.822476e-02,  9.632576e-02,  5.486501e-03],
 [-5.401919e-02, -7.860591e-02,  3.279505e-02,  2.763972e-02,  5.968165e-02],
 [-3.717288e-02, -8.115181e-02,  3.479730e-02,  3.364895e-02,  5.545324e-02],
 [ 1.967656e+00,  2.383145e+00, -6.870684e-01, -2.189883e+00, -2.673344e+00]]
energy_short: [-0.992455,  0.375809,  0.367865, -0.486941, -0.379031, -0.413282, -0.626394, -0.601687, -0.608295, -0.680256,  0.382145,  0.379648, -0.696893]
energy_long: [0.221009, 0.250707, 0.249355, 0.383585, 0.301604, 0.317154, 0.367974, 0.382425, 0.414486, 0.37736 , 0.25373 , 0.251833, 0.315139]