step=2531160, graph_id=0, num_atoms=13
scalar_charges: [-0.665926,  1.542619,  1.544258, -0.625252, -0.609547, -0.612885, -0.630953, -0.628092, -0.62844 , -0.637801,  1.541705,  1.542035, -0.645775]
spherical_charges_l0: [[-6.103098e-01],
 [-5.480199e-04],
 [ 6.855867e-04],
 [ 1.230638e-02],
 [ 1.342718e-03],
 [-6.453505e-03],
 [-3.133148e-03],
 [-7.639755e-03],
 [-6.431016e-03],
 [ 1.528905e-02],
 [-2.112873e-03],
 [-1.403956e-03],
 [-5.516582e-01]]
spherical_charges_l1: [[ 2.231897e-02,  1.051259e+00,  6.201530e-01],
 [-4.247872e-03,  9.863040e-04, -2.456351e-03],
 [ 1.820075e-03, -2.298685e-03, -8.295400e-04],
 [-5.474051e-02,  1.261775e-01, -2.500687e-02],
 [ 9.156602e-03, -6.424075e-04,  8.798666e-03],
 [ 3.992260e-03,  5.763957e-03,  8.650306e-03],
 [ 2.573755e-03, -1.337248e-03,  7.667762e-03],
 [-4.814007e-03,  1.251969e-03,  1.179506e-02],
 [ 1.217391e-03,  9.011388e-03,  1.613998e-02],
 [ 1.968660e-02, -1.017987e-01,  1.167964e-02],
 [-2.398378e-03,  7.457077e-04, -4.538584e-04],
 [ 4.792883e-04,  2.329257e-03, -1.133776e-03],
 [ 6.024964e-01, -8.349290e-01,  5.987622e-01]]
spherical_charges_l2: [[ 1.080462e+00, -8.103919e-01,  1.435700e+00,  4.571220e-01, -9.644448e-01],
 [-2.922864e-02,  2.038675e-02, -3.135293e-02, -1.364291e-03,  2.241769e-02],
 [-2.723448e-02,  2.625009e-02, -2.430123e-02,  3.725127e-03,  2.143934e-02],
 [-4.822356e-02,  7.184887e-02,  5.955581e-03,  5.399130e-04,  1.971009e-02],
 [ 1.762440e-02,  4.406009e-02, -4.721627e-02, -1.937854e-02,  1.622339e-02],
 [ 6.684775e-02,  4.509432e-02, -2.412232e-02, -4.716354e-02, -1.380767e-03],
 [ 2.915178e-02,  1.553527e-02,  1.039777e-02,  1.824630e-02,  4.487856e-02],
 [ 3.612612e-02,  5.076326e-02, -3.954328e-02,  2.406269e-02, -7.792987e-03],
 [ 3.860326e-02,  5.450215e-02,  3.166316e-03,  1.259841e-03,  1.862728e-03],
 [-1.784275e-02, -5.069062e-02,  1.331379e-02,  5.050233e-02,  1.434218e-03],
 [-2.804297e-02, -3.660196e-02,  1.478695e-02,  1.700936e-02,  3.314291e-02],
 [-1.710339e-02, -3.941572e-02,  1.669963e-02,  2.014177e-02,  2.977047e-02],
 [ 9.222928e-01,  1.118674e+00, -3.208350e-01, -1.036795e+00, -1.260022e+00]]
energy_short: [-1.145941,  0.576822,  0.568312, -0.659551, -0.480928, -0.521845, -0.742547, -0.709569, -0.713242, -0.810601,  0.582004,  0.580002, -0.880843]
energy_long: [0.241632, 0.278864, 0.277676, 0.397414, 0.333552, 0.349436, 0.395808, 0.405206, 0.451751, 0.391551, 0.282146, 0.281195, 0.342059]