step=296370, graph_id=0, num_atoms=13
scalar_charges: [-3.39896 , 10.455234, 10.459243, -3.373548, -3.331724, -3.338493, -3.401193, -3.397677, -3.401309, -3.416219, 10.445476, 10.45147 , -3.405082]
spherical_charges_l0: [[-4.79871 ],
 [-0.046519],
 [-0.017428],
 [ 0.02394 ],
 [-0.101841],
 [-0.167312],
 [-0.138011],
 [-0.190146],
 [-0.164722],
 [ 0.007707],
 [-0.01008 ],
 [-0.016627],
 [-4.545883]]
spherical_charges_l1: [[ 3.724165e-01,  7.029170e+00,  4.103814e+00],
 [-9.652050e-02, -1.238307e-02, -5.666023e-02],
 [ 8.472555e-02, -6.972444e-02,  4.635363e-03],
 [-4.381835e-01,  9.519920e-01, -1.063585e-01],
 [-1.884825e-02, -4.812555e-02, -4.310184e-02],
 [-6.786337e-02,  6.591868e-02, -3.631706e-02],
 [ 2.116616e-02, -5.499645e-03,  4.286150e-02],
 [-2.204373e-03, -1.663581e-02,  4.675366e-03],
 [-1.348176e-02,  5.142798e-02,  2.035684e-02],
 [ 1.350001e-01, -6.989441e-01,  1.775133e-01],
 [-1.427168e-01, -8.690899e-03, -6.275716e-04],
 [ 5.261329e-02,  1.004892e-01, -4.755902e-02],
 [ 4.176037e+00, -5.748105e+00,  3.918157e+00]]
spherical_charges_l2: [[ 5.265806, -3.829449,  6.581584,  1.689012, -4.405655],
 [-0.138677,  0.164835, -0.13444 ,  0.018336,  0.138227],
 [-0.205728,  0.104453, -0.147939,  0.058374,  0.090462],
 [-0.125843,  0.259534,  0.265954,  0.09906 , -0.01039 ],
 [ 0.202484,  0.226204, -0.256687, -0.202892,  0.11165 ],
 [ 0.370603,  0.336851, -0.152101, -0.177444,  0.029691],
 [ 0.251751,  0.199879,  0.058655,  0.1346  ,  0.334136],
 [ 0.265254,  0.370838, -0.22355 ,  0.124635,  0.053237],
 [ 0.248997,  0.365104, -0.014563,  0.107861,  0.051776],
 [-0.011049, -0.142682,  0.049635,  0.139753, -0.100746],
 [-0.075704, -0.292689,  0.132606,  0.074122,  0.124299],
 [-0.178852, -0.217898,  0.092287,  0.029617,  0.140229],
 [ 4.411454,  5.537225, -1.713534, -4.599882, -5.883222]]
energy_short: [-0.903562,  0.266562,  0.259997, -0.468077, -0.344532, -0.363118, -0.56485 , -0.551591, -0.567021, -0.692706,  0.281744,  0.27455 , -0.59263 ]
energy_long: [0.236119, 0.224416, 0.224165, 0.365294, 0.272037, 0.304055, 0.316998, 0.339019, 0.424876, 0.357638, 0.226873, 0.226033, 0.339916]