step=756945, graph_id=0, num_atoms=13
scalar_charges: [-1.76339 ,  4.260916,  4.259506, -1.769048, -1.736829, -1.746679, -1.799732, -1.793427, -1.794751, -1.799765,  4.261178,  4.262332, -1.805651]
spherical_charges_l0: [[-2.804586],
 [-0.011543],
 [-0.003265],
 [ 0.074943],
 [-0.00927 ],
 [-0.050461],
 [-0.036016],
 [-0.06266 ],
 [-0.057067],
 [ 0.078951],
 [-0.009719],
 [-0.009261],
 [-2.631108]]
spherical_charges_l1: [[ 1.212827e-01,  4.097166e+00,  2.421333e+00],
 [-2.967332e-02,  4.587041e-03, -1.511726e-02],
 [ 1.868197e-02, -1.520728e-02, -1.139438e-04],
 [-2.121323e-01,  4.919513e-01, -9.901607e-02],
 [-7.353717e-04, -2.928380e-03,  7.829361e-03],
 [-2.674716e-03,  1.431582e-02,  4.912718e-03],
 [ 1.123828e-02, -4.075390e-03,  2.326286e-02],
 [-1.845739e-02,  5.159315e-03,  2.904824e-02],
 [ 5.045800e-03,  3.077635e-02,  4.756043e-02],
 [ 7.491525e-02, -3.859024e-01,  5.447201e-02],
 [-3.129224e-02, -1.703653e-03, -2.555785e-04],
 [ 1.341219e-02,  2.381583e-02, -1.125838e-02],
 [ 2.389280e+00, -3.331877e+00,  2.321446e+00]]
spherical_charges_l2: [[ 3.673307e+00, -2.645178e+00,  4.777055e+00,  1.391125e+00, -3.203107e+00],
 [-9.352645e-02,  8.382498e-02, -1.062748e-01, -5.002303e-03,  8.893751e-02],
 [-1.069066e-01,  8.605795e-02, -9.335335e-02,  1.923463e-02,  7.422110e-02],
 [-1.560706e-01,  2.136259e-01,  1.833226e-02,  6.696154e-03,  5.947052e-02],
 [ 8.873992e-02,  1.563569e-01, -1.879745e-01, -7.681873e-02,  4.849615e-02],
 [ 2.306653e-01,  1.713065e-01, -1.162891e-01, -1.568938e-01, -1.751417e-04],
 [ 1.306955e-01,  8.324727e-02,  2.992537e-02,  7.131275e-02,  1.720984e-01],
 [ 1.434071e-01,  1.977324e-01, -1.287946e-01,  8.647378e-02, -2.939442e-02],
 [ 1.491081e-01,  1.982555e-01,  5.123737e-03,  2.948867e-03,  5.830447e-03],
 [-5.732776e-02, -1.408346e-01,  3.832554e-02,  1.669496e-01,  2.487214e-02],
 [-8.569392e-02, -1.435163e-01,  6.048756e-02,  5.455099e-02,  1.051725e-01],
 [-7.387871e-02, -1.401112e-01,  5.933556e-02,  5.929059e-02,  1.024160e-01],
 [ 3.161223e+00,  3.891420e+00, -1.171780e+00, -3.431617e+00, -4.285057e+00]]
energy_short: [-0.945451,  0.329526,  0.32205 , -0.430005, -0.328583, -0.357813, -0.567479, -0.546308, -0.556597, -0.648279,  0.338936,  0.334042, -0.63347 ]
energy_long: [0.174607, 0.237765, 0.236449, 0.366586, 0.272214, 0.293432, 0.333071, 0.362174, 0.420537, 0.362658, 0.24083 , 0.23897 , 0.285123]