step=288360, graph_id=0, num_atoms=13
scalar_charges: [-3.276858, 10.013724, 10.021107, -3.328357, -3.296187, -3.301831, -3.348233, -3.344976, -3.346895, -3.350521, 10.000059, 10.007745, -3.353138]
spherical_charges_l0: [[-4.926847],
 [-0.047963],
 [-0.02223 ],
 [ 0.043137],
 [-0.070438],
 [-0.133058],
 [-0.11709 ],
 [-0.157399],
 [-0.133911],
 [ 0.036827],
 [-0.010689],
 [-0.019672],
 [-4.711682]]
spherical_charges_l1: [[ 3.015653e-01,  7.566515e+00,  4.350116e+00],
 [-8.317654e-02, -1.137820e-02, -4.782070e-02],
 [ 7.611173e-02, -6.073765e-02,  5.922603e-03],
 [-4.061652e-01,  8.974148e-01, -9.583044e-02],
 [ 1.806157e-02, -4.390222e-02, -1.129697e-02],
 [-4.339758e-02,  6.807578e-02, -1.100283e-02],
 [ 2.355739e-02, -2.682577e-03,  5.648353e-02],
 [-1.611356e-02, -1.420117e-02,  3.370452e-02],
 [-4.265037e-03,  6.210988e-02,  6.125890e-02],
 [ 1.302231e-01, -6.614445e-01,  1.736891e-01],
 [-1.225836e-01, -1.225527e-02,  1.820756e-03],
 [ 4.779962e-02,  8.581912e-02, -4.050988e-02],
 [ 4.445642e+00, -6.123747e+00,  4.126746e+00]]
spherical_charges_l2: [[ 4.897294e+00, -3.632094e+00,  6.363349e+00,  1.802707e+00, -4.300961e+00],
 [-1.461123e-01,  1.782323e-01, -1.417620e-01,  1.811714e-02,  1.476276e-01],
 [-2.100058e-01,  1.180742e-01, -1.544431e-01,  5.800958e-02,  9.954726e-02],
 [-1.510872e-01,  2.372528e-01,  2.128470e-01,  9.010279e-02,  7.287446e-03],
 [ 1.255178e-01,  1.910574e-01, -2.336783e-01, -1.365602e-01,  7.327622e-02],
 [ 3.052737e-01,  2.424483e-01, -1.354352e-01, -1.953230e-01,  1.497419e-04],
 [ 2.143101e-01,  1.228776e-01,  4.779251e-02,  1.115391e-01,  2.554703e-01],
 [ 1.942174e-01,  2.883441e-01, -1.922275e-01,  1.296057e-01, -6.692784e-03],
 [ 2.015933e-01,  2.869895e-01,  3.032808e-03,  2.969613e-02,  2.859978e-02],
 [-4.534905e-02, -1.577275e-01,  6.131813e-02,  1.351619e-01, -6.524430e-02],
 [-9.326471e-02, -3.048900e-01,  1.370132e-01,  7.947743e-02,  1.397779e-01],
 [-1.820576e-01, -2.338594e-01,  9.911824e-02,  4.019341e-02,  1.523035e-01],
 [ 4.193097e+00,  5.217418e+00, -1.575648e+00, -4.693870e+00, -5.861714e+00]]
energy_short: [-0.903973,  0.27144 ,  0.264548, -0.392193, -0.280838, -0.299685, -0.50232 , -0.487856, -0.502167, -0.62154 ,  0.284589,  0.27808 , -0.587965]
energy_long: [0.235374, 0.209616, 0.208726, 0.347042, 0.257513, 0.321143, 0.363132, 0.34899 , 0.408796, 0.345138, 0.212004, 0.211136, 0.313537]