step=1946430, graph_id=0, num_atoms=13
scalar_charges: [-0.758169,  1.913514,  1.916175, -0.74657 , -0.733951, -0.73675 , -0.752455, -0.749512, -0.749619, -0.755852,  1.911491,  1.911916, -0.757319]
spherical_charges_l0: [[-7.796224e-01],
 [-2.802996e-04],
 [ 1.352483e-03],
 [ 1.679554e-02],
 [ 2.579282e-03],
 [-8.758666e-03],
 [-3.458914e-03],
 [-1.008881e-02],
 [-8.481533e-03],
 [ 2.099621e-02],
 [-2.191409e-03],
 [-1.141401e-03],
 [-7.142313e-01]]
spherical_charges_l1: [[ 3.174705e-02,  1.292452e+00,  7.687118e-01],
 [-5.278276e-03,  4.671695e-04, -3.326071e-03],
 [ 2.053319e-03, -2.918690e-03, -1.091604e-03],
 [-7.064632e-02,  1.612762e-01, -3.335930e-02],
 [ 9.966682e-03, -3.832840e-04,  9.902055e-03],
 [ 4.362330e-03,  6.139396e-03,  9.455429e-03],
 [ 3.161093e-03, -1.486084e-03,  9.468382e-03],
 [-6.345635e-03,  2.220016e-03,  1.360052e-02],
 [ 1.613591e-03,  1.077446e-02,  1.931950e-02],
 [ 2.416766e-02, -1.290680e-01,  1.477749e-02],
 [-2.794413e-03,  1.742454e-03, -9.582812e-04],
 [-1.936104e-04,  3.087155e-03, -1.530288e-03],
 [ 7.552928e-01, -1.049428e+00,  7.472284e-01]]
spherical_charges_l2: [[ 1.335343e+00, -9.838908e-01,  1.741765e+00,  5.334617e-01, -1.172320e+00],
 [-3.519045e-02,  2.485909e-02, -3.878398e-02, -2.286800e-03,  2.847451e-02],
 [-3.326674e-02,  3.336142e-02, -3.070146e-02,  4.413892e-03,  2.768921e-02],
 [-6.240105e-02,  9.052905e-02,  4.368669e-03, -5.886668e-03,  2.418742e-02],
 [ 2.625177e-02,  5.936863e-02, -6.378865e-02, -2.776555e-02,  2.146418e-02],
 [ 8.663268e-02,  6.158656e-02, -3.089783e-02, -6.062790e-02,  3.327043e-04],
 [ 3.890326e-02,  1.980484e-02,  1.395989e-02,  2.462482e-02,  5.917581e-02],
 [ 4.678784e-02,  6.795286e-02, -5.169038e-02,  3.162619e-02, -9.375544e-03],
 [ 5.094728e-02,  7.283004e-02,  3.739650e-03,  1.345382e-03,  3.179551e-03],
 [-2.426854e-02, -6.180133e-02,  1.284372e-02,  6.981722e-02,  4.141365e-03],
 [-3.451777e-02, -4.540990e-02,  1.841143e-02,  2.050977e-02,  4.043988e-02],
 [-2.073034e-02, -4.862611e-02,  2.061688e-02,  2.501541e-02,  3.667411e-02],
 [ 1.136905e+00,  1.396264e+00, -4.117540e-01, -1.246322e+00, -1.535990e+00]]
energy_short: [-1.102479,  0.487075,  0.479614, -0.605356, -0.445234, -0.481378, -0.704481, -0.669898, -0.673524, -0.760825,  0.495428,  0.492595, -0.83914 ]
energy_long: [0.252539, 0.275561, 0.273788, 0.401817, 0.338076, 0.347934, 0.387819, 0.40765 , 0.461096, 0.396798, 0.280075, 0.277952, 0.355   ]