step=3404250, graph_id=0, num_atoms=13
scalar_charges: [-0.620515,  1.448367,  1.447824, -0.588804, -0.572654, -0.575857, -0.591437, -0.588939, -0.589405, -0.598147,  1.448647,  1.448307, -0.605437]
spherical_charges_l0: [[-5.052468e-01],
 [ 5.698207e-05],
 [ 7.474854e-04],
 [ 9.758831e-03],
 [ 1.502794e-03],
 [-5.095043e-03],
 [-2.702855e-03],
 [-6.293196e-03],
 [-5.056201e-03],
 [ 1.295016e-02],
 [-1.652127e-03],
 [-9.505950e-04],
 [-4.593016e-01]]
spherical_charges_l1: [[ 1.283175e-02,  9.091790e-01,  5.349573e-01],
 [-3.583133e-03,  1.277733e-03, -1.956786e-03],
 [ 1.222970e-03, -1.644769e-03, -7.504790e-04],
 [-4.908297e-02,  1.116903e-01, -2.362243e-02],
 [ 6.037305e-03, -1.349903e-03,  6.250637e-03],
 [ 3.292148e-03,  5.325781e-03,  7.274981e-03],
 [ 1.955790e-03, -1.174919e-03,  5.846420e-03],
 [-3.978323e-03,  1.168136e-03,  9.870376e-03],
 [ 9.992260e-04,  7.555681e-03,  1.276494e-02],
 [ 1.704667e-02, -9.064002e-02,  1.006722e-02],
 [-1.219429e-03,  1.104824e-03, -5.896102e-04],
 [-2.513966e-04,  1.480462e-03, -7.416386e-04],
 [ 5.222695e-01, -7.272188e-01,  5.230849e-01]]
spherical_charges_l2: [[ 9.069313e-01, -6.695188e-01,  1.205816e+00,  3.894505e-01, -8.048876e-01],
 [-2.539372e-02,  1.767325e-02, -2.695199e-02, -1.053874e-03,  1.964579e-02],
 [-2.389866e-02,  2.242461e-02, -2.130846e-02,  3.459712e-03,  1.836965e-02],
 [-4.148010e-02,  6.111391e-02,  6.626239e-03,  1.534562e-03,  1.579138e-02],
 [ 1.631040e-02,  3.843435e-02, -4.015386e-02, -1.805327e-02,  1.393752e-02],
 [ 5.729421e-02,  3.989298e-02, -2.187397e-02, -3.790553e-02, -8.046015e-04],
 [ 2.477815e-02,  1.328717e-02,  9.134296e-03,  1.566046e-02,  3.885460e-02],
 [ 3.247006e-02,  4.418943e-02, -3.321520e-02,  1.903944e-02, -5.515147e-03],
 [ 3.430638e-02,  4.721886e-02,  1.855297e-03,  3.239475e-03,  1.057273e-03],
 [-1.439758e-02, -4.184026e-02,  1.065084e-02,  4.274971e-02, -5.793141e-04],
 [-2.334302e-02, -3.171269e-02,  1.287918e-02,  1.472260e-02,  2.815381e-02],
 [-1.517218e-02, -3.383274e-02,  1.432525e-02,  1.692715e-02,  2.551680e-02],
 [ 7.789084e-01,  9.423647e-01, -2.694413e-01, -8.730273e-01, -1.059936e+00]]
energy_short: [-1.103584,  0.591989,  0.583661, -0.631044, -0.443464, -0.483478, -0.701949, -0.669851, -0.674154, -0.783278,  0.599026,  0.596279, -0.84322 ]
energy_long: [0.22205 , 0.255007, 0.254121, 0.368709, 0.305248, 0.32912 , 0.362109, 0.384321, 0.427298, 0.363115, 0.259382, 0.258277, 0.317782]