step=3232035, graph_id=0, num_atoms=13
scalar_charges: [-0.613349,  1.465713,  1.466156, -0.584093, -0.568956, -0.57211 , -0.586435, -0.584245, -0.58461 , -0.592706,  1.465629,  1.465325, -0.599553]
spherical_charges_l0: [[-5.145477e-01],
 [-1.952850e-04],
 [ 7.703745e-04],
 [ 1.032860e-02],
 [ 1.960649e-03],
 [-4.739772e-03],
 [-2.579533e-03],
 [-6.107622e-03],
 [-4.848700e-03],
 [ 1.330428e-02],
 [-1.711289e-03],
 [-1.053219e-03],
 [-4.693879e-01]]
spherical_charges_l1: [[ 1.425837e-02,  9.204602e-01,  5.417016e-01],
 [-3.470029e-03,  1.323437e-03, -1.866246e-03],
 [ 1.170547e-03, -1.539362e-03, -7.179856e-04],
 [-4.937606e-02,  1.108617e-01, -2.441242e-02],
 [ 5.991650e-03, -1.407743e-03,  6.403800e-03],
 [ 3.289429e-03,  5.586807e-03,  7.513465e-03],
 [ 1.938127e-03, -1.281968e-03,  5.775560e-03],
 [-3.908259e-03,  1.019138e-03,  1.012095e-02],
 [ 9.510633e-04,  7.754981e-03,  1.290322e-02],
 [ 1.646627e-02, -9.043154e-02,  9.334241e-03],
 [-1.397484e-03,  9.816532e-04, -5.350524e-04],
 [-9.551134e-05,  1.527985e-03, -7.595225e-04],
 [ 5.295857e-01, -7.369100e-01,  5.288951e-01]]
spherical_charges_l2: [[ 9.221330e-01, -6.791670e-01,  1.227464e+00,  3.956531e-01, -8.169093e-01],
 [-2.618539e-02,  1.886315e-02, -2.807098e-02, -1.335402e-03,  2.077954e-02],
 [-2.456350e-02,  2.301942e-02, -2.228486e-02,  3.253263e-03,  1.908283e-02],
 [-4.168751e-02,  6.213875e-02,  5.779251e-03,  4.315589e-04,  1.650689e-02],
 [ 1.715373e-02,  3.895769e-02, -4.061108e-02, -1.913663e-02,  1.429687e-02],
 [ 5.799655e-02,  4.112055e-02, -2.200625e-02, -3.852339e-02, -3.657518e-04],
 [ 2.535324e-02,  1.336000e-02,  8.989295e-03,  1.575094e-02,  3.905975e-02],
 [ 3.251158e-02,  4.494204e-02, -3.374124e-02,  1.973503e-02, -5.506094e-03],
 [ 3.449402e-02,  4.805499e-02,  1.785319e-03,  3.260806e-03,  1.444129e-03],
 [-1.504149e-02, -4.270357e-02,  1.077037e-02,  4.387594e-02,  4.345343e-04],
 [-2.417719e-02, -3.231192e-02,  1.306834e-02,  1.540028e-02,  2.926831e-02],
 [-1.564994e-02, -3.473131e-02,  1.467179e-02,  1.779255e-02,  2.660844e-02],
 [ 7.927079e-01,  9.573264e-01, -2.725037e-01, -8.897826e-01, -1.077940e+00]]
energy_short: [-1.091666,  0.589131,  0.580458, -0.625497, -0.438104, -0.47848 , -0.697692, -0.665223, -0.669082, -0.776621,  0.595418,  0.593082, -0.830661]
energy_long: [0.217652, 0.25626 , 0.255399, 0.371066, 0.30971 , 0.329723, 0.358948, 0.387636, 0.429235, 0.365555, 0.260205, 0.259261, 0.315304]