step=1714140, graph_id=0, num_atoms=13
scalar_charges: [-0.859143,  1.979412,  1.981413, -0.832215, -0.813443, -0.818569, -0.843407, -0.840528, -0.840921, -0.849224,  1.979285,  1.978953, -0.848566]
spherical_charges_l0: [[-0.892218],
 [-0.001081],
 [ 0.001133],
 [ 0.028605],
 [ 0.00363 ],
 [-0.010933],
 [-0.005076],
 [-0.012863],
 [-0.010717],
 [ 0.034349],
 [-0.002448],
 [-0.001552],
 [-0.832952]]
spherical_charges_l1: [[ 4.218698e-02,  1.518654e+00,  9.054813e-01],
 [-6.207524e-03,  7.697914e-04, -3.592445e-03],
 [ 2.507442e-03, -2.917988e-03, -8.046430e-04],
 [-9.035152e-02,  2.084800e-01, -3.748207e-02],
 [ 9.173054e-03,  4.714565e-04,  1.038893e-02],
 [ 5.401141e-03,  5.821784e-03,  1.111056e-02],
 [ 3.546533e-03, -1.885890e-03,  1.032483e-02],
 [-8.224783e-03,  3.203123e-03,  1.684836e-02],
 [ 2.222167e-03,  1.305719e-02,  2.395048e-02],
 [ 3.310756e-02, -1.650666e-01,  2.305393e-02],
 [-4.012496e-03,  6.471493e-04, -4.618641e-04],
 [ 9.020249e-04,  3.471395e-03, -1.681238e-03],
 [ 8.880515e-01, -1.233663e+00,  8.772489e-01]]
spherical_charges_l2: [[ 1.573430e+00, -1.159516e+00,  2.113448e+00,  6.823814e-01, -1.413394e+00],
 [-3.508797e-02,  2.479411e-02, -3.996078e-02, -3.131016e-03,  2.969576e-02],
 [-3.310839e-02,  3.358999e-02, -3.116694e-02,  4.251470e-03,  2.844432e-02],
 [-7.866952e-02,  1.117881e-01,  1.020678e-02,  5.037612e-03,  3.754853e-02],
 [ 3.168765e-02,  7.105105e-02, -7.565378e-02, -3.294101e-02,  2.682142e-02],
 [ 1.027240e-01,  7.034500e-02, -3.744312e-02, -7.218932e-02, -4.382255e-04],
 [ 4.847343e-02,  2.733504e-02,  1.698639e-02,  2.996548e-02,  7.373721e-02],
 [ 5.816049e-02,  8.163123e-02, -6.061217e-02,  3.886711e-02, -1.085105e-02],
 [ 6.387267e-02,  8.736839e-02,  3.626546e-03,  1.835778e-03,  3.795536e-03],
 [-2.729761e-02, -8.068436e-02,  2.687025e-02,  7.295863e-02,  6.449016e-03],
 [-3.525450e-02, -4.552693e-02,  1.835182e-02,  2.151446e-02,  4.177039e-02],
 [-2.084957e-02, -4.928205e-02,  2.085219e-02,  2.614534e-02,  3.778908e-02],
 [ 1.364466e+00,  1.646879e+00, -4.749264e-01, -1.531404e+00, -1.867635e+00]]
energy_short: [-1.01802 ,  0.445911,  0.437059, -0.597341, -0.432756, -0.471715, -0.696647, -0.661706, -0.664836, -0.755381,  0.452306,  0.44991 , -0.749302]
energy_long: [0.230017, 0.268771, 0.266306, 0.389861, 0.325253, 0.337887, 0.371166, 0.402856, 0.442076, 0.383803, 0.271965, 0.270028, 0.323696]