step=1369710, graph_id=0, num_atoms=13
scalar_charges: [-1.019804,  2.510322,  2.51037 , -1.033699, -1.014356, -1.020579, -1.049462, -1.046164, -1.046731, -1.051777,  2.511843,  2.511367, -1.054212]
spherical_charges_l0: [[-1.256854e+00],
 [-4.242317e-03],
 [-6.729243e-04],
 [ 2.726836e-02],
 [ 5.738056e-04],
 [-1.615133e-02],
 [-7.582407e-03],
 [-1.903044e-02],
 [-1.677357e-02],
 [ 3.381808e-02],
 [-5.611337e-03],
 [-4.406944e-03],
 [-1.160221e+00]]
spherical_charges_l1: [[ 5.931148e-02,  2.166466e+00,  1.291745e+00],
 [-1.520031e-02,  2.511822e-04, -9.130250e-03],
 [ 7.880777e-03, -8.595679e-03, -1.514527e-03],
 [-1.201191e-01,  2.711762e-01, -5.421779e-02],
 [ 7.311096e-03,  1.183550e-03,  8.287044e-03],
 [ 2.462169e-03,  6.926800e-03,  8.744451e-03],
 [ 4.974125e-03, -2.341161e-03,  1.240811e-02],
 [-9.054391e-03,  3.844581e-03,  1.643489e-02],
 [ 2.583135e-03,  1.422867e-02,  2.637710e-02],
 [ 3.871432e-02, -2.120830e-01,  2.630357e-02],
 [-1.238688e-02,  1.285962e-03, -1.067105e-03],
 [ 3.504686e-03,  1.082251e-02, -5.207058e-03],
 [ 1.251622e+00, -1.749092e+00,  1.242942e+00]]
spherical_charges_l2: [[ 2.090643e+00, -1.553741e+00,  2.762726e+00,  8.569838e-01, -1.859734e+00],
 [-5.625466e-02,  4.488704e-02, -6.394800e-02, -3.851908e-03,  4.918800e-02],
 [-5.613141e-02,  5.428499e-02, -5.068351e-02,  7.992043e-03,  4.524425e-02],
 [-9.977897e-02,  1.378696e-01,  1.400318e-02,  5.436372e-03,  3.699953e-02],
 [ 4.010106e-02,  8.750875e-02, -9.554576e-02, -4.072616e-02,  3.084208e-02],
 [ 1.273902e-01,  9.168864e-02, -5.415485e-02, -8.539770e-02, -2.557271e-03],
 [ 5.560399e-02,  3.515406e-02,  2.028470e-02,  3.660130e-02,  8.967997e-02],
 [ 7.458353e-02,  1.000418e-01, -7.292978e-02,  4.103277e-02, -1.576226e-02],
 [ 7.657225e-02,  1.040657e-01,  5.757433e-03,  3.653884e-03,  7.309217e-04],
 [-3.688656e-02, -9.987575e-02,  2.897600e-02,  9.479304e-02,  4.499099e-03],
 [-5.597734e-02, -7.743936e-02,  3.185058e-02,  3.119729e-02,  6.392498e-02],
 [-3.577866e-02, -8.145909e-02,  3.467546e-02,  3.890049e-02,  5.935389e-02],
 [ 1.803754e+00,  2.208137e+00, -6.501215e-01, -1.986841e+00, -2.449344e+00]]
energy_short: [-1.016833,  0.402982,  0.393496, -0.525743, -0.397179, -0.433584, -0.650423, -0.623217, -0.629701, -0.711405,  0.409151,  0.406212, -0.728408]
energy_long: [0.213141, 0.255153, 0.253579, 0.384653, 0.302633, 0.312105, 0.355975, 0.384737, 0.424211, 0.378256, 0.259025, 0.256789, 0.311818]