step=1269585, graph_id=0, num_atoms=13
scalar_charges: [-1.02804 ,  2.595423,  2.59644 , -1.061177, -1.042331, -1.048614, -1.076853, -1.073996, -1.074312, -1.071205,  2.595724,  2.59594 , -1.07703 ]
spherical_charges_l0: [[-1.453625e+00],
 [-3.296769e-03],
 [ 3.120163e-04],
 [ 3.639005e-02],
 [ 2.851758e-03],
 [-1.595300e-02],
 [-9.368657e-03],
 [-2.015829e-02],
 [-1.730596e-02],
 [ 4.462647e-02],
 [-5.016248e-03],
 [-3.798675e-03],
 [-1.344169e+00]]
spherical_charges_l1: [[ 9.730855e-02,  2.310992e+00,  1.389764e+00],
 [-1.252964e-02,  2.185315e-03, -6.593708e-03],
 [ 6.011587e-03, -5.127130e-03, -4.949538e-04],
 [-1.294589e-01,  3.019337e-01, -5.572668e-02],
 [ 7.619845e-03,  7.723707e-04,  1.155097e-02],
 [ 5.691516e-03,  7.642061e-03,  1.291609e-02],
 [ 5.341341e-03, -2.568382e-03,  1.376711e-02],
 [-1.195604e-02,  6.440976e-03,  2.226868e-02],
 [ 3.448650e-03,  1.643901e-02,  3.232904e-02],
 [ 4.617454e-02, -2.401108e-01,  3.036946e-02],
 [-9.093244e-03, -4.129222e-04, -1.191802e-04],
 [ 3.583557e-03,  7.397338e-03, -3.520930e-03],
 [ 1.367121e+00, -1.898950e+00,  1.331364e+00]]
spherical_charges_l2: [[ 2.228732e+00, -1.671449e+00,  2.895120e+00,  8.674372e-01, -1.986603e+00],
 [-5.576663e-02,  4.466946e-02, -6.329923e-02, -3.933978e-03,  4.884262e-02],
 [-5.416560e-02,  5.316412e-02, -5.039245e-02,  6.834222e-03,  4.498381e-02],
 [-1.171092e-01,  1.451259e-01,  4.027328e-03,  4.965695e-03,  3.939635e-02],
 [ 4.346467e-02,  9.041002e-02, -9.975279e-02, -4.578536e-02,  3.751248e-02],
 [ 1.340582e-01,  9.738655e-02, -5.232714e-02, -9.024842e-02, -1.638770e-03],
 [ 6.377751e-02,  3.791889e-02,  2.134367e-02,  3.984096e-02,  9.593949e-02],
 [ 7.665472e-02,  1.076226e-01, -7.842906e-02,  4.710153e-02, -1.416928e-02],
 [ 8.155085e-02,  1.134024e-01,  5.721844e-03,  4.155125e-03,  4.091954e-03],
 [-4.918883e-02, -1.140412e-01,  3.311233e-02,  1.000374e-01,  1.083610e-02],
 [-5.714956e-02, -7.516946e-02,  3.051858e-02,  3.332061e-02,  6.638140e-02],
 [-3.484325e-02, -8.023639e-02,  3.402510e-02,  4.056812e-02,  6.024597e-02],
 [ 1.912360e+00,  2.372708e+00, -7.206356e-01, -2.070495e+00, -2.594018e+00]]
energy_short: [-0.95441 ,  0.367414,  0.359421, -0.483545, -0.36826 , -0.399691, -0.612268, -0.587637, -0.595045, -0.670598,  0.37363 ,  0.371039, -0.662195]
energy_long: [0.211207, 0.258024, 0.256216, 0.375522, 0.28399 , 0.320814, 0.341174, 0.401082, 0.415265, 0.369901, 0.262066, 0.259645, 0.31067 ]