step=3444300, graph_id=0, num_atoms=13
scalar_charges: [-0.621368,  1.466839,  1.466556, -0.592208, -0.575902, -0.579152, -0.594605, -0.592074, -0.592505, -0.60093 ,  1.466754,  1.466491, -0.608119]
spherical_charges_l0: [[-5.040004e-01],
 [-2.726650e-04],
 [ 6.747253e-04],
 [ 1.005606e-02],
 [ 1.521123e-03],
 [-4.957884e-03],
 [-2.683182e-03],
 [-6.187280e-03],
 [-4.981903e-03],
 [ 1.308256e-02],
 [-1.750265e-03],
 [-1.093203e-03],
 [-4.571943e-01]]
spherical_charges_l1: [[ 1.418798e-02,  9.140952e-01,  5.373448e-01],
 [-3.612052e-03,  1.433240e-03, -1.887884e-03],
 [ 1.280378e-03, -1.550617e-03, -6.697190e-04],
 [-4.857789e-02,  1.102787e-01, -2.336911e-02],
 [ 5.900302e-03, -1.181211e-03,  6.189095e-03],
 [ 3.289078e-03,  5.244053e-03,  7.297364e-03],
 [ 1.957473e-03, -1.265415e-03,  5.744729e-03],
 [-3.909210e-03,  1.153737e-03,  9.768514e-03],
 [ 1.005328e-03,  7.381456e-03,  1.264145e-02],
 [ 1.706016e-02, -9.021933e-02,  9.989045e-03],
 [-1.413751e-03,  8.152853e-04, -4.538617e-04],
 [ 7.865626e-05,  1.513552e-03, -7.464634e-04],
 [ 5.245445e-01, -7.300662e-01,  5.237112e-01]]
spherical_charges_l2: [[ 9.153326e-01, -6.732312e-01,  1.214649e+00,  3.894835e-01, -8.076570e-01],
 [-2.533546e-02,  1.751209e-02, -2.733112e-02, -1.693490e-03,  1.969633e-02],
 [-2.325834e-02,  2.250236e-02, -2.129497e-02,  2.779629e-03,  1.844865e-02],
 [-4.004909e-02,  6.092193e-02,  7.099923e-03,  2.829590e-04,  1.591228e-02],
 [ 1.596641e-02,  3.769681e-02, -3.922310e-02, -1.789236e-02,  1.377349e-02],
 [ 5.627805e-02,  3.959147e-02, -2.119431e-02, -3.738225e-02, -9.773099e-04],
 [ 2.466265e-02,  1.278893e-02,  8.983484e-03,  1.550500e-02,  3.830589e-02],
 [ 3.161542e-02,  4.349825e-02, -3.308177e-02,  1.881793e-02, -5.543883e-03],
 [ 3.338996e-02,  4.651568e-02,  2.059453e-03,  3.088967e-03,  1.111092e-03],
 [-1.400368e-02, -4.081990e-02,  1.016946e-02,  4.318527e-02, -6.645334e-04],
 [-2.377696e-02, -3.058955e-02,  1.227354e-02,  1.511462e-02,  2.869543e-02],
 [-1.456976e-02, -3.348678e-02,  1.413889e-02,  1.775324e-02,  2.588754e-02],
 [ 7.840388e-01,  9.484491e-01, -2.708518e-01, -8.761100e-01, -1.063781e+00]]
energy_short: [-1.090582,  0.592404,  0.583324, -0.620054, -0.431595, -0.471615, -0.690805, -0.658322, -0.662254, -0.770689,  0.598088,  0.595611, -0.82902 ]
energy_long: [0.217822, 0.254807, 0.253964, 0.368698, 0.305583, 0.32971 , 0.358044, 0.385632, 0.426745, 0.363247, 0.258401, 0.257735, 0.316025]