step=484605, graph_id=0, num_atoms=13
scalar_charges: [-2.502561,  7.076574,  7.074612, -2.465465, -2.425422, -2.43763 , -2.513944, -2.507405, -2.510298, -2.527479,  7.073144,  7.075933, -2.532618]
spherical_charges_l0: [[-3.880698],
 [-0.029644],
 [-0.011903],
 [ 0.038888],
 [-0.029184],
 [-0.09144 ],
 [-0.065588],
 [-0.10163 ],
 [-0.085753],
 [ 0.03272 ],
 [-0.02053 ],
 [-0.02087 ],
 [-3.717762]]
spherical_charges_l1: [[ 1.889954e-01,  5.844384e+00,  3.409274e+00],
 [-5.072410e-02, -3.104970e-03, -2.701192e-02],
 [ 4.049230e-02, -3.438319e-02,  2.353869e-03],
 [-2.948546e-01,  7.007432e-01, -1.166361e-01],
 [-2.483657e-02, -1.752406e-02, -2.087875e-02],
 [-3.010759e-02,  3.388136e-02, -7.533772e-03],
 [ 1.795102e-02, -3.835008e-03,  3.712850e-02],
 [-1.112758e-02, -2.198010e-03,  2.918696e-02],
 [-4.893539e-03,  4.214228e-02,  3.998486e-02],
 [ 1.029376e-01, -5.268174e-01,  9.534034e-02],
 [-7.072712e-02, -5.324764e-03,  1.975809e-04],
 [ 2.785699e-02,  4.954217e-02, -2.337477e-02],
 [ 3.445953e+00, -4.757550e+00,  3.278349e+00]]
spherical_charges_l2: [[ 4.583034e+00, -3.387102e+00,  5.968331e+00,  1.740143e+00, -4.066220e+00],
 [-1.128660e-01,  1.174992e-01, -1.258141e-01, -2.150472e-03,  1.167186e-01],
 [-1.529032e-01,  1.009470e-01, -1.244240e-01,  3.478193e-02,  8.938493e-02],
 [-1.691192e-01,  2.515821e-01,  1.356477e-01,  3.528635e-02,  2.749241e-03],
 [ 9.944589e-02,  1.739966e-01, -2.255714e-01, -9.480297e-02,  5.970019e-02],
 [ 2.909562e-01,  2.137277e-01, -1.180163e-01, -1.962127e-01,  3.125266e-03],
 [ 1.810536e-01,  1.012112e-01,  4.978717e-02,  9.869389e-02,  2.267562e-01],
 [ 1.677021e-01,  2.511253e-01, -1.757802e-01,  1.213972e-01, -2.106110e-02],
 [ 1.814261e-01,  2.599263e-01,  8.226410e-03,  1.047022e-02,  2.271734e-02],
 [-4.449000e-02, -1.412587e-01,  2.215881e-02,  1.763517e-01, -5.177398e-02],
 [-8.137206e-02, -2.148617e-01,  9.442382e-02,  7.200740e-02,  1.218258e-01],
 [-1.227258e-01, -1.790453e-01,  7.536064e-02,  5.480796e-02,  1.285094e-01],
 [ 3.886688e+00,  4.839361e+00, -1.463516e+00, -4.361929e+00, -5.403561e+00]]
energy_short: [-1.011782,  0.289323,  0.282362, -0.459873, -0.373633, -0.400284, -0.608318, -0.588414, -0.599123, -0.682909,  0.299399,  0.294246, -0.697644]
energy_long: [0.237524, 0.26002 , 0.257599, 0.394295, 0.298621, 0.332614, 0.37033 , 0.386342, 0.448114, 0.390008, 0.26224 , 0.260335, 0.337177]