step=2234790, graph_id=0, num_atoms=13
scalar_charges: [-0.733251,  1.692905,  1.695392, -0.691047, -0.675228, -0.67867 , -0.699259, -0.69627 , -0.696627, -0.70553 ,  1.692436,  1.691939, -0.711895]
spherical_charges_l0: [[-6.888674e-01],
 [-6.686930e-04],
 [ 5.338234e-04],
 [ 1.337079e-02],
 [ 1.249016e-03],
 [-7.334602e-03],
 [-3.316758e-03],
 [-8.643269e-03],
 [-7.250354e-03],
 [ 1.713804e-02],
 [-2.245224e-03],
 [-1.543796e-03],
 [-6.278074e-01]]
spherical_charges_l1: [[ 2.825031e-02,  1.184204e+00,  6.999667e-01],
 [-4.273988e-03,  6.732966e-04, -2.609438e-03],
 [ 1.567212e-03, -2.424382e-03, -1.034686e-03],
 [-6.289110e-02,  1.415718e-01, -3.010050e-02],
 [ 9.128210e-03, -7.143541e-04,  8.781390e-03],
 [ 4.207083e-03,  6.420917e-03,  8.908637e-03],
 [ 2.829252e-03, -1.500682e-03,  8.120862e-03],
 [-5.553483e-03,  1.390598e-03,  1.279607e-02],
 [ 1.416597e-03,  1.014914e-02,  1.764756e-02],
 [ 2.064061e-02, -1.138881e-01,  1.328809e-02],
 [-2.115225e-03,  1.436078e-03, -7.839740e-04],
 [-1.129572e-04,  2.480358e-03, -1.228856e-03],
 [ 6.829755e-01, -9.493561e-01,  6.756048e-01]]
spherical_charges_l2: [[ 1.195872e+00, -8.897507e-01,  1.603560e+00,  5.153090e-01, -1.073197e+00],
 [-3.012654e-02,  2.217562e-02, -3.422672e-02, -2.484366e-03,  2.551557e-02],
 [-2.884168e-02,  2.824442e-02, -2.673676e-02,  3.667992e-03,  2.415435e-02],
 [-5.091598e-02,  7.980100e-02,  5.735766e-03, -1.222123e-03,  2.205155e-02],
 [ 2.458120e-02,  5.144579e-02, -5.519516e-02, -2.507475e-02,  2.118997e-02],
 [ 7.532046e-02,  5.264180e-02, -2.604436e-02, -5.184824e-02,  1.255501e-03],
 [ 3.355830e-02,  1.847469e-02,  1.150298e-02,  2.088435e-02,  5.086588e-02],
 [ 4.112882e-02,  5.831655e-02, -4.398226e-02,  2.801213e-02, -7.267651e-03],
 [ 4.512357e-02,  6.301705e-02,  2.397310e-03,  2.400653e-03,  3.379505e-03],
 [-1.792888e-02, -5.381370e-02,  1.338910e-02,  5.731577e-02,  2.413717e-03],
 [-2.960946e-02, -3.899062e-02,  1.575949e-02,  1.834682e-02,  3.536772e-02],
 [-1.844958e-02, -4.200007e-02,  1.774404e-02,  2.203842e-02,  3.237714e-02],
 [ 1.028421e+00,  1.241665e+00, -3.553994e-01, -1.161015e+00, -1.409547e+00]]
energy_short: [-1.117683,  0.537638,  0.530045, -0.640834, -0.471527, -0.510229, -0.730979, -0.697663, -0.701459, -0.793497,  0.544385,  0.54226 , -0.853188]
energy_long: [0.24797 , 0.285311, 0.283291, 0.400597, 0.330386, 0.35297 , 0.385525, 0.414098, 0.448383, 0.395092, 0.289078, 0.287259, 0.344502]