step=1385730, graph_id=0, num_atoms=13
scalar_charges: [-1.034122,  2.493936,  2.494428, -1.051086, -1.034068, -1.039939, -1.065544, -1.062714, -1.063069, -1.066571,  2.493908,  2.494055, -1.068717]
spherical_charges_l0: [[-1.254801e+00],
 [-9.360798e-04],
 [ 2.139932e-03],
 [ 2.984334e-02],
 [ 1.458865e-03],
 [-1.360360e-02],
 [-6.800597e-03],
 [-1.626671e-02],
 [-1.424647e-02],
 [ 3.588432e-02],
 [-2.976939e-03],
 [-1.539636e-03],
 [-1.156887e+00]]
spherical_charges_l1: [[ 5.940956e-02,  2.119797e+00,  1.237902e+00],
 [-1.280277e-02,  6.486048e-04, -7.835452e-03],
 [ 6.199893e-03, -6.261870e-03, -1.328586e-03],
 [-1.075977e-01,  2.581607e-01, -4.685944e-02],
 [-3.697546e-03,  1.235777e-03,  2.071333e-03],
 [-4.508848e-04,  3.503256e-03,  4.701177e-03],
 [ 4.109205e-03, -1.649592e-03,  1.031753e-02],
 [-7.230060e-03,  4.771841e-03,  1.190495e-02],
 [ 1.793674e-03,  1.087570e-02,  1.947949e-02],
 [ 4.091812e-02, -2.038307e-01,  2.582683e-02],
 [-8.609151e-03,  2.218353e-03, -1.397345e-03],
 [ 1.865865e-03,  8.401899e-03, -4.076063e-03],
 [ 1.232676e+00, -1.700890e+00,  1.203828e+00]]
spherical_charges_l2: [[ 2.112987e+00, -1.546439e+00,  2.741052e+00,  8.098547e-01, -1.824117e+00],
 [-5.820694e-02,  4.640893e-02, -6.439760e-02, -6.826071e-04,  4.968743e-02],
 [-5.857827e-02,  5.526813e-02, -5.073881e-02,  1.033149e-02,  4.654025e-02],
 [-8.507410e-02,  1.303700e-01, -1.498677e-03, -1.078083e-02,  4.206576e-02],
 [ 3.923209e-02,  8.446648e-02, -8.235069e-02, -3.522457e-02,  3.341349e-02],
 [ 1.251191e-01,  8.739972e-02, -4.787403e-02, -8.457351e-02, -2.673488e-03],
 [ 5.501401e-02,  3.464838e-02,  1.843221e-02,  3.501534e-02,  8.601554e-02],
 [ 7.080214e-02,  9.513008e-02, -7.252485e-02,  4.224405e-02, -1.337281e-02],
 [ 7.235742e-02,  9.948528e-02,  8.362483e-03,  4.212991e-03,  6.255074e-03],
 [-3.936120e-02, -9.294607e-02,  2.469708e-02,  9.701703e-02,  1.621648e-02],
 [-5.861751e-02, -8.159086e-02,  3.379316e-02,  2.982656e-02,  6.444445e-02],
 [-3.676173e-02, -8.536977e-02,  3.662128e-02,  3.758719e-02,  5.895059e-02],
 [ 1.796290e+00,  2.217423e+00, -6.557571e-01, -1.950554e+00, -2.414282e+00]]
energy_short: [-0.979713,  0.4074  ,  0.399089, -0.499032, -0.374538, -0.411041, -0.62949 , -0.600079, -0.605975, -0.681432,  0.414463,  0.411585, -0.693961]
energy_long: [0.219324, 0.25678 , 0.254115, 0.383747, 0.305813, 0.317343, 0.385082, 0.39708 , 0.430426, 0.377883, 0.260774, 0.258182, 0.318294]