step=1169460, graph_id=0, num_atoms=13
scalar_charges: [-1.215714,  3.033204,  3.031829, -1.193351, -1.17059 , -1.178087, -1.215506, -1.211131, -1.211805, -1.214289,  3.036457,  3.035694, -1.221569]
spherical_charges_l0: [[-1.689556e+00],
 [ 4.765036e-04],
 [ 4.030162e-03],
 [ 4.433820e-02],
 [ 8.087147e-04],
 [-2.349841e-02],
 [-1.091767e-02],
 [-2.613389e-02],
 [-2.300794e-02],
 [ 4.775849e-02],
 [-2.215159e-03],
 [-8.062567e-04],
 [-1.531489e+00]]
spherical_charges_l1: [[ 7.132935e-02,  2.761032e+00,  1.610186e+00],
 [-1.555933e-02,  1.590733e-03, -8.859147e-03],
 [ 6.902963e-03, -6.854206e-03, -1.263094e-03],
 [-1.380275e-01,  2.995247e-01, -6.786874e-02],
 [-5.391398e-04,  7.908248e-04,  4.401505e-03],
 [ 5.847433e-04,  7.765250e-03,  8.489308e-03],
 [ 5.316788e-03, -3.218492e-03,  1.216655e-02],
 [-9.672188e-03,  4.794477e-03,  1.827747e-02],
 [ 2.220348e-03,  1.637810e-02,  2.787936e-02],
 [ 4.132922e-02, -2.393946e-01,  2.470555e-02],
 [-1.076922e-02,  1.890626e-03, -1.311736e-03],
 [ 2.552788e-03,  9.634206e-03, -4.658378e-03],
 [ 1.586589e+00, -2.206835e+00,  1.545809e+00]]
spherical_charges_l2: [[ 2.523363e+00, -1.867811e+00,  3.293731e+00,  9.882544e-01, -2.247591e+00],
 [-6.742587e-02,  5.850025e-02, -7.312061e-02, -4.113964e-04,  5.945538e-02],
 [-7.011250e-02,  6.224750e-02, -6.152325e-02,  1.168588e-02,  5.281672e-02],
 [-1.130583e-01,  1.536108e-01,  7.080490e-03,  4.382458e-03,  5.033397e-02],
 [ 4.821542e-02,  9.988018e-02, -1.109001e-01, -4.932804e-02,  3.769083e-02],
 [ 1.506270e-01,  1.051183e-01, -5.709220e-02, -1.000920e-01, -3.002355e-03],
 [ 8.079972e-02,  4.836418e-02,  1.990708e-02,  4.465630e-02,  1.097184e-01],
 [ 8.890080e-02,  1.211249e-01, -9.063695e-02,  5.554591e-02, -1.559176e-02],
 [ 9.425467e-02,  1.277255e-01,  7.059935e-03,  6.817324e-03,  7.801769e-03],
 [-4.457203e-02, -1.128817e-01,  3.706194e-02,  1.070125e-01,  1.961851e-02],
 [-6.756416e-02, -9.712862e-02,  4.027047e-02,  3.705107e-02,  7.680693e-02],
 [-4.627176e-02, -9.953450e-02,  4.245715e-02,  4.383055e-02,  7.069469e-02],
 [ 2.129397e+00,  2.639715e+00, -7.941108e-01, -2.323470e+00, -2.888540e+00]]
energy_short: [-0.970846,  0.357443,  0.350455, -0.475969, -0.365142, -0.397382, -0.603559, -0.584126, -0.5922  , -0.668447,  0.363931,  0.361336, -0.673955]
energy_long: [0.214378, 0.252868, 0.251902, 0.377182, 0.287202, 0.317432, 0.348618, 0.381091, 0.418938, 0.372219, 0.257193, 0.255332, 0.315708]