step=3756690, graph_id=0, num_atoms=13
scalar_charges: [-0.622806,  1.454661,  1.453874, -0.593506, -0.576043, -0.579252, -0.595236, -0.592604, -0.593096, -0.602122,  1.455011,  1.454624, -0.608775]
spherical_charges_l0: [[-4.995779e-01],
 [-7.724104e-05],
 [ 7.280784e-04],
 [ 1.025876e-02],
 [ 1.882905e-03],
 [-4.720954e-03],
 [-2.759135e-03],
 [-6.051037e-03],
 [-4.827788e-03],
 [ 1.337817e-02],
 [-1.733868e-03],
 [-1.014257e-03],
 [-4.533311e-01]]
spherical_charges_l1: [[ 1.264903e-02,  9.036265e-01,  5.313435e-01],
 [-3.783674e-03,  1.760089e-03, -1.889917e-03],
 [ 1.395135e-03, -1.387843e-03, -5.703159e-04],
 [-4.840202e-02,  1.098073e-01, -2.357087e-02],
 [ 6.212909e-03, -1.259868e-03,  6.601553e-03],
 [ 3.674788e-03,  5.292123e-03,  7.567668e-03],
 [ 1.938505e-03, -1.222677e-03,  5.704208e-03],
 [-4.100787e-03,  1.229555e-03,  1.014692e-02],
 [ 1.081711e-03,  7.556957e-03,  1.301491e-02],
 [ 1.683087e-02, -8.977722e-02,  9.822590e-03],
 [-1.292794e-03,  7.414258e-04, -4.140629e-04],
 [ 1.260554e-04,  1.331718e-03, -6.561745e-04],
 [ 5.180522e-01, -7.209530e-01,  5.188562e-01]]
spherical_charges_l2: [[ 9.026992e-01, -6.634299e-01,  1.199742e+00,  3.855754e-01, -7.985888e-01],
 [-2.561337e-02,  1.750221e-02, -2.777366e-02, -1.800589e-03,  1.989193e-02],
 [-2.370453e-02,  2.288187e-02, -2.175581e-02,  2.709968e-03,  1.884999e-02],
 [-3.953576e-02,  6.034250e-02,  7.617632e-03,  9.945608e-04,  1.566363e-02],
 [ 1.626843e-02,  3.751060e-02, -3.857665e-02, -1.786250e-02,  1.405575e-02],
 [ 5.639099e-02,  3.940342e-02, -2.112698e-02, -3.728313e-02, -6.323599e-04],
 [ 2.474623e-02,  1.312202e-02,  8.935032e-03,  1.544302e-02,  3.838274e-02],
 [ 3.169987e-02,  4.353520e-02, -3.284895e-02,  1.896666e-02, -5.174831e-03],
 [ 3.353061e-02,  4.651631e-02,  1.846730e-03,  3.336302e-03,  1.280841e-03],
 [-1.361377e-02, -4.055632e-02,  1.014050e-02,  4.242887e-02, -1.062400e-03],
 [-2.368315e-02, -3.110063e-02,  1.249477e-02,  1.561277e-02,  2.911176e-02],
 [-1.494860e-02, -3.368084e-02,  1.419437e-02,  1.795717e-02,  2.629748e-02],
 [ 7.732437e-01,  9.351718e-01, -2.669126e-01, -8.653777e-01, -1.050540e+00]]
energy_short: [-1.077968,  0.594224,  0.584998, -0.625342, -0.428803, -0.46884 , -0.687883, -0.655282, -0.659377, -0.775502,  0.600674,  0.597626, -0.819387]
energy_long: [0.210717, 0.245766, 0.244852, 0.361188, 0.297948, 0.322187, 0.349697, 0.378694, 0.420858, 0.355359, 0.249934, 0.249029, 0.307969]