step=3328155, graph_id=0, num_atoms=13
scalar_charges: [-0.622269,  1.449957,  1.449623, -0.590254, -0.574175, -0.57751 , -0.593373, -0.590933, -0.591362, -0.599971,  1.45022 ,  1.449867, -0.607038]
spherical_charges_l0: [[-5.091369e-01],
 [-1.221422e-04],
 [ 6.518186e-04],
 [ 1.028484e-02],
 [ 1.919399e-03],
 [-4.988366e-03],
 [-2.655530e-03],
 [-6.214415e-03],
 [-4.976590e-03],
 [ 1.339543e-02],
 [-1.835333e-03],
 [-1.097509e-03],
 [-4.626990e-01]]
spherical_charges_l1: [[ 1.543866e-02,  9.136201e-01,  5.372812e-01],
 [-3.921322e-03,  1.185803e-03, -2.142782e-03],
 [ 1.399432e-03, -1.781015e-03, -6.966116e-04],
 [-5.010583e-02,  1.120465e-01, -2.402028e-02],
 [ 6.648772e-03, -1.343782e-03,  6.855860e-03],
 [ 3.739009e-03,  5.339477e-03,  7.664777e-03],
 [ 1.950182e-03, -1.201170e-03,  5.764022e-03],
 [-4.234976e-03,  1.311760e-03,  1.034182e-02],
 [ 1.133772e-03,  7.714029e-03,  1.341972e-02],
 [ 1.672786e-02, -9.090281e-02,  1.001983e-02],
 [-1.643690e-03,  1.057874e-03, -5.809359e-04],
 [-7.624979e-05,  1.707740e-03, -8.470710e-04],
 [ 5.245608e-01, -7.298238e-01,  5.240701e-01]]
spherical_charges_l2: [[ 9.166179e-01, -6.730454e-01,  1.213900e+00,  3.869444e-01, -8.090426e-01],
 [-2.594938e-02,  1.785545e-02, -2.771489e-02, -1.459644e-03,  2.004164e-02],
 [-2.436455e-02,  2.315355e-02, -2.199432e-02,  3.255723e-03,  1.884716e-02],
 [-4.289072e-02,  6.249851e-02,  6.715961e-03,  1.940811e-03,  1.642093e-02],
 [ 1.630753e-02,  3.836430e-02, -3.972564e-02, -1.776994e-02,  1.460947e-02],
 [ 5.735612e-02,  4.013568e-02, -2.087338e-02, -3.833947e-02, -3.944053e-04],
 [ 2.513117e-02,  1.359121e-02,  9.166000e-03,  1.574529e-02,  3.901465e-02],
 [ 3.195155e-02,  4.445225e-02, -3.344296e-02,  1.967491e-02, -5.128025e-03],
 [ 3.399218e-02,  4.755171e-02,  1.889682e-03,  2.991947e-03,  1.645371e-03],
 [-1.518836e-02, -4.355911e-02,  1.170339e-02,  4.285285e-02, -5.082972e-05],
 [-2.404808e-02, -3.256138e-02,  1.318999e-02,  1.552250e-02,  2.931305e-02],
 [-1.561366e-02, -3.456860e-02,  1.460116e-02,  1.767795e-02,  2.647577e-02],
 [ 7.835403e-01,  9.499691e-01, -2.725029e-01, -8.737407e-01, -1.063051e+00]]
energy_short: [-1.090037,  0.590165,  0.582057, -0.623828, -0.441469, -0.481979, -0.699686, -0.667984, -0.672089, -0.776163,  0.597724,  0.594913, -0.829987]
energy_long: [0.221143, 0.256025, 0.254683, 0.370441, 0.307382, 0.330977, 0.362167, 0.387908, 0.426376, 0.364812, 0.260126, 0.258892, 0.31615 ]