step=3019770, graph_id=0, num_atoms=13
scalar_charges: [-0.621937,  1.503766,  1.504415, -0.585577, -0.569937, -0.573189, -0.589617, -0.586934, -0.587302, -0.595995,  1.503442,  1.503343, -0.604381]
spherical_charges_l0: [[-5.216386e-01],
 [-4.653130e-04],
 [ 4.917792e-04],
 [ 9.696754e-03],
 [ 1.167033e-03],
 [-5.658452e-03],
 [-2.694824e-03],
 [-6.540380e-03],
 [-5.304644e-03],
 [ 1.261887e-02],
 [-2.021084e-03],
 [-1.325136e-03],
 [-4.746109e-01]]
spherical_charges_l1: [[ 1.573000e-02,  9.311091e-01,  5.490810e-01],
 [-3.615892e-03,  9.054876e-04, -2.138715e-03],
 [ 1.088683e-03, -1.952298e-03, -9.698386e-04],
 [-4.919234e-02,  1.112372e-01, -2.330680e-02],
 [ 6.986997e-03, -1.493842e-03,  6.382483e-03],
 [ 3.138126e-03,  5.346934e-03,  7.197683e-03],
 [ 2.110812e-03, -1.029962e-03,  6.479014e-03],
 [-4.040075e-03,  1.214915e-03,  9.820017e-03],
 [ 8.726456e-04,  7.726258e-03,  1.304184e-02],
 [ 1.679234e-02, -8.999386e-02,  9.977778e-03],
 [-1.557496e-03,  1.132216e-03, -6.143650e-04],
 [-2.768525e-04,  1.747123e-03, -8.732014e-04],
 [ 5.353918e-01, -7.449518e-01,  5.329639e-01]]
spherical_charges_l2: [[ 9.434929e-01, -6.982450e-01,  1.252712e+00,  4.029049e-01, -8.345274e-01],
 [-2.695443e-02,  1.882089e-02, -2.867978e-02, -1.342337e-03,  2.078297e-02],
 [-2.491942e-02,  2.378276e-02, -2.233987e-02,  3.481160e-03,  1.934180e-02],
 [-4.136768e-02,  6.269705e-02,  8.029139e-03,  5.518220e-05,  1.604720e-02],
 [ 1.662358e-02,  3.971304e-02, -4.159960e-02, -1.818377e-02,  1.444602e-02],
 [ 5.904077e-02,  4.119521e-02, -2.221637e-02, -3.962659e-02, -1.352190e-03],
 [ 2.556726e-02,  1.348475e-02,  9.711636e-03,  1.648541e-02,  4.048405e-02],
 [ 3.308639e-02,  4.552884e-02, -3.493150e-02,  1.984087e-02, -5.881913e-03],
 [ 3.495589e-02,  4.886248e-02,  2.431967e-03,  2.901434e-03,  1.259796e-03],
 [-1.440467e-02, -4.217746e-02,  1.057859e-02,  4.459071e-02, -9.520469e-04],
 [-2.528102e-02, -3.294317e-02,  1.328685e-02,  1.560905e-02,  3.011915e-02],
 [-1.565831e-02, -3.567158e-02,  1.509026e-02,  1.835304e-02,  2.715811e-02],
 [ 8.077830e-01,  9.772323e-01, -2.793940e-01, -9.023978e-01, -1.096560e+00]]
energy_short: [-1.111702,  0.592188,  0.583666, -0.622555, -0.440959, -0.482101, -0.701784, -0.668792, -0.672469, -0.77414 ,  0.598007,  0.595917, -0.847106]
energy_long: [0.227582, 0.259599, 0.258813, 0.37387 , 0.311949, 0.334875, 0.367073, 0.388447, 0.434269, 0.368581, 0.262727, 0.262281, 0.320172]