step=3460320, graph_id=0, num_atoms=13
scalar_charges: [-0.614827,  1.442464,  1.441459, -0.585355, -0.569633, -0.572743, -0.587351, -0.584984, -0.585425, -0.593748,  1.44297 ,  1.442473, -0.601295]
spherical_charges_l0: [[-5.086806e-01],
 [-1.305688e-04],
 [ 7.442078e-04],
 [ 1.055007e-02],
 [ 1.591088e-03],
 [-5.114988e-03],
 [-2.835371e-03],
 [-6.276564e-03],
 [-5.034844e-03],
 [ 1.337585e-02],
 [-1.777356e-03],
 [-1.058770e-03],
 [-4.623044e-01]]
spherical_charges_l1: [[ 1.536698e-02,  9.118363e-01,  5.366991e-01],
 [-3.476427e-03,  1.372413e-03, -1.865991e-03],
 [ 1.113892e-03, -1.575563e-03, -7.738559e-04],
 [-4.811314e-02,  1.095032e-01, -2.283342e-02],
 [ 6.148879e-03, -1.316922e-03,  6.363650e-03],
 [ 3.431356e-03,  5.299729e-03,  7.337051e-03],
 [ 2.049586e-03, -1.156881e-03,  5.995690e-03],
 [-4.046679e-03,  1.151553e-03,  1.004648e-02],
 [ 1.015183e-03,  7.589298e-03,  1.298644e-02],
 [ 1.707139e-02, -8.944666e-02,  1.022021e-02],
 [-1.300684e-03,  1.002776e-03, -5.421601e-04],
 [-1.713730e-04,  1.445606e-03, -7.217448e-04],
 [ 5.245450e-01, -7.301522e-01,  5.233886e-01]]
spherical_charges_l2: [[ 9.022899e-01, -6.659575e-01,  1.201108e+00,  3.873011e-01, -8.023184e-01],
 [-2.533438e-02,  1.751683e-02, -2.764006e-02, -1.867548e-03,  1.993269e-02],
 [-2.334255e-02,  2.267089e-02, -2.143840e-02,  2.750556e-03,  1.870159e-02],
 [-3.939182e-02,  6.124536e-02,  7.028098e-03, -4.545599e-05,  1.609448e-02],
 [ 1.637853e-02,  3.764989e-02, -3.867364e-02, -1.766296e-02,  1.407929e-02],
 [ 5.659945e-02,  3.932218e-02, -2.105973e-02, -3.752933e-02, -1.476123e-04],
 [ 2.468787e-02,  1.322264e-02,  8.952900e-03,  1.536529e-02,  3.823689e-02],
 [ 3.182003e-02,  4.363015e-02, -3.268084e-02,  1.939157e-02, -5.077871e-03],
 [ 3.379689e-02,  4.662620e-02,  1.630579e-03,  3.272145e-03,  1.514195e-03],
 [-1.381919e-02, -4.090537e-02,  9.873339e-03,  4.380827e-02, -4.080347e-04],
 [-2.383051e-02, -3.089121e-02,  1.240360e-02,  1.531482e-02,  2.892097e-02],
 [-1.469966e-02, -3.359658e-02,  1.417610e-02,  1.787370e-02,  2.607617e-02],
 [ 7.744531e-01,  9.369402e-01, -2.680191e-01, -8.695577e-01, -1.056500e+00]]
energy_short: [-1.098667,  0.591068,  0.582047, -0.624805, -0.433271, -0.47414 , -0.692837, -0.660346, -0.664259, -0.774597,  0.596802,  0.594286, -0.836271]
energy_long: [0.2184  , 0.253381, 0.252504, 0.367575, 0.305901, 0.33032 , 0.356952, 0.386319, 0.428715, 0.362292, 0.257252, 0.256455, 0.313715]