step=2827530, graph_id=0, num_atoms=13
scalar_charges: [-0.642743,  1.514817,  1.515832, -0.603618, -0.587777, -0.591031, -0.607913, -0.60514 , -0.605516, -0.61489 ,  1.514368,  1.514215, -0.623969]
spherical_charges_l0: [[-5.608189e-01],
 [-4.995696e-04],
 [ 3.950523e-04],
 [ 1.108789e-02],
 [ 1.962761e-03],
 [-5.278562e-03],
 [-2.747683e-03],
 [-6.578048e-03],
 [-5.177690e-03],
 [ 1.448380e-02],
 [-2.249688e-03],
 [-1.565131e-03],
 [-5.127481e-01]]
spherical_charges_l1: [[ 2.228801e-02,  9.858021e-01,  5.820245e-01],
 [-3.661061e-03,  9.606813e-04, -2.145055e-03],
 [ 1.228277e-03, -1.891549e-03, -9.013137e-04],
 [-5.326360e-02,  1.228400e-01, -2.476424e-02],
 [ 5.136014e-03, -1.045465e-03,  5.499823e-03],
 [ 2.859947e-03,  4.855225e-03,  6.966435e-03],
 [ 2.039992e-03, -1.341633e-03,  5.882180e-03],
 [-4.028516e-03,  1.419675e-03,  9.764555e-03],
 [ 1.078127e-03,  7.369354e-03,  1.299036e-02],
 [ 1.940616e-02, -9.954830e-02,  1.185305e-02],
 [-1.191126e-03,  1.451471e-03, -7.591928e-04],
 [-4.943181e-04,  1.697520e-03, -8.568233e-04],
 [ 5.722153e-01, -7.949653e-01,  5.671343e-01]]
spherical_charges_l2: [[ 1.007687e+00, -7.463921e-01,  1.330307e+00,  4.166173e-01, -8.900712e-01],
 [-2.787762e-02,  1.986951e-02, -3.021700e-02, -1.626008e-03,  2.212342e-02],
 [-2.606621e-02,  2.515472e-02, -2.386274e-02,  3.290159e-03,  2.086243e-02],
 [-4.579515e-02,  6.629576e-02,  5.148119e-03, -7.966207e-04,  1.890894e-02],
 [ 1.737745e-02,  4.130998e-02, -4.296431e-02, -1.869434e-02,  1.505976e-02],
 [ 6.036691e-02,  4.171589e-02, -2.218609e-02, -4.074121e-02, -3.298973e-04],
 [ 2.567962e-02,  1.368283e-02,  9.307249e-03,  1.622990e-02,  4.017143e-02],
 [ 3.359867e-02,  4.626289e-02, -3.486983e-02,  2.079849e-02, -6.116751e-03],
 [ 3.586584e-02,  4.949627e-02,  2.142285e-03,  2.338863e-03,  1.402327e-03],
 [-1.718660e-02, -4.673111e-02,  1.234081e-02,  4.746015e-02,  1.479126e-03],
 [-2.602589e-02, -3.485788e-02,  1.409808e-02,  1.667253e-02,  3.159682e-02],
 [-1.677163e-02, -3.735157e-02,  1.576905e-02,  1.934869e-02,  2.877367e-02],
 [ 8.659025e-01,  1.051908e+00, -3.045013e-01, -9.612666e-01, -1.175769e+00]]
energy_short: [-1.115211,  0.58844 ,  0.580433, -0.62967 , -0.446798, -0.488177, -0.708841, -0.675298, -0.678601, -0.780503,  0.595594,  0.593233, -0.854122]
energy_long: [0.222005, 0.264567, 0.263067, 0.377504, 0.317328, 0.335625, 0.370024, 0.396882, 0.435487, 0.37133 , 0.268331, 0.267063, 0.319602]