step=552690, graph_id=0, num_atoms=13
scalar_charges: [-2.219088,  5.860931,  5.854624, -2.25875 , -2.228882, -2.238209, -2.287862, -2.284466, -2.285549, -2.284691,  5.866275,  5.864611, -2.287013]
spherical_charges_l0: [[-3.974155],
 [-0.028001],
 [-0.006348],
 [ 0.043129],
 [-0.010781],
 [-0.058918],
 [-0.044141],
 [-0.075148],
 [-0.067353],
 [ 0.046224],
 [-0.020774],
 [-0.020165],
 [-3.77984 ]]
spherical_charges_l1: [[ 1.486304e-01,  5.924231e+00,  3.498439e+00],
 [-4.799947e-02,  2.512594e-03, -2.531842e-02],
 [ 3.869377e-02, -2.949747e-02,  2.020275e-03],
 [-3.016786e-01,  6.599877e-01, -1.506070e-01],
 [-3.111747e-02, -1.017268e-02, -1.481975e-02],
 [-1.946735e-02,  2.594813e-02, -1.165911e-03],
 [ 1.414396e-02, -7.246775e-03,  2.480039e-02],
 [-1.231605e-02,  2.355581e-04,  3.138667e-02],
 [-5.907514e-04,  3.730152e-02,  3.983209e-02],
 [ 9.254926e-02, -5.276675e-01,  7.446823e-02],
 [-5.668905e-02, -9.385121e-03,  2.649784e-03],
 [ 2.711475e-02,  4.080388e-02, -1.913158e-02],
 [ 3.463969e+00, -4.825609e+00,  3.355968e+00]]
spherical_charges_l2: [[ 4.898429e+00, -3.648585e+00,  6.492930e+00,  1.939160e+00, -4.339715e+00],
 [-1.279083e-01,  1.302354e-01, -1.522638e-01, -9.521917e-03,  1.346027e-01],
 [-1.649108e-01,  1.185414e-01, -1.349935e-01,  3.482715e-02,  1.029048e-01],
 [-1.697466e-01,  2.342144e-01,  1.128187e-01,  4.894101e-02,  1.088468e-02],
 [ 1.023970e-01,  1.733887e-01, -2.282183e-01, -1.035395e-01,  7.368957e-02],
 [ 2.813158e-01,  2.099111e-01, -1.100955e-01, -1.971847e-01, -9.172201e-03],
 [ 1.768159e-01,  8.685362e-02,  4.445491e-02,  9.484506e-02,  2.115074e-01],
 [ 1.552935e-01,  2.320474e-01, -1.817978e-01,  1.223327e-01, -3.067138e-02],
 [ 1.665688e-01,  2.443703e-01,  2.626883e-02, -2.355766e-03,  2.131879e-02],
 [-4.881798e-02, -1.549481e-01,  3.700244e-02,  1.470853e-01, -4.858653e-02],
 [-1.080130e-01, -2.239181e-01,  9.657766e-02,  7.823014e-02,  1.431660e-01],
 [-1.254798e-01, -2.005030e-01,  8.447924e-02,  7.192527e-02,  1.464010e-01],
 [ 4.185619e+00,  5.183749e+00, -1.550130e+00, -4.708160e+00, -5.815371e+00]]
energy_short: [-0.91595 ,  0.308573,  0.301739, -0.446482, -0.367649, -0.393217, -0.602101, -0.58304 , -0.595104, -0.664626,  0.318343,  0.313507, -0.60244 ]
energy_long: [0.196284, 0.248591, 0.247014, 0.379565, 0.285948, 0.308321, 0.335321, 0.382431, 0.43478 , 0.37542 , 0.249512, 0.248662, 0.294435]