step=436545, graph_id=0, num_atoms=13
scalar_charges: [-2.609854,  7.748816,  7.745478, -2.647815, -2.612629, -2.623353, -2.687184, -2.681911, -2.684085, -2.694166,  7.753727,  7.752268, -2.701482]
spherical_charges_l0: [[-4.806051],
 [-0.028849],
 [-0.009277],
 [ 0.032037],
 [-0.025954],
 [-0.084298],
 [-0.063762],
 [-0.095663],
 [-0.080383],
 [ 0.020897],
 [-0.009318],
 [-0.012748],
 [-4.620403]]
spherical_charges_l1: [[ 3.712323e-01,  7.304461e+00,  4.332692e+00],
 [-4.550785e-02, -6.293979e-03, -2.733522e-02],
 [ 3.628398e-02, -3.465103e-02, -1.354022e-03],
 [-3.778293e-01,  7.938362e-01, -1.419058e-01],
 [-1.347593e-02, -1.272627e-02, -5.639908e-03],
 [-2.565832e-02,  2.684152e-02, -7.090465e-03],
 [ 1.825487e-02, -4.451101e-03,  3.858564e-02],
 [-1.513384e-02,  1.796700e-03,  3.036522e-02],
 [ 1.997553e-05,  4.091514e-02,  4.945924e-02],
 [ 1.061585e-01, -6.086920e-01,  1.243740e-01],
 [-5.653756e-02,  2.001213e-03, -2.926691e-03],
 [ 1.591947e-02,  4.441740e-02, -2.127688e-02],
 [ 4.373229e+00, -6.001207e+00,  4.070282e+00]]
spherical_charges_l2: [[ 5.709856e+00, -4.196031e+00,  7.298651e+00,  1.962545e+00, -4.962027e+00],
 [-1.140883e-01,  1.310021e-01, -1.145431e-01,  8.429972e-03,  1.158464e-01],
 [-1.643682e-01,  9.083936e-02, -1.260294e-01,  4.311325e-02,  7.919486e-02],
 [-1.437601e-01,  2.049438e-01,  2.316959e-01,  6.558502e-02, -4.576940e-02],
 [ 9.755336e-02,  1.655829e-01, -2.118499e-01, -9.243046e-02,  4.769856e-02],
 [ 2.622583e-01,  1.891234e-01, -1.232779e-01, -1.879108e-01, -1.041776e-02],
 [ 1.641343e-01,  8.378530e-02,  4.337585e-02,  8.904974e-02,  1.978882e-01],
 [ 1.525046e-01,  2.244621e-01, -1.598687e-01,  1.103656e-01, -3.798695e-02],
 [ 1.652753e-01,  2.293961e-01,  1.226418e-02, -1.774526e-03,  1.228459e-02],
 [-2.348354e-02, -1.174256e-01,  3.002089e-02,  1.058903e-01, -1.350053e-01],
 [-7.021041e-02, -2.355994e-01,  1.057365e-01,  6.564951e-02,  1.107274e-01],
 [-1.405654e-01, -1.825236e-01,  7.710867e-02,  3.643945e-02,  1.225472e-01],
 [ 4.824111e+00,  6.036912e+00, -1.880452e+00, -5.194041e+00, -6.598947e+00]]
energy_short: [-1.00405 ,  0.291243,  0.286325, -0.41141 , -0.319867, -0.346309, -0.552804, -0.533999, -0.54584 , -0.634287,  0.303868,  0.297786, -0.689558]
energy_long: [0.236716, 0.266841, 0.266184, 0.394424, 0.281607, 0.320878, 0.36151 , 0.398939, 0.433173, 0.388652, 0.270104, 0.268788, 0.336003]