step=997245, graph_id=0, num_atoms=13
scalar_charges: [-1.452043,  3.497933,  3.489763, -1.424489, -1.392077, -1.402697, -1.463273, -1.455953, -1.457417, -1.45359 ,  3.510096,  3.504987, -1.458137]
spherical_charges_l0: [[-2.009583e+00],
 [-3.157844e-03],
 [ 1.089431e-03],
 [ 4.548591e-02],
 [-5.674552e-03],
 [-3.030272e-02],
 [-1.522757e-02],
 [-3.479759e-02],
 [-3.315545e-02],
 [ 5.581443e-02],
 [-5.106025e-03],
 [-3.360663e-03],
 [-1.861715e+00]]
spherical_charges_l1: [[ 9.762245e-02,  3.149347e+00,  1.869937e+00],
 [-2.032811e-02,  4.232038e-03, -9.970093e-03],
 [ 1.137939e-02, -8.441148e-03,  2.789228e-04],
 [-1.648478e-01,  3.886913e-01, -7.973876e-02],
 [ 1.162956e-02, -3.083305e-03,  1.847305e-02],
 [ 7.341974e-03,  1.092171e-02,  1.503372e-02],
 [ 6.627761e-03, -2.877892e-03,  1.702568e-02],
 [-1.614610e-02,  6.791819e-03,  2.757793e-02],
 [ 4.704335e-03,  2.339919e-02,  4.187638e-02],
 [ 5.872911e-02, -3.118390e-01,  3.827011e-02],
 [-1.871358e-02, -1.068571e-03, -1.317352e-04],
 [ 8.267347e-03,  1.356806e-02, -6.396158e-03],
 [ 1.825557e+00, -2.534834e+00,  1.782287e+00]]
spherical_charges_l2: [[ 3.010206e+00, -2.180592e+00,  3.850096e+00,  1.089853e+00, -2.550097e+00],
 [-6.154401e-02,  4.977409e-02, -6.638577e-02, -9.692091e-04,  5.322636e-02],
 [-6.690876e-02,  5.898100e-02, -5.813807e-02,  1.240838e-02,  4.918937e-02],
 [-1.432501e-01,  1.668203e-01,  2.366550e-02,  3.060689e-02,  3.228017e-02],
 [ 6.089890e-02,  1.190984e-01, -1.245441e-01, -5.766132e-02,  5.135740e-02],
 [ 1.785384e-01,  1.341512e-01, -6.660783e-02, -1.217496e-01,  8.797650e-04],
 [ 9.371200e-02,  5.590801e-02,  2.620870e-02,  5.458598e-02,  1.290489e-01],
 [ 1.030744e-01,  1.494222e-01, -1.058598e-01,  6.862757e-02, -1.362185e-02],
 [ 1.092082e-01,  1.557046e-01,  7.235168e-03,  7.366708e-03,  1.383035e-02],
 [-5.020282e-02, -1.270226e-01,  3.934417e-02,  1.050232e-01,  5.665945e-05],
 [-6.611304e-02, -9.614524e-02,  3.997479e-02,  3.582548e-02,  7.482359e-02],
 [-4.380540e-02, -9.677911e-02,  4.140201e-02,  4.199001e-02,  6.749737e-02],
 [ 2.514369e+00,  3.109325e+00, -9.461187e-01, -2.673290e+00, -3.384486e+00]]
energy_short: [-0.928644,  0.339683,  0.33188 , -0.435752, -0.347002, -0.374747, -0.588782, -0.566256, -0.575177, -0.641627,  0.350013,  0.344749, -0.629814]
energy_long: [0.194596, 0.245338, 0.245391, 0.366784, 0.267329, 0.30222 , 0.346379, 0.374328, 0.410622, 0.361515, 0.2514  , 0.24886 , 0.307764]