step=3696615, graph_id=0, num_atoms=13
scalar_charges: [-0.622468,  1.451132,  1.450278, -0.592746, -0.575571, -0.578828, -0.594712, -0.592137, -0.592617, -0.601556,  1.451551,  1.45113 , -0.608174]
spherical_charges_l0: [[-4.973343e-01],
 [-1.390021e-06],
 [ 7.473915e-04],
 [ 9.948278e-03],
 [ 1.824086e-03],
 [-4.779048e-03],
 [-2.762043e-03],
 [-6.101876e-03],
 [-4.862648e-03],
 [ 1.308244e-02],
 [-1.687300e-03],
 [-9.684156e-04],
 [-4.506219e-01]]
spherical_charges_l1: [[ 1.235846e-02,  9.035289e-01,  5.309748e-01],
 [-3.760957e-03,  1.595664e-03, -1.928091e-03],
 [ 1.367952e-03, -1.479902e-03, -6.097221e-04],
 [-4.855797e-02,  1.098528e-01, -2.345533e-02],
 [ 6.741481e-03, -1.275102e-03,  7.068779e-03],
 [ 3.881061e-03,  5.433731e-03,  7.791890e-03],
 [ 1.945577e-03, -1.239549e-03,  5.759641e-03],
 [-4.175346e-03,  1.215620e-03,  1.034275e-02],
 [ 1.129909e-03,  7.688039e-03,  1.331860e-02],
 [ 1.675315e-02, -8.968836e-02,  9.988357e-03],
 [-1.395863e-03,  7.861515e-04, -4.394330e-04],
 [ 8.922182e-05,  1.403962e-03, -6.927272e-04],
 [ 5.167367e-01, -7.197391e-01,  5.180253e-01]]
spherical_charges_l2: [[ 9.031155e-01, -6.635091e-01,  1.197340e+00,  3.836460e-01, -7.966992e-01],
 [-2.569452e-02,  1.729570e-02, -2.754232e-02, -1.549354e-03,  1.961771e-02],
 [-2.378974e-02,  2.288567e-02, -2.158002e-02,  2.974611e-03,  1.870059e-02],
 [-4.000315e-02,  6.125144e-02,  7.905731e-03,  1.322553e-03,  1.558410e-02],
 [ 1.604705e-02,  3.749295e-02, -3.855897e-02, -1.770187e-02,  1.411498e-02],
 [ 5.618380e-02,  3.928701e-02, -2.084892e-02, -3.751284e-02, -6.360626e-04],
 [ 2.499650e-02,  1.319230e-02,  8.972716e-03,  1.550969e-02,  3.842285e-02],
 [ 3.138511e-02,  4.352878e-02, -3.290030e-02,  1.919179e-02, -5.176457e-03],
 [ 3.334652e-02,  4.655955e-02,  1.864068e-03,  3.126099e-03,  1.428887e-03],
 [-1.349808e-02, -4.106367e-02,  1.032463e-02,  4.250919e-02, -1.400786e-03],
 [-2.362365e-02, -3.133793e-02,  1.263569e-02,  1.530902e-02,  2.881822e-02],
 [-1.497037e-02, -3.378480e-02,  1.426511e-02,  1.764447e-02,  2.603619e-02],
 [ 7.713852e-01,  9.344805e-01, -2.667244e-01, -8.625441e-01, -1.046549e+00]]
energy_short: [-1.079156,  0.594339,  0.585162, -0.625382, -0.431108, -0.471594, -0.690233, -0.657926, -0.661964, -0.776225,  0.600933,  0.597867, -0.820299]
energy_long: [0.210101, 0.24653 , 0.245552, 0.361813, 0.297686, 0.323648, 0.350027, 0.380829, 0.41994 , 0.356333, 0.251002, 0.249964, 0.308202]