step=965205, graph_id=0, num_atoms=13
scalar_charges: [-1.473222,  3.625425,  3.614882, -1.451884, -1.425975, -1.435283, -1.488029, -1.482247, -1.483714, -1.482729,  3.63663 ,  3.632153, -1.485804]
spherical_charges_l0: [[-2.368248e+00],
 [-8.845261e-03],
 [-2.052334e-03],
 [ 4.557782e-02],
 [ 1.669411e-03],
 [-2.634788e-02],
 [-1.608365e-02],
 [-3.221935e-02],
 [-2.799129e-02],
 [ 5.876321e-02],
 [-7.562117e-03],
 [-7.187601e-03],
 [-2.223901e+00]]
spherical_charges_l1: [[ 1.112888e-01,  3.504894e+00,  2.069475e+00],
 [-2.609582e-02,  4.409125e-03, -1.329489e-02],
 [ 1.624237e-02, -1.346743e-02, -1.948058e-04],
 [-1.859512e-01,  4.609830e-01, -8.707612e-02],
 [-9.416253e-03, -1.589174e-03, -4.525756e-03],
 [-5.602297e-03,  5.207509e-03,  2.462002e-03],
 [ 8.387778e-03, -1.437127e-03,  2.110152e-02],
 [-1.119444e-02,  8.259039e-03,  1.491733e-02],
 [ 1.741302e-03,  1.541573e-02,  2.765677e-02],
 [ 7.482178e-02, -3.647300e-01,  4.604958e-02],
 [-2.575441e-02, -2.377272e-03,  2.683816e-04],
 [ 1.153997e-02,  1.954831e-02, -9.223077e-03],
 [ 2.063629e+00, -2.853097e+00,  2.001263e+00]]
spherical_charges_l2: [[ 3.314508e+00, -2.451897e+00,  4.305852e+00,  1.249983e+00, -2.862870e+00],
 [-8.121615e-02,  7.110301e-02, -9.006366e-02, -2.271161e-03,  7.453071e-02],
 [-8.751736e-02,  7.613894e-02, -7.412703e-02,  1.769543e-02,  6.400247e-02],
 [-1.493946e-01,  1.808672e-01,  3.296949e-02,  3.674672e-02,  2.549694e-02],
 [ 4.434068e-02,  1.121571e-01, -1.227649e-01, -4.417475e-02,  3.797083e-02],
 [ 1.740816e-01,  1.141615e-01, -6.338237e-02, -1.188610e-01, -4.591465e-03],
 [ 9.235884e-02,  4.852488e-02,  2.794172e-02,  5.527009e-02,  1.270040e-01],
 [ 9.814860e-02,  1.341314e-01, -1.032660e-01,  6.553393e-02, -2.075808e-02],
 [ 1.050545e-01,  1.386365e-01,  1.384096e-02, -1.045369e-03,  9.654887e-03],
 [-5.007912e-02, -1.381117e-01,  4.418838e-02,  1.055154e-01, -7.184564e-03],
 [-7.926937e-02, -1.218151e-01,  5.115461e-02,  4.248391e-02,  8.963656e-02],
 [-5.857474e-02, -1.237756e-01,  5.297249e-02,  5.104339e-02,  8.542702e-02],
 [ 2.841772e+00,  3.517293e+00, -1.055156e+00, -3.065578e+00, -3.833778e+00]]
energy_short: [-0.952784,  0.335165,  0.325618, -0.461138, -0.377279, -0.404607, -0.614266, -0.594413, -0.604709, -0.668843,  0.343255,  0.338645, -0.640672]
energy_long: [0.207617, 0.245178, 0.243246, 0.379163, 0.297162, 0.310064, 0.347474, 0.386745, 0.437156, 0.373899, 0.247438, 0.245591, 0.293918]