step=1529910, graph_id=0, num_atoms=13
scalar_charges: [-0.980869,  2.290319,  2.29204 , -0.941894, -0.926232, -0.930438, -0.954516, -0.950501, -0.950741, -0.956303,  2.290479,  2.290355, -0.961477]
spherical_charges_l0: [[-1.104131e+00],
 [-1.067088e-03],
 [ 1.236075e-03],
 [ 2.618688e-02],
 [ 4.855359e-03],
 [-1.075222e-02],
 [-6.142211e-03],
 [-1.384041e-02],
 [-1.125642e-02],
 [ 3.170671e-02],
 [-3.220944e-03],
 [-2.128129e-03],
 [-1.013695e+00]]
spherical_charges_l1: [[ 5.036474e-02,  1.847012e+00,  1.100599e+00],
 [-8.060884e-03,  9.531441e-04, -4.794964e-03],
 [ 3.609431e-03, -4.035440e-03, -1.112009e-03],
 [-1.005382e-01,  2.344057e-01, -3.921976e-02],
 [ 7.022690e-03,  1.377131e-03,  8.835012e-03],
 [ 3.792176e-03,  5.953875e-03,  9.707570e-03],
 [ 3.778380e-03, -2.374016e-03,  1.010364e-02],
 [-7.974432e-03,  2.962920e-03,  1.641974e-02],
 [ 2.060681e-03,  1.366519e-02,  2.398325e-02],
 [ 3.738474e-02, -1.864820e-01,  2.739873e-02],
 [-6.230861e-03,  9.563821e-04, -6.922897e-04],
 [ 1.335035e-03,  5.428215e-03, -2.629837e-03],
 [ 1.068607e+00, -1.489239e+00,  1.056004e+00]]
spherical_charges_l2: [[ 1.831733e+00, -1.352427e+00,  2.400180e+00,  7.285252e-01, -1.607229e+00],
 [-4.477112e-02,  3.433279e-02, -4.823264e-02, -1.415763e-03,  3.691028e-02],
 [-4.438156e-02,  4.237656e-02, -3.930835e-02,  7.200148e-03,  3.473969e-02],
 [-8.404773e-02,  1.192121e-01,  1.136352e-02,  2.033542e-04,  3.704796e-02],
 [ 3.564039e-02,  7.812097e-02, -8.672251e-02, -3.847380e-02,  2.730224e-02],
 [ 1.103923e-01,  7.793629e-02, -4.735854e-02, -7.555136e-02, -1.156635e-03],
 [ 4.803463e-02,  2.658316e-02,  1.677999e-02,  3.082383e-02,  7.460218e-02],
 [ 6.238096e-02,  8.520713e-02, -6.171506e-02,  3.758802e-02, -1.544549e-02],
 [ 6.783486e-02,  9.059964e-02,  3.878277e-03,  1.120287e-03, -4.347041e-04],
 [-3.202939e-02, -8.599649e-02,  2.536297e-02,  8.640158e-02,  7.145389e-03],
 [-4.474625e-02, -6.113330e-02,  2.507911e-02,  2.505126e-02,  5.115889e-02],
 [-2.820998e-02, -6.482782e-02,  2.763808e-02,  3.055485e-02,  4.672498e-02],
 [ 1.562627e+00,  1.921155e+00, -5.672917e-01, -1.714122e+00, -2.117244e+00]]
energy_short: [-1.019351,  0.439368,  0.430419, -0.553582, -0.391395, -0.428997, -0.653754, -0.618946, -0.622674, -0.714247,  0.445619,  0.443286, -0.746307]
energy_long: [0.222641, 0.259416, 0.25754 , 0.382816, 0.301162, 0.320898, 0.361049, 0.39272 , 0.433263, 0.378492, 0.263226, 0.261015, 0.317829]