step=1301625, graph_id=0, num_atoms=13
scalar_charges: [-1.073981,  2.598842,  2.600241, -1.068665, -1.046538, -1.053356, -1.087209, -1.083069, -1.083803, -1.089871,  2.599329,  2.599283, -1.090305]
spherical_charges_l0: [[-1.411059e+00],
 [-2.407700e-03],
 [ 8.069751e-04],
 [ 3.021578e-02],
 [ 6.692639e-03],
 [-1.205303e-02],
 [-6.706205e-03],
 [-1.637567e-02],
 [-1.297547e-02],
 [ 3.834293e-02],
 [-4.307025e-03],
 [-3.085127e-03],
 [-1.287195e+00]]
spherical_charges_l1: [[ 7.109705e-02,  2.346099e+00,  1.385895e+00],
 [-1.461959e-02,  2.200251e-03, -7.623643e-03],
 [ 8.280162e-03, -6.565232e-03, -9.702274e-05],
 [-1.301180e-01,  2.928630e-01, -5.838859e-02],
 [-1.735226e-04, -2.546394e-03,  3.908922e-03],
 [-2.557517e-04,  8.290609e-03,  7.601867e-03],
 [ 3.799483e-03, -2.517179e-03,  1.002666e-02],
 [-8.037673e-03,  3.701818e-03,  1.583643e-02],
 [ 1.630883e-03,  1.449181e-02,  2.343240e-02],
 [ 4.281002e-02, -2.307182e-01,  2.931333e-02],
 [-1.082738e-02, -1.020831e-04, -3.319727e-04],
 [ 4.241157e-03,  8.582261e-03, -4.081171e-03],
 [ 1.353706e+00, -1.877849e+00,  1.328575e+00]]
spherical_charges_l2: [[ 2.169832e+00, -1.657743e+00,  2.936421e+00,  9.528338e-01, -2.001100e+00],
 [-5.446191e-02,  4.427844e-02, -6.132545e-02, -2.928784e-03,  4.825236e-02],
 [-5.538130e-02,  5.193966e-02, -5.093777e-02,  7.392130e-03,  4.465486e-02],
 [-1.023454e-01,  1.383554e-01,  1.851303e-02,  4.688191e-03,  4.108526e-02],
 [ 4.566715e-02,  9.077482e-02, -9.326727e-02, -4.645884e-02,  3.647633e-02],
 [ 1.344358e-01,  9.802692e-02, -4.759411e-02, -8.941413e-02,  4.151104e-03],
 [ 7.426766e-02,  4.187719e-02,  1.802055e-02,  4.031625e-02,  9.731788e-02],
 [ 7.739860e-02,  1.112098e-01, -7.922503e-02,  5.407379e-02, -7.835712e-03],
 [ 8.486155e-02,  1.180959e-01,  3.362363e-03,  8.624543e-03,  1.216128e-02],
 [-3.868782e-02, -9.692886e-02,  3.170390e-02,  9.538691e-02,  5.481252e-03],
 [-5.286868e-02, -7.732417e-02,  3.192372e-02,  3.245737e-02,  6.326360e-02],
 [-3.736390e-02, -7.926020e-02,  3.357955e-02,  3.772252e-02,  5.911908e-02],
 [ 1.879870e+00,  2.283342e+00, -6.620830e-01, -2.138124e+00, -2.606200e+00]]
energy_short: [-0.970567,  0.38102 ,  0.372696, -0.513959, -0.389718, -0.424845, -0.643312, -0.614553, -0.621416, -0.699389,  0.388979,  0.385651, -0.685151]
energy_long: [0.226811, 0.248318, 0.246067, 0.378154, 0.300923, 0.307463, 0.368507, 0.374048, 0.422274, 0.372464, 0.253605, 0.250381, 0.318151]