step=1089360, graph_id=0, num_atoms=13
scalar_charges: [-1.312843,  3.023212,  3.018086, -1.296038, -1.270444, -1.279389, -1.325717, -1.321004, -1.322229, -1.319068,  3.029054,  3.02691 , -1.330745]
spherical_charges_l0: [[-1.637750e+00],
 [-4.439735e-03],
 [-8.233534e-04],
 [ 4.664461e-02],
 [ 3.679843e-03],
 [-2.093035e-02],
 [-1.001093e-02],
 [-2.527520e-02],
 [-2.272031e-02],
 [ 5.250355e-02],
 [-5.709371e-03],
 [-4.691910e-03],
 [-1.493305e+00]]
spherical_charges_l1: [[ 5.803072e-02,  2.524110e+00,  1.503223e+00],
 [-1.600444e-02,  3.589103e-03, -7.750635e-03],
 [ 9.024035e-03, -6.687009e-03,  1.589416e-04],
 [-1.357919e-01,  3.320914e-01, -6.632843e-02],
 [ 1.964037e-02,  2.615323e-04,  2.158242e-02],
 [ 4.784334e-03,  8.241729e-03,  9.786908e-03],
 [ 6.777687e-03, -1.796151e-03,  1.855483e-02],
 [-1.363600e-02,  4.650750e-03,  2.137368e-02],
 [ 4.281254e-03,  2.108079e-02,  3.922855e-02],
 [ 5.201843e-02, -2.573838e-01,  3.214611e-02],
 [-1.157054e-02, -8.159280e-04, -7.344537e-06],
 [ 5.660607e-03,  9.416115e-03, -4.442727e-03],
 [ 1.446912e+00, -2.008679e+00,  1.437671e+00]]
spherical_charges_l2: [[ 2.450231e+00, -1.812781e+00,  3.232112e+00,  9.998322e-01, -2.174580e+00],
 [-5.668045e-02,  4.861901e-02, -6.178972e-02, -8.110388e-04,  4.929872e-02],
 [-5.880809e-02,  5.166719e-02, -5.094068e-02,  9.788867e-03,  4.334190e-02],
 [-1.096926e-01,  1.610794e-01,  1.161375e-02,  4.613432e-03,  4.516894e-02],
 [ 4.975018e-02,  1.080695e-01, -1.159481e-01, -4.642725e-02,  4.103831e-02],
 [ 1.565253e-01,  1.101454e-01, -6.145289e-02, -1.095895e-01, -1.481047e-03],
 [ 7.639058e-02,  4.142868e-02,  2.394384e-02,  4.695905e-02,  1.093778e-01],
 [ 8.961664e-02,  1.252595e-01, -9.246692e-02,  5.890194e-02, -1.733034e-02],
 [ 9.650036e-02,  1.316090e-01,  8.904799e-03,  1.314304e-03,  8.708055e-03],
 [-3.959362e-02, -1.114135e-01,  3.242131e-02,  1.098315e-01,  1.259426e-02],
 [-5.268533e-02, -7.909117e-02,  3.291417e-02,  3.068980e-02,  6.166380e-02],
 [-3.843092e-02, -8.140351e-02,  3.465881e-02,  3.621310e-02,  5.848100e-02],
 [ 2.090162e+00,  2.554418e+00, -7.479293e-01, -2.314123e+00, -2.840967e+00]]
energy_short: [-0.94748 ,  0.355031,  0.346946, -0.43763 , -0.347552, -0.377564, -0.587767, -0.567129, -0.576013, -0.642764,  0.361751,  0.358587, -0.64738 ]
energy_long: [0.207312, 0.243309, 0.243182, 0.374331, 0.282924, 0.30957 , 0.341514, 0.381221, 0.402571, 0.370096, 0.2477  , 0.245961, 0.315546]