step=2659320, graph_id=0, num_atoms=13
scalar_charges: [-0.653437,  1.536753,  1.538711, -0.615783, -0.600536, -0.603762, -0.621312, -0.618573, -0.618981, -0.627483,  1.535902,  1.535875, -0.637589]
spherical_charges_l0: [[-5.599169e-01],
 [-1.522823e-04],
 [ 8.186640e-04],
 [ 1.106336e-02],
 [ 1.874873e-03],
 [-5.492302e-03],
 [-2.718375e-03],
 [-6.851864e-03],
 [-5.612161e-03],
 [ 1.476726e-02],
 [-1.729913e-03],
 [-1.046686e-03],
 [-5.109763e-01]]
spherical_charges_l1: [[ 1.532353e-02,  9.729425e-01,  5.754723e-01],
 [-4.301195e-03,  1.041651e-03, -2.376665e-03],
 [ 1.842429e-03, -2.009899e-03, -6.215796e-04],
 [-5.449919e-02,  1.237179e-01, -2.565363e-02],
 [ 6.914639e-03, -1.654193e-03,  6.793932e-03],
 [ 3.089839e-03,  5.857775e-03,  7.667435e-03],
 [ 2.191279e-03, -1.227077e-03,  6.482171e-03],
 [-4.206385e-03,  1.097231e-03,  1.060790e-02],
 [ 1.019102e-03,  8.481276e-03,  1.419154e-02],
 [ 1.882429e-02, -9.975971e-02,  1.172356e-02],
 [-1.936250e-03,  6.957402e-04, -4.133516e-04],
 [ 3.675003e-04,  1.936289e-03, -9.443072e-04],
 [ 5.595375e-01, -7.798969e-01,  5.603753e-01]]
spherical_charges_l2: [[ 9.997834e-01, -7.360519e-01,  1.332804e+00,  4.302027e-01, -8.897306e-01],
 [-2.856619e-02,  1.977362e-02, -3.045210e-02, -1.131261e-03,  2.188318e-02],
 [-2.651460e-02,  2.592812e-02, -2.366689e-02,  3.876071e-03,  2.104633e-02],
 [-4.482397e-02,  6.756967e-02,  6.788346e-03, -2.140434e-03,  1.721143e-02],
 [ 1.896027e-02,  4.454480e-02, -4.585930e-02, -2.005415e-02,  1.642194e-02],
 [ 6.493939e-02,  4.447163e-02, -2.335976e-02, -4.473229e-02, -6.523051e-04],
 [ 2.846176e-02,  1.515539e-02,  1.002275e-02,  1.770758e-02,  4.363649e-02],
 [ 3.593843e-02,  4.998093e-02, -3.817927e-02,  2.310831e-02, -6.717084e-03],
 [ 3.866522e-02,  5.375848e-02,  2.696811e-03,  2.103758e-03,  2.306827e-03],
 [-1.647489e-02, -4.549282e-02,  1.073927e-02,  4.847329e-02, -1.484578e-04],
 [-2.708882e-02, -3.566943e-02,  1.447851e-02,  1.585130e-02,  3.151482e-02],
 [-1.648377e-02, -3.845195e-02,  1.633889e-02,  1.914981e-02,  2.848351e-02],
 [ 8.590089e-01,  1.034634e+00, -2.948017e-01, -9.657723e-01, -1.171266e+00]]
energy_short: [-1.138409,  0.577673,  0.569347, -0.628924, -0.455552, -0.495342, -0.71622 , -0.683011, -0.687194, -0.781399,  0.583824,  0.581726, -0.874592]
energy_long: [0.236861, 0.269125, 0.267393, 0.385292, 0.324648, 0.342707, 0.377952, 0.400744, 0.443296, 0.379598, 0.272452, 0.271195, 0.335398]