step=961200, graph_id=0, num_atoms=13
scalar_charges: [-1.350453,  3.502841,  3.497141, -1.435814, -1.41253 , -1.42139 , -1.456188, -1.452468, -1.452538, -1.440884,  3.51048 ,  3.507731, -1.449636]
spherical_charges_l0: [[-2.221443e+00],
 [-9.346566e-03],
 [-4.035003e-03],
 [ 6.004120e-02],
 [ 9.102661e-04],
 [-2.736799e-02],
 [-1.465125e-02],
 [-3.242356e-02],
 [-2.888637e-02],
 [ 7.102435e-02],
 [-9.675561e-03],
 [-9.215380e-03],
 [-2.053528e+00]]
spherical_charges_l1: [[ 1.257055e-01,  3.446474e+00,  2.068568e+00],
 [-2.483734e-02,  6.363250e-03, -1.110800e-02],
 [ 1.629374e-02, -1.185606e-02,  1.126884e-03],
 [-1.771509e-01,  4.366280e-01, -8.401915e-02],
 [-4.775215e-03, -3.217682e-03,  1.604866e-04],
 [-3.535066e-03,  8.104489e-03,  4.107371e-03],
 [ 6.002112e-03, -2.814184e-03,  1.446294e-02],
 [-1.147011e-02,  6.621200e-03,  1.537286e-02],
 [ 2.115194e-03,  1.638659e-02,  2.655800e-02],
 [ 7.518626e-02, -3.534483e-01,  4.486462e-02],
 [-2.298360e-02, -2.924259e-03,  6.361480e-04],
 [ 1.187632e-02,  1.699541e-02, -7.953560e-03],
 [ 1.996668e+00, -2.787518e+00,  1.940942e+00]]
spherical_charges_l2: [[ 3.046142e+00, -2.315221e+00,  4.112231e+00,  1.306273e+00, -2.778491e+00],
 [-6.906501e-02,  5.940105e-02, -7.599886e-02, -3.172297e-03,  6.074160e-02],
 [-7.272793e-02,  6.530819e-02, -6.275015e-02,  1.234744e-02,  5.286893e-02],
 [-1.203196e-01,  1.800899e-01,  3.367741e-02,  2.950229e-03,  3.002590e-02],
 [ 6.015265e-02,  1.159139e-01, -1.242071e-01, -5.778237e-02,  4.333747e-02],
 [ 1.757362e-01,  1.308363e-01, -6.861848e-02, -1.076465e-01,  1.144339e-02],
 [ 8.891810e-02,  5.935210e-02,  2.629660e-02,  5.397602e-02,  1.283793e-01],
 [ 1.090379e-01,  1.469957e-01, -9.492537e-02,  6.372046e-02, -6.937146e-03],
 [ 1.133514e-01,  1.483585e-01,  1.987340e-03,  1.238980e-02,  1.133139e-02],
 [-3.845571e-02, -1.087466e-01,  1.981230e-02,  1.322827e-01, -4.634541e-03],
 [-6.778198e-02, -9.846446e-02,  4.086826e-02,  3.757367e-02,  7.744694e-02],
 [-4.701342e-02, -1.025475e-01,  4.374509e-02,  4.560254e-02,  7.283811e-02],
 [ 2.622360e+00,  3.199514e+00, -9.390817e-01, -2.975791e+00, -3.656116e+00]]
energy_short: [-0.958796,  0.343521,  0.334566, -0.463174, -0.372915, -0.40249 , -0.612966, -0.591344, -0.601579, -0.668048,  0.352587,  0.347845, -0.654624]
energy_long: [0.235405, 0.244653, 0.244097, 0.378647, 0.297528, 0.317366, 0.342932, 0.390939, 0.431076, 0.374407, 0.24879 , 0.246923, 0.324491]