step=500625, graph_id=0, num_atoms=13
scalar_charges: [-2.407122,  6.939666,  6.936444, -2.372729, -2.334137, -2.345789, -2.419163, -2.411633, -2.414131, -2.426905,  6.939906,  6.94156 , -2.417042]
spherical_charges_l0: [[-3.562662],
 [-0.032898],
 [-0.014278],
 [ 0.026239],
 [-0.019937],
 [-0.071563],
 [-0.056555],
 [-0.090115],
 [-0.079432],
 [ 0.024858],
 [-0.020756],
 [-0.02222 ],
 [-3.388268]]
spherical_charges_l1: [[ 1.843516e-01,  5.499277e+00,  3.231848e+00],
 [-4.200193e-02, -5.728458e-03, -2.624456e-02],
 [ 3.227186e-02, -3.520320e-02, -3.703282e-03],
 [-2.979546e-01,  6.640351e-01, -1.680512e-01],
 [-2.486024e-02, -1.436523e-02, -1.293693e-02],
 [-2.403422e-02,  2.931512e-02, -2.948570e-03],
 [ 1.468805e-02, -3.778248e-03,  2.961534e-02],
 [-1.274539e-02,  3.217793e-03,  2.745132e-02],
 [-2.402928e-03,  3.616642e-02,  3.680699e-02],
 [ 8.214486e-02, -5.190935e-01,  6.321343e-02],
 [-5.790816e-02,  2.666297e-03, -3.302047e-03],
 [ 1.526705e-02,  4.526824e-02, -2.171912e-02],
 [ 3.231436e+00, -4.469280e+00,  3.106413e+00]]
spherical_charges_l2: [[ 4.579365e+00, -3.305729e+00,  5.839087e+00,  1.645253e+00, -3.954063e+00],
 [-1.277872e-01,  1.188500e-01, -1.326917e-01,  3.612889e-03,  1.152716e-01],
 [-1.603400e-01,  1.126925e-01, -1.235155e-01,  4.093521e-02,  9.230308e-02],
 [-1.894992e-01,  2.354659e-01,  1.056222e-01,  2.704263e-02, -7.330305e-03],
 [ 1.062108e-01,  1.681728e-01, -2.405482e-01, -1.217408e-01,  5.968015e-02],
 [ 2.856598e-01,  2.389367e-01, -1.203195e-01, -1.776047e-01,  2.784934e-03],
 [ 1.819734e-01,  1.004605e-01,  4.810503e-02,  1.027076e-01,  2.307963e-01],
 [ 1.716086e-01,  2.564940e-01, -1.811150e-01,  1.114213e-01, -1.213857e-02],
 [ 1.758967e-01,  2.591104e-01,  1.101690e-02,  1.980805e-02,  1.898861e-02],
 [-6.172593e-02, -1.462015e-01,  2.074811e-02,  1.674966e-01, -5.420693e-02],
 [-9.716102e-02, -2.207628e-01,  9.671193e-02,  6.469002e-02,  1.246587e-01],
 [-1.185331e-01, -1.930666e-01,  8.233042e-02,  5.707066e-02,  1.287650e-01],
 [ 3.843685e+00,  4.787935e+00, -1.472216e+00, -4.168756e+00, -5.246471e+00]]
energy_short: [-0.894659,  0.296106,  0.289046, -0.429978, -0.342303, -0.368212, -0.583883, -0.556912, -0.567775, -0.648482,  0.307446,  0.30162 , -0.585513]
energy_long: [0.234152, 0.262922, 0.260904, 0.393209, 0.270166, 0.31629 , 0.357337, 0.387418, 0.438236, 0.386699, 0.264201, 0.262712, 0.338272]