step=2330910, graph_id=0, num_atoms=13
scalar_charges: [-0.683885,  1.655572,  1.65809 , -0.652288, -0.638313, -0.641555, -0.65821 , -0.655631, -0.65601 , -0.663964,  1.654623,  1.654835, -0.670745]
spherical_charges_l0: [[-6.128822e-01],
 [-1.239378e-03],
 [ 1.665249e-06],
 [ 1.381494e-02],
 [ 1.328843e-03],
 [-7.142548e-03],
 [-3.471024e-03],
 [-8.434757e-03],
 [-6.896565e-03],
 [ 1.765309e-02],
 [-2.735927e-03],
 [-2.034540e-03],
 [-5.601676e-01]]
spherical_charges_l1: [[ 2.002182e-02,  1.069784e+00,  6.308472e-01],
 [-4.217176e-03,  1.080288e-03, -2.407402e-03],
 [ 1.704234e-03, -1.991506e-03, -7.883790e-04],
 [-6.094043e-02,  1.383360e-01, -2.760973e-02],
 [ 7.221333e-03, -6.506351e-04,  8.119656e-03],
 [ 3.903275e-03,  5.454489e-03,  8.495724e-03],
 [ 2.548141e-03, -1.331439e-03,  7.622984e-03],
 [-5.072697e-03,  1.840891e-03,  1.159873e-02],
 [ 1.435674e-03,  8.758532e-03,  1.602338e-02],
 [ 2.117486e-02, -1.112904e-01,  1.348549e-02],
 [-1.863919e-03,  9.832054e-04, -5.530178e-04],
 [ 8.066346e-05,  2.092519e-03, -1.031823e-03],
 [ 6.192110e-01, -8.608616e-01,  6.167087e-01]]
spherical_charges_l2: [[ 1.090361e+00, -8.034549e-01,  1.469977e+00,  4.851610e-01, -9.836752e-01],
 [-2.971075e-02,  2.250395e-02, -3.138342e-02, -7.201154e-04,  2.382262e-02],
 [-2.914889e-02,  2.706584e-02, -2.539934e-02,  4.787304e-03,  2.210492e-02],
 [-5.075077e-02,  7.879345e-02,  7.513219e-03, -2.028793e-05,  2.083474e-02],
 [ 2.152641e-02,  4.854558e-02, -5.089030e-02, -2.257352e-02,  1.812347e-02],
 [ 7.206170e-02,  5.061175e-02, -2.519386e-02, -4.922699e-02,  2.044383e-04],
 [ 3.294246e-02,  1.765565e-02,  1.131742e-02,  2.051198e-02,  5.008244e-02],
 [ 3.990176e-02,  5.653434e-02, -4.282704e-02,  2.627775e-02, -6.572131e-03],
 [ 4.295957e-02,  6.054629e-02,  2.445293e-03,  2.854761e-03,  3.163648e-03],
 [-1.644709e-02, -5.210946e-02,  1.252470e-02,  5.525147e-02,  2.212884e-04],
 [-2.926837e-02, -3.944689e-02,  1.612124e-02,  1.662602e-02,  3.365038e-02],
 [-1.833794e-02, -4.188509e-02,  1.783801e-02,  1.991842e-02,  3.040806e-02],
 [ 9.457073e-01,  1.137866e+00, -3.227701e-01, -1.070853e+00, -1.293862e+00]]
energy_short: [-1.133556,  0.561234,  0.552874, -0.635404, -0.466536, -0.506905, -0.726339, -0.694314, -0.698318, -0.789578,  0.567444,  0.565471, -0.870492]
energy_long: [0.246196, 0.277874, 0.276477, 0.395578, 0.331698, 0.353416, 0.385847, 0.414156, 0.450382, 0.389964, 0.281547, 0.280315, 0.339554]