step=3079845, graph_id=0, num_atoms=13
scalar_charges: [-0.640042,  1.481748,  1.480584, -0.601913, -0.585509, -0.589033, -0.606132, -0.603484, -0.603976, -0.613037,  1.482603,  1.482001, -0.622444]
spherical_charges_l0: [[-5.346393e-01],
 [ 1.008248e-04],
 [ 9.178022e-04],
 [ 9.852597e-03],
 [ 2.197685e-03],
 [-4.766002e-03],
 [-2.406057e-03],
 [-5.970095e-03],
 [-4.726638e-03],
 [ 1.324477e-02],
 [-1.530895e-03],
 [-8.576785e-04],
 [-4.866310e-01]]
spherical_charges_l1: [[ 1.519965e-02,  9.432567e-01,  5.561975e-01],
 [-3.756735e-03,  1.298472e-03, -1.989734e-03],
 [ 1.543014e-03, -1.725849e-03, -6.173695e-04],
 [-5.068557e-02,  1.153365e-01, -2.621458e-02],
 [ 5.304605e-03, -1.440578e-03,  5.467578e-03],
 [ 2.296252e-03,  4.966098e-03,  6.335401e-03],
 [ 1.951551e-03, -1.137626e-03,  5.916173e-03],
 [-3.506708e-03,  1.103747e-03,  8.691783e-03],
 [ 7.263385e-04,  7.113067e-03,  1.160903e-02],
 [ 1.731242e-02, -9.459576e-02,  9.220801e-03],
 [-1.531660e-03,  8.457645e-04, -4.731074e-04],
 [ 1.503877e-04,  1.605470e-03, -7.892813e-04],
 [ 5.421569e-01, -7.546926e-01,  5.405033e-01]]
spherical_charges_l2: [[ 9.512817e-01, -7.049745e-01,  1.265225e+00,  4.067654e-01, -8.442612e-01],
 [-2.593605e-02,  1.749457e-02, -2.806622e-02, -1.564074e-03,  2.008254e-02],
 [-2.369783e-02,  2.312335e-02, -2.151818e-02,  3.166224e-03,  1.897578e-02],
 [-4.283997e-02,  6.416667e-02,  7.188928e-03, -7.686982e-04,  1.632921e-02],
 [ 1.584089e-02,  3.900450e-02, -4.041399e-02, -1.795395e-02,  1.397715e-02],
 [ 5.774610e-02,  4.027713e-02, -2.121326e-02, -3.870674e-02, -8.960164e-04],
 [ 2.460391e-02,  1.313836e-02,  9.450141e-03,  1.588468e-02,  3.922815e-02],
 [ 3.206081e-02,  4.410728e-02, -3.372268e-02,  1.927969e-02, -5.740284e-03],
 [ 3.406465e-02,  4.714910e-02,  2.236445e-03,  2.651166e-03,  1.145695e-03],
 [-1.512999e-02, -4.283844e-02,  1.022346e-02,  4.665840e-02, -6.360234e-04],
 [-2.424539e-02, -3.179994e-02,  1.284467e-02,  1.496087e-02,  2.889168e-02],
 [-1.490949e-02, -3.441494e-02,  1.457150e-02,  1.774132e-02,  2.612172e-02],
 [ 8.152164e-01,  9.856647e-01, -2.810687e-01, -9.143294e-01, -1.108859e+00]]
energy_short: [-1.1154  ,  0.593529,  0.584926, -0.624001, -0.444081, -0.484551, -0.703541, -0.671134, -0.675135, -0.775612,  0.599717,  0.597263, -0.852757]
energy_long: [0.222017, 0.259973, 0.258487, 0.373477, 0.311546, 0.332917, 0.363597, 0.39245 , 0.433496, 0.367821, 0.263716, 0.262615, 0.320808]