step=204255, graph_id=0, num_atoms=13
scalar_charges: [-3.711513, 12.533951, 12.545548, -3.743814, -3.72981 , -3.732567, -3.769134, -3.767617, -3.770324, -3.769163, 12.505737, 12.518719, -3.771114]
spherical_charges_l0: [[-5.295685],
 [-0.074169],
 [-0.04138 ],
 [ 0.021872],
 [-0.093294],
 [-0.150072],
 [-0.125193],
 [-0.170052],
 [-0.145406],
 [-0.026922],
 [-0.03366 ],
 [-0.040071],
 [-5.052101]]
spherical_charges_l1: [[ 4.000883e-01,  7.772135e+00,  4.464393e+00],
 [-1.080915e-01, -3.612681e-02, -7.190169e-02],
 [ 8.859989e-02, -9.429651e-02, -3.187784e-03],
 [-4.540442e-01,  9.509839e-01, -1.108507e-01],
 [-3.303689e-02, -6.604986e-02, -4.376667e-02],
 [-5.999968e-02,  7.927292e-02, -1.933393e-02],
 [ 1.265089e-02, -1.133942e-02,  2.820152e-02],
 [-3.104102e-03, -2.014344e-02,  1.277170e-02],
 [-1.216368e-02,  4.560628e-02,  1.491423e-02],
 [ 1.325840e-01, -7.224218e-01,  1.876862e-01],
 [-1.623117e-01,  3.932302e-03, -7.460712e-03],
 [ 4.514252e-02,  1.228018e-01, -5.873598e-02],
 [ 4.540402e+00, -6.309967e+00,  4.177073e+00]]
spherical_charges_l2: [[ 5.080128e+00, -3.633612e+00,  6.339743e+00,  1.585463e+00, -4.257251e+00],
 [-1.480579e-01,  1.559517e-01, -1.658212e-01,  5.113855e-03,  1.516924e-01],
 [-1.871444e-01,  1.295826e-01, -1.464829e-01,  4.693651e-02,  1.150196e-01],
 [-9.782042e-02,  2.065263e-01,  2.467056e-01,  9.212919e-02, -1.638362e-02],
 [ 1.738677e-01,  2.000041e-01, -2.293805e-01, -2.155508e-01,  8.777178e-02],
 [ 3.143926e-01,  3.032109e-01, -1.335395e-01, -1.111772e-01,  4.502356e-02],
 [ 2.214290e-01,  1.835257e-01,  4.970631e-02,  1.194298e-01,  2.978397e-01],
 [ 2.468132e-01,  3.256216e-01, -1.769951e-01,  9.075225e-02,  6.898901e-02],
 [ 2.229256e-01,  3.054002e-01, -2.766378e-02,  1.157952e-01,  3.078482e-02],
 [-2.132092e-02, -1.580403e-01,  7.460526e-02,  9.085296e-02, -1.058126e-01],
 [-1.106348e-01, -2.601147e-01,  1.134463e-01,  8.736514e-02,  1.546918e-01],
 [-1.510005e-01, -2.194355e-01,  9.233423e-02,  6.763069e-02,  1.582477e-01],
 [ 4.323836e+00,  5.349141e+00, -1.668365e+00, -4.457644e+00, -5.757161e+00]]
energy_short: [-0.892632,  0.242838,  0.235527, -0.35742 , -0.267178, -0.283457, -0.47503 , -0.468844, -0.487355, -0.584566,  0.262428,  0.252773, -0.599808]
energy_long: [0.200449, 0.184351, 0.182706, 0.32732 , 0.23943 , 0.29488 , 0.292022, 0.32603 , 0.412778, 0.325292, 0.185166, 0.184295, 0.305697]