step=572715, graph_id=0, num_atoms=13
scalar_charges: [-2.201558,  5.782086,  5.775517, -2.179442, -2.14354 , -2.154052, -2.223592, -2.217861, -2.220449, -2.231498,  5.790944,  5.787092, -2.229656]
spherical_charges_l0: [[-3.632131],
 [-0.022472],
 [-0.006611],
 [ 0.035953],
 [ 0.009157],
 [-0.057512],
 [-0.040274],
 [-0.070269],
 [-0.059267],
 [ 0.042671],
 [-0.014176],
 [-0.014543],
 [-3.486234]]
spherical_charges_l1: [[ 1.056335e-01,  5.539871e+00,  3.242396e+00],
 [-4.283092e-02, -2.388605e-03, -2.394404e-02],
 [ 3.033839e-02, -2.844708e-02, -5.631212e-04],
 [-3.575358e-01,  7.427148e-01, -1.897254e-01],
 [-3.124452e-02, -6.640449e-03, -2.063752e-02],
 [-2.452167e-02,  1.274232e-02, -1.472344e-02],
 [ 1.102442e-02, -3.573851e-03,  2.071114e-02],
 [-1.281512e-02,  4.791178e-03,  1.665711e-02],
 [ 5.719829e-04,  2.935180e-02,  3.144291e-02],
 [ 8.873493e-02, -5.709029e-01,  6.657347e-02],
 [-5.043695e-02,  9.424394e-04, -2.196510e-03],
 [ 1.722745e-02,  3.929522e-02, -1.871663e-02],
 [ 3.279249e+00, -4.558619e+00,  3.168878e+00]]
spherical_charges_l2: [[ 4.499184e+00, -3.228186e+00,  5.982313e+00,  1.902133e+00, -3.997023e+00],
 [-8.966117e-02,  8.783742e-02, -1.036647e-01, -6.207454e-03,  9.232148e-02],
 [-1.223407e-01,  7.861616e-02, -1.018798e-01,  2.512596e-02,  7.049464e-02],
 [-1.703420e-01,  2.499623e-01,  1.595290e-01,  2.074770e-02, -1.335404e-02],
 [ 9.566408e-02,  1.675342e-01, -2.030478e-01, -8.847782e-02,  6.172905e-02],
 [ 2.727003e-01,  1.969070e-01, -1.058422e-01, -1.889192e-01,  8.283604e-03],
 [ 1.797633e-01,  1.085011e-01,  3.975768e-02,  9.168596e-02,  2.172239e-01],
 [ 1.609603e-01,  2.399462e-01, -1.633672e-01,  1.267180e-01, -1.883559e-02],
 [ 1.765122e-01,  2.449937e-01,  5.708765e-03,  5.313053e-03,  2.347270e-02],
 [-4.329228e-02, -1.411752e-01,  2.203185e-02,  1.650758e-01, -8.463403e-02],
 [-7.141494e-02, -1.732398e-01,  7.578432e-02,  5.727027e-02,  1.008565e-01],
 [-9.684931e-02, -1.462268e-01,  6.159548e-02,  4.732141e-02,  1.052799e-01],
 [ 3.925364e+00,  4.747707e+00, -1.395473e+00, -4.410207e+00, -5.396776e+00]]
energy_short: [-0.966754,  0.324875,  0.319226, -0.450505, -0.374228, -0.398347, -0.605397, -0.587274, -0.598629, -0.672625,  0.33564 ,  0.329881, -0.643736]
energy_long: [0.228469, 0.245667, 0.244037, 0.375009, 0.283336, 0.318754, 0.364251, 0.385708, 0.434333, 0.367462, 0.248962, 0.246664, 0.326469]