step=1257570, graph_id=0, num_atoms=13
scalar_charges: [-1.072559,  2.666789,  2.666131, -1.061173, -1.045698, -1.050504, -1.075768, -1.072635, -1.073038, -1.078378,  2.667193,  2.667123, -1.078592]
spherical_charges_l0: [[-1.428621e+00],
 [-1.101223e-03],
 [ 2.933609e-03],
 [ 2.640716e-02],
 [ 5.205874e-03],
 [-1.448489e-02],
 [-4.605152e-03],
 [-1.737185e-02],
 [-1.449290e-02],
 [ 3.982048e-02],
 [-2.967996e-03],
 [-1.416044e-03],
 [-1.326568e+00]]
spherical_charges_l1: [[ 6.228852e-02,  2.343038e+00,  1.399844e+00],
 [-1.317488e-02,  1.692949e-03, -7.086674e-03],
 [ 6.444256e-03, -5.898206e-03, -6.458774e-04],
 [-1.358344e-01,  3.304140e-01, -6.157250e-02],
 [-3.516834e-03, -3.155237e-03,  1.850295e-03],
 [-9.691549e-04,  8.471692e-03,  5.738919e-03],
 [ 3.410737e-03, -2.766860e-03,  8.659350e-03],
 [-7.846373e-03,  2.729933e-03,  1.330755e-02],
 [ 2.385517e-03,  1.367004e-02,  2.125194e-02],
 [ 5.380820e-02, -2.635381e-01,  3.167269e-02],
 [-1.042421e-02,  3.220134e-04, -5.253609e-04],
 [ 3.617488e-03,  8.220546e-03, -3.923959e-03],
 [ 1.370277e+00, -1.899985e+00,  1.352451e+00]]
spherical_charges_l2: [[ 2.256058e+00, -1.668726e+00,  2.984660e+00,  9.356317e-01, -1.994907e+00],
 [-5.841515e-02,  4.671732e-02, -6.274159e-02, -1.651390e-03,  4.960012e-02],
 [-6.250058e-02,  5.517757e-02, -5.521650e-02,  1.010348e-02,  4.601825e-02],
 [-1.281094e-01,  1.583156e-01,  3.164193e-03,  1.156135e-02,  5.043948e-02],
 [ 3.293160e-02,  8.024736e-02, -7.891309e-02, -3.777814e-02,  3.517833e-02],
 [ 1.228677e-01,  9.149285e-02, -4.323124e-02, -8.477337e-02, -4.639078e-03],
 [ 6.493910e-02,  3.510876e-02,  1.864376e-02,  3.722666e-02,  9.016535e-02],
 [ 6.762408e-02,  9.809334e-02, -7.880867e-02,  4.521810e-02, -1.171269e-02],
 [ 6.934032e-02,  1.036707e-01,  1.088139e-02,  4.568562e-03,  9.200875e-03],
 [-4.758332e-02, -1.152907e-01,  3.536303e-02,  1.150272e-01,  1.838903e-02],
 [-5.706512e-02, -8.604792e-02,  3.575993e-02,  3.441457e-02,  6.784907e-02],
 [-4.140253e-02, -8.627143e-02,  3.665804e-02,  3.866776e-02,  6.262849e-02],
 [ 1.945345e+00,  2.363871e+00, -7.019590e-01, -2.133941e+00, -2.646585e+00]]
energy_short: [-0.946953,  0.383263,  0.37537 , -0.495032, -0.382265, -0.414986, -0.622495, -0.601283, -0.609026, -0.686132,  0.391523,  0.388183, -0.660274]
energy_long: [0.211887, 0.252772, 0.251917, 0.383421, 0.295457, 0.317392, 0.358453, 0.386901, 0.423413, 0.377604, 0.258054, 0.255288, 0.292323]