step=1650060, graph_id=0, num_atoms=13
scalar_charges: [-0.946392,  2.174065,  2.175746, -0.904992, -0.885104, -0.890425, -0.920674, -0.915824, -0.916168, -0.924868,  2.173893,  2.173872, -0.929065]
spherical_charges_l0: [[-9.656806e-01],
 [-3.721344e-04],
 [ 1.532789e-03],
 [ 2.400374e-02],
 [ 2.874074e-03],
 [-1.132688e-02],
 [-5.066199e-03],
 [-1.318301e-02],
 [-1.147069e-02],
 [ 2.922171e-02],
 [-2.418181e-03],
 [-1.242527e-03],
 [-8.889930e-01]]
spherical_charges_l1: [[ 3.865320e-02,  1.640817e+00,  9.720314e-01],
 [-7.674208e-03,  2.292510e-04, -4.977456e-03],
 [ 2.898039e-03, -4.389908e-03, -1.670254e-03],
 [-8.807710e-02,  2.046623e-01, -3.807187e-02],
 [ 1.089825e-02,  3.214919e-03,  1.293653e-02],
 [ 5.893777e-03,  4.237198e-03,  1.027722e-02],
 [ 3.730374e-03, -2.030617e-03,  9.859256e-03],
 [-8.145804e-03,  3.429121e-03,  1.581616e-02],
 [ 2.867634e-03,  1.184813e-02,  2.441030e-02],
 [ 3.133130e-02, -1.618422e-01,  2.029316e-02],
 [-4.186433e-03,  2.548522e-03, -1.403619e-03],
 [-3.786978e-04,  4.753004e-03, -2.356783e-03],
 [ 9.468020e-01, -1.318648e+00,  9.379166e-01]]
spherical_charges_l2: [[ 1.694072e+00, -1.256646e+00,  2.244451e+00,  7.061366e-01, -1.498302e+00],
 [-4.315004e-02,  3.266604e-02, -4.895928e-02, -3.334498e-03,  3.676225e-02],
 [-4.262955e-02,  4.250939e-02, -3.920448e-02,  5.413961e-03,  3.561773e-02],
 [-8.208541e-02,  1.137809e-01,  5.711881e-03,  7.466014e-03,  3.618965e-02],
 [ 3.275407e-02,  7.319006e-02, -8.609131e-02, -3.752982e-02,  2.468864e-02],
 [ 1.064346e-01,  7.715106e-02, -4.446215e-02, -7.359248e-02, -1.864941e-03],
 [ 5.046522e-02,  2.764741e-02,  1.627097e-02,  3.114150e-02,  7.525043e-02],
 [ 6.112947e-02,  8.545959e-02, -6.263120e-02,  3.742412e-02, -1.281376e-02],
 [ 6.561742e-02,  9.112566e-02,  3.504727e-03,  1.997172e-03,  1.263468e-03],
 [-2.832998e-02, -8.161439e-02,  2.627619e-02,  7.569882e-02,  9.023635e-03],
 [-4.565664e-02, -5.973630e-02,  2.427007e-02,  2.597738e-02,  5.244673e-02],
 [-2.672631e-02, -6.360401e-02,  2.701912e-02,  3.238726e-02,  4.744616e-02],
 [ 1.452877e+00,  1.769432e+00, -5.177569e-01, -1.605091e+00, -1.977881e+00]]
energy_short: [-1.026302,  0.427096,  0.419076, -0.559215, -0.397599, -0.435411, -0.663298, -0.624716, -0.627693, -0.716094,  0.433981,  0.431516, -0.754986]
energy_long: [0.218231, 0.260086, 0.258802, 0.388671, 0.320944, 0.326562, 0.374524, 0.392839, 0.440515, 0.384274, 0.264985, 0.262976, 0.319746]