step=360450, graph_id=0, num_atoms=13
scalar_charges: [-3.111551,  6.619993,  6.625133, -2.911776, -2.845639, -2.866163, -2.975537, -2.965947, -2.970211, -3.016687,  6.628334,  6.629286, -3.008175]
spherical_charges_l0: [[ 0.06359 ],
 [ 0.053859],
 [ 0.048208],
 [-3.245554],
 [-0.244759],
 [-0.21081 ],
 [-0.166096],
 [-0.17662 ],
 [-0.191471],
 [-3.562607],
 [ 0.047646],
 [ 0.058917],
 [ 0.02696 ]]
spherical_charges_l1: [[-8.983781e-02, -1.564199e+00, -7.988129e-01],
 [ 4.308471e-03, -2.326249e-01, -1.045399e-01],
 [-5.150514e-02, -1.649941e-01, -1.021939e-01],
 [ 1.106442e-01, -5.917891e+00, -1.828822e+00],
 [ 8.787414e-01,  5.700085e-02,  9.279241e-01],
 [ 7.083514e-01,  1.175533e-01,  7.137270e-01],
 [ 4.065207e-02,  4.347160e-02,  2.005876e-01],
 [-2.693263e-01,  7.019283e-02,  6.533344e-01],
 [ 1.242116e-01,  2.784996e-01,  7.824842e-01],
 [-2.941422e+00,  5.023137e+00, -2.174212e+00],
 [-8.462273e-02,  1.641648e-01, -8.339688e-02],
 [-1.543351e-01,  1.469904e-01, -7.731846e-02],
 [-9.392563e-01,  1.315869e+00, -8.317598e-01]]
spherical_charges_l2: [[-0.413322,  0.240003, -0.36476 , -0.007504,  0.209923],
 [-0.087975,  0.066637, -0.094803, -0.009348,  0.069619],
 [-0.097463,  0.070957, -0.091798,  0.015442,  0.060837],
 [ 3.396641, -0.024582,  4.90008 ,  1.744666, -2.370398],
 [ 0.03686 ,  0.070608, -0.056943, -0.06606 ,  0.0382  ],
 [ 0.166721,  0.089593,  0.008674, -0.169083,  0.032086],
 [ 0.304662,  0.057197, -0.018349,  0.075885,  0.108712],
 [ 0.049554,  0.182005, -0.155882,  0.193743,  0.029319],
 [ 0.094553,  0.193347,  0.011474,  0.012077,  0.117288],
 [ 3.872563,  3.172197, -1.181687, -2.4438  , -4.291695],
 [-0.075677, -0.12178 ,  0.051196,  0.044523,  0.089307],
 [-0.060133, -0.116069,  0.049478,  0.044607,  0.080135],
 [-0.261635, -0.385066,  0.150306,  0.150304,  0.272111]]
energy_short: [-0.788188,  0.393128,  0.387825, -0.267184, -0.14665 , -0.180425, -0.385352, -0.366936, -0.375832, -0.491179,  0.40169 ,  0.396429, -0.467806]
energy_long: [0.09122 , 0.070747, 0.075289, 0.077051, 0.250542, 0.313195, 0.310074, 0.3035  , 0.520938, 0.113053, 0.074048, 0.079447, 0.093116]