step=3936915, graph_id=0, num_atoms=13
scalar_charges: [-0.914902,  2.120914,  2.117906, -0.922033, -0.922821, -0.923241, -0.922372, -0.922693, -0.92269 , -0.920312,  2.124484,  2.120576, -0.920204]
spherical_charges_l0: [[ 3.900439e-02],
 [-1.987525e-03],
 [ 1.104102e-03],
 [-6.154986e-01],
 [-5.041325e-02],
 [-3.611890e-02],
 [-3.388765e-02],
 [-3.059185e-02],
 [-3.467589e-02],
 [-6.805233e-01],
 [ 4.139341e-04],
 [ 1.193974e-03],
 [ 3.933839e-02]]
spherical_charges_l1: [[-1.810555e-02, -2.905060e-01, -1.428801e-01],
 [ 4.060834e-03, -1.376980e-02, -3.795283e-03],
 [-5.644115e-03, -9.306414e-03, -6.892466e-03],
 [ 9.174607e-02, -1.092467e+00, -3.580151e-01],
 [ 1.864865e-01,  1.808531e-02,  2.082620e-01],
 [ 1.478468e-01,  1.949565e-02,  1.509196e-01],
 [ 5.682845e-03,  7.924641e-03,  3.431359e-02],
 [-5.183801e-02,  1.221459e-02,  1.356869e-01],
 [ 2.677641e-02,  5.770010e-02,  1.636484e-01],
 [-5.433068e-01,  9.734810e-01, -4.747318e-01],
 [-9.748074e-04,  1.711891e-02, -8.424431e-03],
 [-1.444819e-02,  6.717719e-03, -3.778874e-03],
 [-1.759976e-01,  2.480017e-01, -1.504202e-01]]
spherical_charges_l2: [[-1.243204e-01,  5.668365e-02, -9.144005e-02,  1.492518e-02,  3.909359e-02],
 [-1.444493e-02,  2.964367e-02, -1.850134e-02, -6.774729e-04,  2.119170e-02],
 [-2.431515e-02,  7.098131e-03, -2.303766e-02, -1.020744e-03,  1.143085e-02],
 [ 7.583004e-01,  6.730454e-02,  1.196423e+00,  4.398026e-01, -5.494395e-01],
 [ 3.986645e-03,  3.235643e-02, -4.908950e-02, -6.153986e-03,  1.589569e-02],
 [ 5.711142e-02,  2.699553e-02, -5.193118e-03, -7.414486e-02, -9.242063e-03],
 [ 7.451203e-02,  1.218918e-03,  1.569579e-03,  2.206520e-02,  3.354152e-02],
 [ 7.418128e-03,  4.997238e-02, -5.701963e-02,  5.117078e-02, -1.511469e-02],
 [ 2.283359e-02,  6.069665e-02,  1.208113e-02, -1.422485e-02,  2.165972e-02],
 [ 9.286738e-01,  7.001562e-01, -2.573026e-01, -5.773937e-01, -1.046371e+00],
 [-9.875044e-04, -3.407399e-02,  1.506077e-02,  2.116882e-02,  2.117247e-02],
 [-2.990110e-02, -1.936537e-02,  6.996297e-03,  6.703227e-03,  2.412905e-02],
 [-8.211616e-02, -1.293193e-01,  4.853145e-02,  3.156839e-02,  6.619546e-02]]
energy_short: [-0.91674 ,  0.68343 ,  0.682149, -0.546065, -0.225641, -0.269014, -0.494892, -0.458286, -0.458579, -0.675255,  0.685128,  0.683385, -0.655581]
energy_long: [0.054753, 0.089311, 0.087547, 0.038741, 0.208834, 0.288995, 0.284286, 0.269782, 0.472275, 0.097329, 0.089258, 0.090849, 0.057653]