step=2895615, graph_id=0, num_atoms=13
scalar_charges: [-0.906345,  2.120406,  2.119553, -0.921716, -0.922616, -0.9229  , -0.920688, -0.921281, -0.921277, -0.918407,  2.128245,  2.124142, -0.917175]
spherical_charges_l0: [[ 4.126036e-02],
 [-1.184860e-03],
 [ 1.883326e-03],
 [-6.823186e-01],
 [-5.469705e-02],
 [-3.926763e-02],
 [-3.823370e-02],
 [-3.434521e-02],
 [-3.865105e-02],
 [-7.547058e-01],
 [ 5.197618e-04],
 [ 1.450418e-03],
 [ 4.135318e-02]]
spherical_charges_l1: [[-0.020415, -0.310115, -0.153416],
 [ 0.004067, -0.015552, -0.004847],
 [-0.005543, -0.010482, -0.007712],
 [ 0.099279, -1.208481, -0.390852],
 [ 0.201132,  0.019893,  0.224696],
 [ 0.161526,  0.019889,  0.165156],
 [ 0.006629,  0.009206,  0.03931 ],
 [-0.056514,  0.014552,  0.148474],
 [ 0.028995,  0.062043,  0.178637],
 [-0.60038 ,  1.072265, -0.518546],
 [-0.001703,  0.01841 , -0.009085],
 [-0.015137,  0.007873, -0.004371],
 [-0.187982,  0.264619, -0.161233]]
spherical_charges_l2: [[-0.134186,  0.065283, -0.099503,  0.014685,  0.04495 ],
 [-0.013684,  0.031185, -0.019916, -0.002499,  0.02355 ],
 [-0.025484,  0.007256, -0.025764, -0.002189,  0.012847],
 [ 0.826762,  0.062807,  1.296103,  0.473508, -0.603149],
 [ 0.003691,  0.032778, -0.050063, -0.008319,  0.01803 ],
 [ 0.061873,  0.028793, -0.005584, -0.077635, -0.011767],
 [ 0.07915 ,  0.001956,  0.002103,  0.023427,  0.036423],
 [ 0.009678,  0.052972, -0.062215,  0.053503, -0.015978],
 [ 0.02505 ,  0.064791,  0.014328, -0.013574,  0.02306 ],
 [ 1.006976,  0.762184, -0.280611, -0.635214, -1.141068],
 [-0.001932, -0.034001,  0.014825,  0.023066,  0.023405],
 [-0.030099, -0.019054,  0.006651,  0.009306,  0.026548],
 [-0.08899 , -0.141958,  0.05307 ,  0.035255,  0.071879]]
energy_short: [-0.920145,  0.686998,  0.686668, -0.530567, -0.216145, -0.259494, -0.486101, -0.448101, -0.448139, -0.665839,  0.690138,  0.688522, -0.654872]
energy_long: [0.060726, 0.092924, 0.091122, 0.040683, 0.21358 , 0.283286, 0.294623, 0.275734, 0.462859, 0.103837, 0.093176, 0.09412 , 0.063481]