step=68085, graph_id=0, num_atoms=13
scalar_charges: [-0.341994,  1.138509,  1.137341, -0.347783, -0.356842, -0.355595, -0.349188, -0.349291, -0.348884, -0.342744,  1.137321,  1.137935, -0.349655]
spherical_charges_l0: [[-0.269233],
 [-0.018706],
 [-0.022131],
 [-0.988726],
 [-0.213961],
 [-0.202292],
 [-0.175712],
 [-0.18729 ],
 [-0.1856  ],
 [-0.963356],
 [-0.008987],
 [-0.014866],
 [-0.298329]]
spherical_charges_l1: [[-1.977468e-01, -1.195854e+00, -7.330211e-01],
 [ 1.280250e-02,  5.486073e-03,  1.082858e-02],
 [-2.807888e-03,  1.423968e-02,  6.952936e-03],
 [-1.152905e-01, -9.181589e-01,  1.833531e-02],
 [ 2.750200e-01, -1.351886e-02,  2.442754e-01],
 [ 2.084779e-01,  8.121601e-02,  2.623190e-01],
 [-6.495169e-03,  1.876835e-02,  3.785621e-02],
 [-4.601692e-02, -4.841461e-02,  2.210670e-01],
 [ 1.209214e-02,  1.328595e-01,  2.123425e-01],
 [-3.953282e-01,  6.867175e-01, -3.938948e-02],
 [-5.931513e-03, -1.839567e-03,  7.084318e-04],
 [ 4.446601e-03, -2.210477e-03,  1.246798e-03],
 [-8.185234e-01,  1.123378e+00, -6.742808e-01]]
spherical_charges_l2: [[ 3.639970e-01, -3.960637e-01,  3.000939e-01,  4.534935e-02, -2.460818e-01],
 [-1.116951e-02,  1.337060e-02, -1.013488e-02,  7.619755e-03,  8.708139e-03],
 [-1.315584e-02,  1.245447e-02, -7.420513e-03,  3.568712e-03,  1.146530e-02],
 [ 1.126419e+00, -1.592703e-01,  1.213291e+00,  2.364577e-01, -5.725673e-01],
 [ 6.761428e-02, -3.343533e-02,  1.864823e-01, -6.467650e-02, -9.071077e-04],
 [ 3.937098e-02,  1.052379e-01,  4.132279e-02,  1.312777e-01,  1.281470e-01],
 [ 1.204423e-01,  2.039926e-01, -4.779452e-02,  1.353171e-02,  9.217400e-02],
 [ 1.083274e-01,  1.144965e-01,  2.752414e-02,  6.272705e-03,  1.574499e-01],
 [ 4.670384e-02,  4.967187e-02, -7.286805e-02,  1.606390e-01,  7.092972e-02],
 [ 9.497456e-01,  9.496044e-01, -3.946316e-01, -4.112629e-01, -9.146479e-01],
 [-1.030793e-02, -5.924075e-03,  2.357258e-03, -2.592008e-03,  3.932833e-03],
 [-3.199729e-04, -1.461593e-02,  6.828451e-03,  4.514504e-03,  4.919925e-03],
 [ 2.607664e-01,  4.488256e-01, -1.415461e-01, -2.904668e-01, -3.205044e-01]]
energy_short: [-0.425468,  0.085606,  0.070539,  0.013661,  0.015224, -0.025075, -0.230171, -0.210669, -0.218289, -0.209513,  0.120228,  0.097955, -0.171996]
energy_long: [0.002644, 0.036647, 0.037564, 0.032463, 0.161223, 0.129353, 0.161403, 0.119137, 0.400101, 0.038262, 0.038474, 0.03841 , 0.010769]