step=1353690, graph_id=0, num_atoms=13
scalar_charges: [-0.967557,  2.289243,  2.291587, -0.982565, -0.953135, -0.959837, -0.979295, -0.976972, -0.977553, -0.981871,  2.297004,  2.294878, -0.98391 ]
spherical_charges_l0: [[ 0.081587],
 [ 0.002572],
 [ 0.007404],
 [-1.361729],
 [-0.08831 ],
 [-0.061005],
 [-0.061091],
 [-0.054081],
 [-0.062963],
 [-1.508717],
 [ 0.005115],
 [ 0.007553],
 [ 0.082836]]
spherical_charges_l1: [[-5.225540e-02, -6.481470e-01, -3.263123e-01],
 [ 1.765520e-02, -4.482458e-02, -9.713979e-03],
 [-2.088520e-02, -2.503300e-02, -2.057645e-02],
 [ 1.590069e-01, -2.399164e+00, -7.572448e-01],
 [ 3.678263e-01,  4.911312e-02,  4.245334e-01],
 [ 3.204000e-01,  2.648562e-02,  3.209350e-01],
 [ 1.234853e-02,  1.718122e-02,  7.246680e-02],
 [-1.149836e-01,  3.649819e-02,  2.902299e-01],
 [ 5.693736e-02,  1.166966e-01,  3.439331e-01],
 [-1.190915e+00,  2.098667e+00, -9.867201e-01],
 [-1.736190e-05,  5.114730e-02, -2.507225e-02],
 [-4.633179e-02,  1.675051e-02, -9.766622e-03],
 [-3.958028e-01,  5.553840e-01, -3.373385e-01]]
spherical_charges_l2: [[-2.636138e-01,  1.327803e-01, -2.048655e-01,  2.686072e-02,  1.046301e-01],
 [-2.824678e-02,  4.658086e-02, -4.961343e-02, -1.529469e-02,  4.246710e-02],
 [-4.090188e-02,  2.827227e-02, -4.333126e-02, -4.580616e-03,  2.875264e-02],
 [ 1.624869e+00,  8.552125e-02,  2.545976e+00,  9.013260e-01, -1.192691e+00],
 [-4.011777e-03,  5.246487e-02, -9.536114e-02, -1.327201e-02,  2.161567e-02],
 [ 1.024903e-01,  4.408308e-02, -1.535828e-02, -1.422622e-01, -3.074318e-02],
 [ 1.431317e-01, -1.931499e-03,  5.640553e-03,  4.360211e-02,  6.575328e-02],
 [ 1.186623e-02,  9.229591e-02, -1.139857e-01,  9.810043e-02, -3.447351e-02],
 [ 4.110225e-02,  1.139241e-01,  2.969244e-02, -3.188550e-02,  4.123724e-02],
 [ 1.971812e+00,  1.516595e+00, -5.528713e-01, -1.259174e+00, -2.250398e+00],
 [-2.081517e-02, -5.746897e-02,  2.369062e-02,  4.126136e-02,  5.166966e-02],
 [-4.401522e-02, -4.111717e-02,  1.516544e-02,  2.842859e-02,  5.266216e-02],
 [-1.752682e-01, -2.810336e-01,  1.064999e-01,  7.902821e-02,  1.535848e-01]]
energy_short: [-0.824069,  0.615457,  0.618545, -0.449137, -0.257362, -0.293904, -0.503982, -0.480914, -0.487128, -0.638988,  0.62243 ,  0.620756, -0.518576]
energy_long: [0.056218, 0.080472, 0.079883, 0.045447, 0.229164, 0.299818, 0.291853, 0.295964, 0.47539 , 0.103417, 0.080889, 0.082231, 0.058158]