step=1946430, graph_id=0, num_atoms=13
scalar_charges: [-1.077624,  2.374309,  2.376559, -1.079898, -1.073857, -1.075405, -1.078872, -1.078704, -1.079021, -1.080223,  2.387238,  2.382855, -1.080153]
spherical_charges_l0: [[ 0.050316],
 [ 0.001267],
 [ 0.005711],
 [-0.902365],
 [-0.06962 ],
 [-0.048318],
 [-0.048981],
 [-0.042598],
 [-0.048481],
 [-0.989977],
 [ 0.002311],
 [ 0.00401 ],
 [ 0.050654]]
spherical_charges_l1: [[-0.029071, -0.41905 , -0.207847],
 [ 0.007811, -0.027528, -0.008424],
 [-0.010733, -0.01855 , -0.013935],
 [ 0.11812 , -1.593029, -0.507399],
 [ 0.259605,  0.030837,  0.291277],
 [ 0.214499,  0.022049,  0.219244],
 [ 0.009749,  0.013314,  0.054589],
 [-0.074703,  0.021573,  0.197006],
 [ 0.03745 ,  0.080068,  0.235763],
 [-0.784973,  1.397434, -0.667608],
 [-0.003681,  0.030751, -0.015203],
 [-0.026097,  0.013452, -0.007477],
 [-0.250119,  0.354144, -0.216376]]
spherical_charges_l2: [[-1.804267e-01,  8.843653e-02, -1.356618e-01,  1.917375e-02,  6.260581e-02],
 [-2.027445e-02,  4.769824e-02, -3.226475e-02, -7.078520e-03,  3.702220e-02],
 [-3.816506e-02,  1.131167e-02, -4.023138e-02, -4.196637e-03,  1.915643e-02],
 [ 1.142872e+00,  7.471350e-02,  1.770448e+00,  6.215959e-01, -8.220927e-01],
 [ 5.920210e-03,  4.460917e-02, -6.585849e-02, -1.153980e-02,  2.313110e-02],
 [ 8.447088e-02,  3.886110e-02, -1.031916e-02, -1.076806e-01, -1.815816e-02],
 [ 1.087565e-01,  1.659584e-03,  3.228372e-03,  3.281280e-02,  5.003721e-02],
 [ 1.363058e-02,  7.320256e-02, -8.612887e-02,  7.417192e-02, -2.376682e-02],
 [ 3.488531e-02,  9.005684e-02,  2.026609e-02, -1.940693e-02,  3.228085e-02],
 [ 1.374411e+00,  1.052406e+00, -3.883966e-01, -8.511196e-01, -1.548072e+00],
 [-5.563590e-03, -4.821051e-02,  2.064569e-02,  3.531642e-02,  3.712627e-02],
 [-4.365720e-02, -2.871019e-02,  9.950396e-03,  1.653956e-02,  4.126413e-02],
 [-1.198753e-01, -1.912695e-01,  7.069510e-02,  5.046900e-02,  9.831292e-02]]
energy_short: [-0.890558,  0.690268,  0.691695, -0.521855, -0.267731, -0.306544, -0.5254  , -0.494364, -0.497716, -0.686637,  0.696893,  0.69483 , -0.608383]
energy_long: [0.057433, 0.083607, 0.081979, 0.043794, 0.214942, 0.27455 , 0.286002, 0.265428, 0.459438, 0.10792 , 0.083377, 0.084703, 0.06049 ]