step=3688605, graph_id=0, num_atoms=13
scalar_charges: [-0.912208,  2.107751,  2.10568 , -0.918053, -0.918406, -0.919037, -0.918662, -0.918972, -0.918967, -0.916572,  2.11251 ,  2.108706, -0.91692 ]
spherical_charges_l0: [[ 0.03867 ],
 [-0.001517],
 [ 0.001413],
 [-0.622097],
 [-0.050512],
 [-0.036059],
 [-0.033859],
 [-0.030622],
 [-0.03476 ],
 [-0.687599],
 [ 0.000733],
 [ 0.001493],
 [ 0.03909 ]]
spherical_charges_l1: [[-1.824385e-02, -2.915992e-01, -1.435599e-01],
 [ 3.820253e-03, -1.364690e-02, -4.013653e-03],
 [-5.359050e-03, -9.193244e-03, -6.875044e-03],
 [ 9.089911e-02, -1.097102e+00, -3.602924e-01],
 [ 1.860093e-01,  1.763839e-02,  2.074810e-01],
 [ 1.476381e-01,  1.968525e-02,  1.508200e-01],
 [ 5.770834e-03,  7.952973e-03,  3.449520e-02],
 [-5.167000e-02,  1.205981e-02,  1.357181e-01],
 [ 2.673223e-02,  5.761334e-02,  1.636175e-01],
 [-5.452030e-01,  9.752577e-01, -4.757512e-01],
 [-1.067589e-03,  1.675209e-02, -8.249244e-03],
 [-1.403778e-02,  6.724208e-03, -3.769871e-03],
 [-1.770700e-01,  2.495393e-01, -1.515312e-01]]
spherical_charges_l2: [[-1.228708e-01,  5.658003e-02, -9.019513e-02,  1.472939e-02,  3.884082e-02],
 [-1.386311e-02,  2.967608e-02, -1.818659e-02, -9.819873e-04,  2.131448e-02],
 [-2.416606e-02,  6.917066e-03, -2.331759e-02, -1.372372e-03,  1.153217e-02],
 [ 7.672701e-01,  6.407833e-02,  1.204855e+00,  4.423082e-01, -5.544795e-01],
 [ 4.344670e-03,  3.201967e-02, -4.808930e-02, -6.526418e-03,  1.622764e-02],
 [ 5.696016e-02,  2.690722e-02, -5.278310e-03, -7.329994e-02, -9.424742e-03],
 [ 7.413545e-02,  1.708576e-03,  1.617472e-03,  2.197630e-02,  3.369886e-02],
 [ 7.748990e-03,  4.962327e-02, -5.689824e-02,  5.068109e-02, -1.491953e-02],
 [ 2.290536e-02,  6.043540e-02,  1.221982e-02, -1.369916e-02,  2.159646e-02],
 [ 9.361285e-01,  7.078820e-01, -2.601267e-01, -5.828987e-01, -1.055185e+00],
 [-1.020001e-03, -3.325973e-02,  1.464918e-02,  2.134518e-02,  2.130681e-02],
 [-2.953174e-02, -1.868601e-02,  6.655021e-03,  7.191421e-03,  2.431883e-02],
 [-8.148748e-02, -1.286892e-01,  4.825840e-02,  3.171204e-02,  6.586214e-02]]
energy_short: [-0.915837,  0.680066,  0.679129, -0.547161, -0.225786, -0.269058, -0.494486, -0.458132, -0.458562, -0.677356,  0.682379,  0.680589, -0.654591]
energy_long: [0.058242, 0.092411, 0.090738, 0.042797, 0.214541, 0.290282, 0.288572, 0.275205, 0.474697, 0.100994, 0.092576, 0.094204, 0.061046]