step=2659320, graph_id=0, num_atoms=13
scalar_charges: [-0.945246,  2.188133,  2.187648, -0.945335, -0.943078, -0.944371, -0.947217, -0.947141, -0.94715 , -0.946196,  2.195102,  2.192293, -0.946623]
spherical_charges_l0: [[ 0.043285],
 [-0.001159],
 [ 0.002   ],
 [-0.696901],
 [-0.055595],
 [-0.039158],
 [-0.038816],
 [-0.034007],
 [-0.03853 ],
 [-0.769438],
 [ 0.000879],
 [ 0.001805],
 [ 0.043911]]
spherical_charges_l1: [[-2.175577e-02, -3.285632e-01, -1.619619e-01],
 [ 4.784154e-03, -1.522810e-02, -3.982371e-03],
 [-6.100308e-03, -9.836227e-03, -7.341801e-03],
 [ 1.015172e-01, -1.241478e+00, -3.967353e-01],
 [ 2.081434e-01,  1.997363e-02,  2.348684e-01],
 [ 1.695344e-01,  2.273746e-02,  1.732241e-01],
 [ 6.785153e-03,  8.201457e-03,  3.874121e-02],
 [-5.988137e-02,  1.527007e-02,  1.561335e-01],
 [ 3.082393e-02,  6.543230e-02,  1.869180e-01],
 [-6.139868e-01,  1.099324e+00, -5.284001e-01],
 [-7.339252e-04,  1.822929e-02, -8.960370e-03],
 [-1.551838e-02,  7.029605e-03, -3.967806e-03],
 [-1.996014e-01,  2.811279e-01, -1.712968e-01]]
spherical_charges_l2: [[-1.379880e-01,  6.835916e-02, -1.022049e-01,  1.726973e-02,  4.651136e-02],
 [-1.331268e-02,  2.862677e-02, -2.283360e-02, -5.517914e-03,  2.403790e-02],
 [-2.355647e-02,  9.205534e-03, -2.490893e-02, -2.865743e-03,  1.388536e-02],
 [ 8.472909e-01,  7.279679e-02,  1.339775e+00,  4.737843e-01, -6.161987e-01],
 [ 2.648343e-03,  3.301704e-02, -5.291736e-02, -6.859653e-03,  1.534337e-02],
 [ 6.202550e-02,  2.866021e-02, -7.514016e-03, -8.070665e-02, -1.244693e-02],
 [ 8.035037e-02,  7.204388e-04,  2.732360e-03,  2.469776e-02,  3.747037e-02],
 [ 8.922419e-03,  5.394999e-02, -6.226339e-02,  5.497395e-02, -1.765947e-02],
 [ 2.525782e-02,  6.561404e-02,  1.384922e-02, -1.572903e-02,  2.261302e-02],
 [ 1.037933e+00,  7.864159e-01, -2.911522e-01, -6.393327e-01, -1.174973e+00],
 [-3.939787e-03, -3.143841e-02,  1.342037e-02,  2.333346e-02,  2.467070e-02],
 [-2.740722e-02, -1.843841e-02,  6.391517e-03,  1.132898e-02,  2.677241e-02],
 [-9.160153e-02, -1.465126e-01,  5.497542e-02,  3.592596e-02,  7.433641e-02]]
energy_short: [-0.938402,  0.691532,  0.691248, -0.533199, -0.23203 , -0.273201, -0.494915, -0.460043, -0.461601, -0.671554,  0.695687,  0.694069, -0.672536]
energy_long: [0.061247, 0.093758, 0.09167 , 0.041543, 0.215642, 0.288128, 0.289173, 0.275411, 0.468683, 0.105491, 0.094209, 0.095095, 0.064203]