step=2783475, graph_id=0, num_atoms=13
scalar_charges: [-0.923599,  2.137498,  2.136817, -0.931322, -0.929598, -0.93026 , -0.930535, -0.93068 , -0.930663, -0.930066,  2.144001,  2.141063, -0.929632]
spherical_charges_l0: [[ 4.312103e-02],
 [-5.074865e-04],
 [ 2.741107e-03],
 [-6.799889e-01],
 [-5.208499e-02],
 [-3.616516e-02],
 [-3.611514e-02],
 [-3.098576e-02],
 [-3.557085e-02],
 [-7.494107e-01],
 [ 1.950261e-03],
 [ 2.662567e-03],
 [ 4.368981e-02]]
spherical_charges_l1: [[-2.119101e-02, -3.177315e-01, -1.575029e-01],
 [ 4.057599e-03, -1.574628e-02, -4.808058e-03],
 [-6.003696e-03, -1.112876e-02, -7.958309e-03],
 [ 9.376200e-02, -1.202478e+00, -3.913592e-01],
 [ 1.973918e-01,  2.449540e-02,  2.242846e-01],
 [ 1.623326e-01,  1.600613e-02,  1.651589e-01],
 [ 6.254308e-03,  9.653630e-03,  3.931474e-02],
 [-5.668225e-02,  1.674878e-02,  1.473528e-01],
 [ 2.870088e-02,  6.059205e-02,  1.768405e-01],
 [-5.971568e-01,  1.061165e+00, -5.122931e-01],
 [-1.199513e-03,  1.907087e-02, -9.389644e-03],
 [-1.604117e-02,  7.779491e-03, -4.353854e-03],
 [-1.934831e-01,  2.728051e-01, -1.656115e-01]]
spherical_charges_l2: [[-1.361142e-01,  6.569228e-02, -1.001216e-01,  1.634833e-02,  4.405127e-02],
 [-1.417845e-02,  3.160761e-02, -2.066680e-02, -3.276871e-03,  2.470390e-02],
 [-2.587635e-02,  7.996452e-03, -2.657929e-02, -1.828385e-03,  1.320705e-02],
 [ 8.275141e-01,  6.412365e-02,  1.306161e+00,  4.774649e-01, -6.022513e-01],
 [ 1.660679e-03,  3.245969e-02, -5.327706e-02, -7.226841e-03,  1.413641e-02],
 [ 5.950475e-02,  2.838088e-02, -7.256061e-03, -7.888664e-02, -1.308059e-02],
 [ 7.838399e-02, -2.139119e-04,  2.484414e-03,  2.386847e-02,  3.576361e-02],
 [ 7.745591e-03,  5.216788e-02, -6.146836e-02,  5.328630e-02, -1.748723e-02],
 [ 2.366229e-02,  6.364444e-02,  1.422444e-02, -1.573888e-02,  2.227511e-02],
 [ 1.012224e+00,  7.666267e-01, -2.816283e-01, -6.334378e-01, -1.145492e+00],
 [-2.654938e-03, -3.368841e-02,  1.454328e-02,  2.429935e-02,  2.490416e-02],
 [-3.003687e-02, -1.927137e-02,  6.704981e-03,  1.007422e-02,  2.721336e-02],
 [-9.178510e-02, -1.457071e-01,  5.457577e-02,  3.455751e-02,  7.284611e-02]]
energy_short: [-0.933066,  0.68585 ,  0.685489, -0.537702, -0.226294, -0.269535, -0.494631, -0.45836 , -0.459145, -0.673795,  0.689846,  0.688098, -0.668505]
energy_long: [0.060831, 0.091286, 0.090296, 0.04043 , 0.214163, 0.291644, 0.297692, 0.284251, 0.468516, 0.099907, 0.091288, 0.093098, 0.063312]