step=3964950, graph_id=0, num_atoms=13
scalar_charges: [-0.915086,  2.123011,  2.12003 , -0.923064, -0.924083, -0.924432, -0.923303, -0.923647, -0.923644, -0.921128,  2.126586,  2.122682, -0.92087 ]
spherical_charges_l0: [[ 3.901271e-02],
 [-2.083018e-03],
 [ 1.090032e-03],
 [-6.158326e-01],
 [-5.051436e-02],
 [-3.619855e-02],
 [-3.387517e-02],
 [-3.066657e-02],
 [-3.477543e-02],
 [-6.813495e-01],
 [ 3.946708e-04],
 [ 1.185706e-03],
 [ 3.942432e-02]]
spherical_charges_l1: [[-1.816225e-02, -2.913111e-01, -1.434029e-01],
 [ 4.088924e-03, -1.372233e-02, -3.751097e-03],
 [-5.692201e-03, -9.260099e-03, -6.883118e-03],
 [ 9.153919e-02, -1.092947e+00, -3.587242e-01],
 [ 1.864907e-01,  1.820015e-02,  2.081705e-01],
 [ 1.477885e-01,  1.937833e-02,  1.508775e-01],
 [ 5.641735e-03,  8.015067e-03,  3.435212e-02],
 [-5.176371e-02,  1.215351e-02,  1.356539e-01],
 [ 2.670355e-02,  5.776908e-02,  1.636026e-01],
 [-5.440576e-01,  9.745063e-01, -4.754238e-01],
 [-8.869230e-04,  1.708847e-02, -8.406511e-03],
 [-1.447058e-02,  6.641998e-03, -3.742467e-03],
 [-1.766852e-01,  2.490314e-01, -1.509856e-01]]
spherical_charges_l2: [[-1.246622e-01,  5.666732e-02, -9.157950e-02,  1.497241e-02,  3.904121e-02],
 [-1.441378e-02,  2.968960e-02, -1.843397e-02, -7.333370e-04,  2.117320e-02],
 [-2.441620e-02,  7.052297e-03, -2.310288e-02, -9.891770e-04,  1.138149e-02],
 [ 7.589643e-01,  6.658342e-02,  1.196485e+00,  4.407390e-01, -5.493914e-01],
 [ 4.135699e-03,  3.229421e-02, -4.876575e-02, -6.232359e-03,  1.609552e-02],
 [ 5.720103e-02,  2.712267e-02, -4.996801e-03, -7.403357e-02, -9.087076e-03],
 [ 7.463916e-02,  1.607992e-03,  1.455492e-03,  2.202926e-02,  3.361068e-02],
 [ 7.491002e-03,  5.007717e-02, -5.703697e-02,  5.122752e-02, -1.485471e-02],
 [ 2.284497e-02,  6.076870e-02,  1.207069e-02, -1.404030e-02,  2.185145e-02],
 [ 9.297255e-01,  7.011825e-01, -2.573379e-01, -5.787590e-01, -1.047312e+00],
 [-8.651923e-04, -3.416814e-02,  1.511120e-02,  2.122641e-02,  2.115775e-02],
 [-3.007087e-02, -1.935862e-02,  6.985323e-03,  6.644560e-03,  2.417408e-02],
 [-8.248789e-02, -1.298353e-01,  4.871996e-02,  3.170484e-02,  6.646632e-02]]
energy_short: [-0.914429,  0.683689,  0.682406, -0.546611, -0.225357, -0.268662, -0.494426, -0.457906, -0.458226, -0.675503,  0.685401,  0.683647, -0.653628]
energy_long: [0.0545  , 0.088928, 0.08714 , 0.038761, 0.208189, 0.289069, 0.28405 , 0.269482, 0.471759, 0.09702 , 0.088925, 0.090509, 0.057415]