step=2775465, graph_id=0, num_atoms=13
scalar_charges: [-0.924206,  2.174963,  2.174896, -0.937109, -0.938317, -0.938563, -0.93679 , -0.937238, -0.937205, -0.934474,  2.180333,  2.177772, -0.933362]
spherical_charges_l0: [[ 4.323169e-02],
 [-6.272906e-04],
 [ 2.344636e-03],
 [-6.943862e-01],
 [-5.647146e-02],
 [-4.080017e-02],
 [-4.102390e-02],
 [-3.571710e-02],
 [-4.024818e-02],
 [-7.706994e-01],
 [ 1.053467e-03],
 [ 1.929868e-03],
 [ 4.385474e-02]]
spherical_charges_l1: [[-0.020768, -0.321603, -0.158389],
 [ 0.004092, -0.015545, -0.004681],
 [-0.005592, -0.01009 , -0.00739 ],
 [ 0.102434, -1.248219, -0.406284],
 [ 0.207255,  0.021949,  0.233585],
 [ 0.168374,  0.019445,  0.171005],
 [ 0.006752,  0.009054,  0.039938],
 [-0.059175,  0.015884,  0.153375],
 [ 0.03048 ,  0.063568,  0.184607],
 [-0.618159,  1.10713 , -0.536434],
 [-0.001561,  0.018354, -0.009051],
 [-0.015186,  0.007714, -0.004294],
 [-0.197177,  0.277857, -0.168968]]
spherical_charges_l2: [[-1.369836e-01,  6.621964e-02, -1.009852e-01,  1.631546e-02,  4.525416e-02],
 [-1.321412e-02,  3.051626e-02, -2.032532e-02, -3.389064e-03,  2.332437e-02],
 [-2.509703e-02,  7.033037e-03, -2.542794e-02, -2.427724e-03,  1.245584e-02],
 [ 8.511410e-01,  7.305960e-02,  1.332949e+00,  4.933129e-01, -6.072137e-01],
 [ 3.328342e-03,  3.592736e-02, -5.906436e-02, -7.663293e-03,  1.530741e-02],
 [ 6.328961e-02,  2.927259e-02, -9.059723e-03, -8.375675e-02, -1.298338e-02],
 [ 8.257163e-02,  4.763732e-04,  2.647602e-03,  2.497160e-02,  3.819801e-02],
 [ 9.090437e-03,  5.574867e-02, -6.439324e-02,  5.714715e-02, -1.875539e-02],
 [ 2.655739e-02,  6.821645e-02,  1.407389e-02, -1.679593e-02,  2.314611e-02],
 [ 1.047412e+00,  7.864324e-01, -2.856514e-01, -6.515146e-01, -1.173907e+00],
 [-1.719465e-03, -3.380357e-02,  1.468060e-02,  2.394333e-02,  2.405157e-02],
 [-3.039657e-02, -1.852182e-02,  6.341795e-03,  9.713838e-03,  2.705234e-02],
 [-9.275536e-02, -1.473271e-01,  5.502158e-02,  3.582856e-02,  7.401524e-02]]
energy_short: [-0.929178,  0.675833,  0.675797, -0.533569, -0.232051, -0.273861, -0.496819, -0.461746, -0.463372, -0.672499,  0.679395,  0.677742, -0.666179]
energy_long: [0.060716, 0.093553, 0.092009, 0.036434, 0.217202, 0.287008, 0.293009, 0.271955, 0.460029, 0.107248, 0.093841, 0.094957, 0.063349]