step=1185480, graph_id=0, num_atoms=13
scalar_charges: [-1.196721,  2.755922,  2.756419, -1.223105, -1.174617, -1.18596 , -1.222566, -1.218144, -1.219056, -1.228377,  2.757281,  2.756404, -1.228143]
spherical_charges_l0: [[ 0.078451],
 [ 0.007592],
 [ 0.01291 ],
 [-1.541771],
 [-0.130027],
 [-0.094288],
 [-0.084791],
 [-0.081367],
 [-0.093866],
 [-1.706207],
 [ 0.009397],
 [ 0.012712],
 [ 0.07528 ]]
spherical_charges_l1: [[-0.059456, -0.805461, -0.400093],
 [ 0.023568, -0.05858 , -0.012972],
 [-0.02952 , -0.031634, -0.028144],
 [ 0.217081, -2.99565 , -0.932093],
 [ 0.481423,  0.048166,  0.552701],
 [ 0.411383,  0.051432,  0.409956],
 [ 0.018731,  0.018224,  0.093805],
 [-0.151132,  0.040324,  0.380358],
 [ 0.078472,  0.155252,  0.453286],
 [-1.485827,  2.639525, -1.234255],
 [ 0.003708,  0.06685 , -0.03265 ],
 [-0.062034,  0.019244, -0.011521],
 [-0.487767,  0.682159, -0.417736]]
spherical_charges_l2: [[-2.973347e-01,  1.534208e-01, -2.368190e-01,  2.521421e-02,  1.227142e-01],
 [-4.754023e-02,  6.667900e-02, -5.961551e-02, -7.626047e-03,  5.344323e-02],
 [-6.336553e-02,  4.007872e-02, -6.208920e-02,  3.232238e-04,  3.850980e-02],
 [ 1.918316e+00,  1.557954e-01,  2.950353e+00,  1.073071e+00, -1.343855e+00],
 [ 1.282483e-02,  6.580900e-02, -1.039491e-01, -2.495582e-02,  3.976945e-02],
 [ 1.384053e-01,  6.825904e-02, -1.307850e-02, -1.657464e-01, -2.234618e-02],
 [ 1.893798e-01,  1.268600e-02,  3.710635e-03,  5.591427e-02,  9.101212e-02],
 [ 2.442154e-02,  1.253918e-01, -1.431836e-01,  1.244935e-01, -2.706375e-02],
 [ 5.759208e-02,  1.496337e-01,  3.236502e-02, -2.359862e-02,  6.099343e-02],
 [ 2.325000e+00,  1.763898e+00, -6.400608e-01, -1.428850e+00, -2.565672e+00],
 [-3.189196e-02, -8.673931e-02,  3.647489e-02,  5.182336e-02,  6.891703e-02],
 [-6.314433e-02, -6.460375e-02,  2.497038e-02,  3.373566e-02,  6.955944e-02],
 [-2.002653e-01, -3.132306e-01,  1.165397e-01,  9.113335e-02,  1.724144e-01]]
energy_short: [-0.832124,  0.614269,  0.617327, -0.444163, -0.25637 , -0.292551, -0.504778, -0.47883 , -0.484612, -0.63512 ,  0.619484,  0.618238, -0.524301]
energy_long: [0.045396, 0.069994, 0.069918, 0.043213, 0.23    , 0.291624, 0.296537, 0.248888, 0.478853, 0.106832, 0.070879, 0.07245 , 0.04849 ]