step=3576465, graph_id=0, num_atoms=13
scalar_charges: [-0.917416,  2.099955,  2.097592, -0.920488, -0.919126, -0.920082, -0.921072, -0.921201, -0.9212  , -0.919923,  2.104063,  2.100613, -0.920273]
spherical_charges_l0: [[ 0.040097],
 [-0.001823],
 [ 0.001205],
 [-0.621406],
 [-0.050569],
 [-0.036151],
 [-0.034151],
 [-0.030873],
 [-0.035011],
 [-0.686326],
 [ 0.00071 ],
 [ 0.001422],
 [ 0.040617]]
spherical_charges_l1: [[-1.846992e-02, -2.951825e-01, -1.451456e-01],
 [ 3.999338e-03, -1.405521e-02, -4.010368e-03],
 [-5.641558e-03, -9.627299e-03, -7.126130e-03],
 [ 9.041258e-02, -1.098332e+00, -3.604832e-01],
 [ 1.865170e-01,  1.933855e-02,  2.093080e-01],
 [ 1.492398e-01,  1.865559e-02,  1.522247e-01],
 [ 5.622721e-03,  8.016252e-03,  3.457703e-02],
 [-5.224046e-02,  1.291189e-02,  1.366551e-01],
 [ 2.685376e-02,  5.779865e-02,  1.644880e-01],
 [-5.458485e-01,  9.749595e-01, -4.754429e-01],
 [-9.483838e-04,  1.740148e-02, -8.563001e-03],
 [-1.466031e-02,  6.871055e-03, -3.862124e-03],
 [-1.789113e-01,  2.520723e-01, -1.530380e-01]]
spherical_charges_l2: [[-0.1265  ,  0.058806, -0.092532,  0.015384,  0.040029],
 [-0.014224,  0.029788, -0.018739, -0.001366,  0.021604],
 [-0.024715,  0.007312, -0.023945, -0.001382,  0.011762],
 [ 0.760226,  0.063709,  1.197234,  0.442081, -0.551003],
 [ 0.004107,  0.032181, -0.049288, -0.006681,  0.016274],
 [ 0.057328,  0.027133, -0.005763, -0.074693, -0.010038],
 [ 0.074764,  0.001295,  0.001513,  0.022108,  0.033554],
 [ 0.007573,  0.050308, -0.057592,  0.051321, -0.01543 ],
 [ 0.023067,  0.061215,  0.012449, -0.014308,  0.021751],
 [ 0.930317,  0.701991, -0.257136, -0.581088, -1.047468],
 [-0.001322, -0.033925,  0.014922,  0.021793,  0.021912],
 [-0.029942, -0.019252,  0.006883,  0.007488,  0.024847],
 [-0.083768, -0.132633,  0.049748,  0.0324  ,  0.067478]]
energy_short: [-0.923618,  0.674813,  0.67368 , -0.552206, -0.232085, -0.275493, -0.500736, -0.464441, -0.464685, -0.682622,  0.676831,  0.67518 , -0.662   ]
energy_long: [0.058341, 0.092126, 0.089832, 0.040273, 0.214645, 0.295561, 0.288579, 0.276691, 0.473338, 0.101023, 0.092035, 0.093419, 0.061362]