step=284355, graph_id=0, num_atoms=13
scalar_charges: [-3.178976,  7.609918,  7.60773 , -2.991519, -2.976829, -2.991236, -3.084615, -3.08302 , -3.090261, -3.099791,  7.620485,  7.614847, -3.068701]
spherical_charges_l0: [[ 0.053174],
 [ 0.037227],
 [ 0.026938],
 [-3.627053],
 [-0.274514],
 [-0.248613],
 [-0.169312],
 [-0.206789],
 [-0.220048],
 [-4.039444],
 [ 0.023282],
 [ 0.034968],
 [ 0.012233]]
spherical_charges_l1: [[-1.601236e-01, -1.904313e+00, -1.013358e+00],
 [-2.035377e-03, -2.081608e-01, -9.711024e-02],
 [-4.310719e-02, -1.371687e-01, -8.677768e-02],
 [ 2.374875e-01, -6.043433e+00, -1.800801e+00],
 [ 8.821521e-01,  2.097236e-02,  9.675483e-01],
 [ 7.631062e-01,  1.545193e-01,  7.469372e-01],
 [ 1.480305e-02,  2.661650e-02,  1.193160e-01],
 [-2.980248e-01,  5.043414e-02,  7.077041e-01],
 [ 1.493250e-01,  3.134906e-01,  8.281518e-01],
 [-2.975786e+00,  5.214202e+00, -2.279177e+00],
 [-6.251734e-02,  1.173427e-01, -5.969743e-02],
 [-1.209116e-01,  1.202893e-01, -6.310779e-02],
 [-1.150797e+00,  1.592796e+00, -1.010572e+00]]
spherical_charges_l2: [[-3.871611e-01,  2.329763e-01, -3.739184e-01, -4.520825e-02,  2.237703e-01],
 [-6.744583e-02,  1.937047e-02, -1.001859e-01, -3.389447e-02,  5.571041e-02],
 [-5.484552e-02,  5.081105e-02, -8.503918e-02, -1.377098e-02,  6.757758e-02],
 [ 3.761480e+00,  7.168818e-02,  5.155793e+00,  1.770741e+00, -2.409172e+00],
 [-1.295129e-02,  2.782916e-02, -1.607064e-02, -9.345011e-02,  5.527107e-03],
 [ 1.359761e-01,  6.301321e-02,  3.062959e-02, -6.126521e-02,  4.316432e-02],
 [ 2.531046e-01,  3.707884e-02, -2.921451e-03,  7.614327e-02,  1.066075e-01],
 [ 6.487415e-02,  1.237516e-01, -1.203456e-01,  1.473887e-01,  5.578708e-02],
 [ 8.286737e-02,  1.171677e-01,  1.569651e-02,  3.619063e-02,  8.756185e-02],
 [ 4.224144e+00,  3.395030e+00, -1.278489e+00, -2.471504e+00, -4.521598e+00],
 [-8.809369e-02, -7.492314e-02,  2.745524e-02,  4.512946e-02,  9.479727e-02],
 [-2.097908e-02, -8.661311e-02,  3.619734e-02,  6.798582e-02,  7.706120e-02],
 [-2.625953e-01, -3.522747e-01,  1.359849e-01,  1.848120e-01,  3.060525e-01]]
energy_short: [-0.727791,  0.371938,  0.365565, -0.249889, -0.188416, -0.217034, -0.410071, -0.40124 , -0.415219, -0.484868,  0.3826  ,  0.375549, -0.402256]
energy_long: [0.086368, 0.06733 , 0.069602, 0.08722 , 0.227296, 0.278273, 0.30224 , 0.246758, 0.505617, 0.093519, 0.069919, 0.072133, 0.088527]