step=1862325, graph_id=0, num_atoms=13
scalar_charges: [-1.067255,  2.404708,  2.406894, -1.073105, -1.069722, -1.071194, -1.072979, -1.07309 , -1.073259, -1.072235,  2.419448,  2.415556, -1.071804]
spherical_charges_l0: [[ 5.640952e-02],
 [ 9.062854e-04],
 [ 5.346810e-03],
 [-9.624932e-01],
 [-7.123331e-02],
 [-5.000829e-02],
 [-4.821747e-02],
 [-4.282755e-02],
 [-4.937928e-02],
 [-1.063864e+00],
 [ 2.731208e-03],
 [ 4.335323e-03],
 [ 5.794998e-02]]
spherical_charges_l1: [[-0.028979, -0.422884, -0.209906],
 [ 0.006755, -0.025619, -0.007774],
 [-0.009242, -0.017146, -0.012359],
 [ 0.121774, -1.656296, -0.526255],
 [ 0.272837,  0.033171,  0.30607 ],
 [ 0.225677,  0.02172 ,  0.228703],
 [ 0.010538,  0.01235 ,  0.05609 ],
 [-0.079895,  0.024013,  0.205811],
 [ 0.040653,  0.082867,  0.247664],
 [-0.821072,  1.457114, -0.694145],
 [-0.003852,  0.029596, -0.01464 ],
 [-0.024636,  0.012964, -0.007186],
 [-0.259186,  0.365846, -0.223234]]
spherical_charges_l2: [[-0.189866,  0.094266, -0.140778,  0.02523 ,  0.0671  ],
 [-0.018982,  0.042251, -0.030033, -0.006486,  0.034006],
 [-0.036271,  0.011109, -0.037897, -0.00331 ,  0.018593],
 [ 1.201414,  0.074855,  1.893142,  0.675583, -0.882762],
 [ 0.005648,  0.041743, -0.063877, -0.014359,  0.023405],
 [ 0.086505,  0.040825, -0.006705, -0.103864, -0.01515 ],
 [ 0.112266,  0.003885,  0.00347 ,  0.033565,  0.052561],
 [ 0.015674,  0.074691, -0.086642,  0.074464, -0.018595],
 [ 0.035012,  0.089511,  0.019782, -0.014866,  0.034538],
 [ 1.459173,  1.115806, -0.410511, -0.926367, -1.667659],
 [-0.004627, -0.048253,  0.020777,  0.034657,  0.036006],
 [-0.04324 , -0.028005,  0.009697,  0.015659,  0.040209],
 [-0.126126, -0.203296,  0.076959,  0.050565,  0.104285]]
energy_short: [-0.86823 ,  0.670409,  0.671557, -0.503631, -0.256454, -0.296952, -0.516321, -0.484737, -0.487947, -0.673279,  0.676345,  0.674917, -0.578354]
energy_long: [0.055508, 0.078907, 0.07774 , 0.043275, 0.219764, 0.293745, 0.291266, 0.276002, 0.464474, 0.107139, 0.078842, 0.081055, 0.058885]