step=2443050, graph_id=0, num_atoms=13
scalar_charges: [-0.984896,  2.275167,  2.274791, -0.987786, -0.986134, -0.987327, -0.989481, -0.989425, -0.989408, -0.988153,  2.282472,  2.279078, -0.988145]
spherical_charges_l0: [[ 4.977329e-02],
 [ 6.268318e-06],
 [ 3.594524e-03],
 [-7.575313e-01],
 [-5.830210e-02],
 [-4.249717e-02],
 [-4.207440e-02],
 [-3.692722e-02],
 [-4.168456e-02],
 [-8.378835e-01],
 [ 1.736772e-03],
 [ 2.500699e-03],
 [ 5.015447e-02]]
spherical_charges_l1: [[-2.451780e-02, -3.678517e-01, -1.807794e-01],
 [ 5.241232e-03, -1.596010e-02, -4.205580e-03],
 [-6.611367e-03, -1.050213e-02, -7.931978e-03],
 [ 1.017189e-01, -1.326855e+00, -4.286184e-01],
 [ 2.202471e-01,  2.065741e-02,  2.481745e-01],
 [ 1.800303e-01,  2.348027e-02,  1.846630e-01],
 [ 7.160581e-03,  9.422545e-03,  4.217880e-02],
 [-6.306598e-02,  1.629950e-02,  1.665278e-01],
 [ 3.208385e-02,  6.954847e-02,  1.985556e-01],
 [-6.619660e-01,  1.176550e+00, -5.665752e-01],
 [-1.203767e-03,  1.896529e-02, -9.337628e-03],
 [-1.616119e-02,  7.603927e-03, -4.271444e-03],
 [-2.217257e-01,  3.129166e-01, -1.895144e-01]]
spherical_charges_l2: [[-1.577767e-01,  7.814830e-02, -1.171318e-01,  1.960543e-02,  5.480157e-02],
 [-1.551985e-02,  3.116312e-02, -2.098721e-02, -3.116630e-03,  2.389122e-02],
 [-2.635322e-02,  8.234142e-03, -2.658863e-02, -1.231491e-03,  1.251839e-02],
 [ 9.429672e-01,  6.630593e-02,  1.456505e+00,  5.183716e-01, -6.694810e-01],
 [ 4.134850e-03,  3.699383e-02, -5.595053e-02, -9.379606e-03,  1.855486e-02],
 [ 6.713723e-02,  3.119245e-02, -8.798265e-03, -8.571209e-02, -1.345419e-02],
 [ 8.622941e-02,  1.634182e-03,  2.769868e-03,  2.630704e-02,  4.026796e-02],
 [ 1.028538e-02,  5.778868e-02, -6.739755e-02,  5.956347e-02, -1.798722e-02],
 [ 2.780873e-02,  7.100465e-02,  1.549513e-02, -1.617237e-02,  2.537111e-02],
 [ 1.138469e+00,  8.683501e-01, -3.188986e-01, -7.030911e-01, -1.276870e+00],
 [-2.464947e-03, -3.462609e-02,  1.501612e-02,  2.422298e-02,  2.476656e-02],
 [-3.090028e-02, -1.969689e-02,  6.856025e-03,  9.992926e-03,  2.765083e-02],
 [-1.054435e-01, -1.688897e-01,  6.418423e-02,  4.039849e-02,  8.603054e-02]]
energy_short: [-0.922819,  0.692469,  0.692348, -0.531065, -0.238847, -0.280524, -0.50358 , -0.468947, -0.470297, -0.675199,  0.696238,  0.694541, -0.654532]
energy_long: [0.058997, 0.089033, 0.088307, 0.031515, 0.216763, 0.287535, 0.290002, 0.279074, 0.446486, 0.09579 , 0.089744, 0.090642, 0.061247]