step=3472335, graph_id=0, num_atoms=13
scalar_charges: [-0.912598,  2.095464,  2.093795, -0.918067, -0.917498, -0.918171, -0.918326, -0.918507, -0.918503, -0.916993,  2.099931,  2.096556, -0.916678]
spherical_charges_l0: [[ 3.888126e-02],
 [-1.688525e-03],
 [ 1.392105e-03],
 [-6.266636e-01],
 [-5.075734e-02],
 [-3.659359e-02],
 [-3.478457e-02],
 [-3.116610e-02],
 [-3.513980e-02],
 [-6.937155e-01],
 [ 2.891860e-04],
 [ 1.199957e-03],
 [ 3.886387e-02]]
spherical_charges_l1: [[-1.816301e-02, -2.932732e-01, -1.442853e-01],
 [ 4.201311e-03, -1.376577e-02, -3.786126e-03],
 [-5.449506e-03, -8.810547e-03, -6.694622e-03],
 [ 9.095686e-02, -1.106441e+00, -3.622723e-01],
 [ 1.877476e-01,  1.828982e-02,  2.100974e-01],
 [ 1.498934e-01,  1.956474e-02,  1.534318e-01],
 [ 5.862498e-03,  8.348144e-03,  3.549638e-02],
 [-5.220362e-02,  1.265166e-02,  1.376717e-01],
 [ 2.680003e-02,  5.823421e-02,  1.655253e-01],
 [-5.520432e-01,  9.854634e-01, -4.798133e-01],
 [-9.826816e-04,  1.665798e-02, -8.199755e-03],
 [-1.389649e-02,  6.547357e-03, -3.677962e-03],
 [-1.775169e-01,  2.500804e-01, -1.517626e-01]]
spherical_charges_l2: [[-1.246704e-01,  5.838607e-02, -9.213212e-02,  1.422632e-02,  3.994701e-02],
 [-1.330679e-02,  2.935021e-02, -1.812391e-02, -1.505693e-03,  2.126274e-02],
 [-2.387836e-02,  6.894141e-03, -2.318657e-02, -1.466170e-03,  1.144414e-02],
 [ 7.662482e-01,  6.527135e-02,  1.216045e+00,  4.489352e-01, -5.626767e-01],
 [ 3.840527e-03,  3.262722e-02, -5.025383e-02, -7.004144e-03,  1.573060e-02],
 [ 5.775660e-02,  2.732027e-02, -5.883524e-03, -7.518652e-02, -9.848611e-03],
 [ 7.534958e-02,  1.144309e-03,  1.857752e-03,  2.248807e-02,  3.423627e-02],
 [ 7.861985e-03,  5.077380e-02, -5.782759e-02,  5.182898e-02, -1.543488e-02],
 [ 2.347071e-02,  6.162229e-02,  1.226022e-02, -1.436360e-02,  2.171952e-02],
 [ 9.426745e-01,  7.090833e-01, -2.608868e-01, -5.922941e-01, -1.069742e+00],
 [-1.044120e-03, -3.284781e-02,  1.443172e-02,  2.154582e-02,  2.147954e-02],
 [-2.912931e-02, -1.821768e-02,  6.431538e-03,  7.507000e-03,  2.434486e-02],
 [-8.279984e-02, -1.303239e-01,  4.857206e-02,  3.296977e-02,  6.719191e-02]]
energy_short: [-0.923939,  0.679948,  0.679144, -0.542115, -0.223131, -0.265815, -0.490841, -0.454742, -0.45551 , -0.673044,  0.682159,  0.680531, -0.66137 ]
energy_long: [0.057076, 0.090802, 0.088812, 0.039716, 0.208843, 0.288528, 0.286723, 0.271014, 0.466767, 0.100833, 0.090837, 0.092289, 0.05964 ]