step=3400245, graph_id=0, num_atoms=13
scalar_charges: [-0.907533,  2.082543,  2.080569, -0.914637, -0.911863, -0.91261 , -0.913686, -0.913622, -0.913615, -0.913785,  2.087265,  2.083852, -0.912111]
spherical_charges_l0: [[ 0.04076 ],
 [-0.000932],
 [ 0.001961],
 [-0.631693],
 [-0.050295],
 [-0.035886],
 [-0.034318],
 [-0.030615],
 [-0.034736],
 [-0.697149],
 [ 0.000875],
 [ 0.001706],
 [ 0.040914]]
spherical_charges_l1: [[-0.019054, -0.297984, -0.146541],
 [ 0.003679, -0.013567, -0.003977],
 [-0.005195, -0.009162, -0.006758],
 [ 0.09083 , -1.108022, -0.362932],
 [ 0.188447,  0.017809,  0.210712],
 [ 0.150024,  0.020169,  0.153442],
 [ 0.005749,  0.007851,  0.034679],
 [-0.052496,  0.012498,  0.138119],
 [ 0.027076,  0.058605,  0.166034],
 [-0.549924,  0.983047, -0.479006],
 [-0.001343,  0.016486, -0.008128],
 [-0.01369 ,  0.00682 , -0.003804],
 [-0.180299,  0.253798, -0.154365]]
spherical_charges_l2: [[-1.295571e-01,  6.029777e-02, -9.463629e-02,  1.660380e-02,  4.134262e-02],
 [-1.380521e-02,  3.030580e-02, -1.815324e-02, -1.018904e-03,  2.191881e-02],
 [-2.459546e-02,  6.637726e-03, -2.417679e-02, -1.569458e-03,  1.166379e-02],
 [ 7.753837e-01,  6.223001e-02,  1.217943e+00,  4.481212e-01, -5.602021e-01],
 [ 4.396114e-03,  3.277133e-02, -4.922928e-02, -6.719389e-03,  1.647511e-02],
 [ 5.796246e-02,  2.699550e-02, -5.580807e-03, -7.462442e-02, -9.228298e-03],
 [ 7.480845e-02,  1.347159e-03,  1.657186e-03,  2.204212e-02,  3.355389e-02],
 [ 8.212952e-03,  5.055510e-02, -5.733545e-02,  5.182219e-02, -1.520263e-02],
 [ 2.371716e-02,  6.127963e-02,  1.206896e-02, -1.419426e-02,  2.183839e-02],
 [ 9.463241e-01,  7.144026e-01, -2.612424e-01, -5.908724e-01, -1.065889e+00],
 [-6.769295e-04, -3.367276e-02,  1.484439e-02,  2.177938e-02,  2.151659e-02],
 [-3.002142e-02, -1.868008e-02,  6.607546e-03,  7.344499e-03,  2.473804e-02],
 [-8.542001e-02, -1.356767e-01,  5.122033e-02,  3.240950e-02,  6.879057e-02]]
energy_short: [-0.925785,  0.68591 ,  0.684958, -0.537859, -0.226198, -0.268996, -0.492786, -0.457881, -0.458886, -0.670281,  0.68827 ,  0.6866  , -0.663742]
energy_long: [0.05786 , 0.091824, 0.090636, 0.040378, 0.214619, 0.292125, 0.28957 , 0.274705, 0.472037, 0.100546, 0.092053, 0.093948, 0.060332]