step=1870335, graph_id=0, num_atoms=13
scalar_charges: [-1.080603,  2.445964,  2.448813, -1.073433, -1.062754, -1.066078, -1.075788, -1.075039, -1.075423, -1.078003,  2.45888 ,  2.45552 , -1.076063]
spherical_charges_l0: [[ 0.05358 ],
 [ 0.001174],
 [ 0.005895],
 [-0.921337],
 [-0.067278],
 [-0.048262],
 [-0.046778],
 [-0.042438],
 [-0.04853 ],
 [-1.018527],
 [ 0.002872],
 [ 0.00437 ],
 [ 0.053843]]
spherical_charges_l1: [[-3.045747e-02, -4.290476e-01, -2.129169e-01],
 [ 1.051631e-02, -2.768583e-02, -7.054629e-03],
 [-1.287736e-02, -1.574639e-02, -1.359153e-02],
 [ 1.219622e-01, -1.628483e+00, -5.199953e-01],
 [ 2.684145e-01,  2.963468e-02,  3.001817e-01],
 [ 2.198217e-01,  2.452692e-02,  2.244211e-01],
 [ 9.853025e-03,  1.213850e-02,  5.410768e-02],
 [-7.671255e-02,  2.058173e-02,  2.017224e-01],
 [ 3.879729e-02,  8.284312e-02,  2.408619e-01],
 [-7.997186e-01,  1.425892e+00, -6.824495e-01],
 [-8.112914e-04,  3.123512e-02, -1.534235e-02],
 [-2.753165e-02,  1.128479e-02, -6.461653e-03],
 [-2.622387e-01,  3.691266e-01, -2.258904e-01]]
spherical_charges_l2: [[-1.822402e-01,  9.085829e-02, -1.348691e-01,  2.208142e-02,  6.299879e-02],
 [-1.872818e-02,  4.309767e-02, -2.849719e-02, -5.583546e-03,  3.293214e-02],
 [-3.692024e-02,  1.025846e-02, -3.632322e-02, -1.420100e-03,  1.632432e-02],
 [ 1.162003e+00,  5.700507e-02,  1.788603e+00,  6.404496e-01, -8.413924e-01],
 [ 4.636476e-03,  4.292807e-02, -6.865035e-02, -1.339658e-02,  2.453098e-02],
 [ 8.474453e-02,  3.842242e-02, -1.089944e-02, -1.052802e-01, -1.688870e-02],
 [ 1.074874e-01,  4.369845e-03,  2.408287e-03,  3.170184e-02,  4.923178e-02],
 [ 1.507021e-02,  7.298933e-02, -8.464306e-02,  7.344846e-02, -2.170642e-02],
 [ 3.607117e-02,  8.887692e-02,  1.996372e-02, -1.852660e-02,  3.181211e-02],
 [ 1.396550e+00,  1.072952e+00, -3.936076e-01, -8.832104e-01, -1.576597e+00],
 [-3.356374e-03, -4.646041e-02,  2.015377e-02,  3.229592e-02,  3.306824e-02],
 [-4.236472e-02, -2.670034e-02,  9.266551e-03,  1.344810e-02,  3.766296e-02],
 [-1.200006e-01, -1.926602e-01,  7.259293e-02,  4.932447e-02,  9.901583e-02]]
energy_short: [-0.831034,  0.66731 ,  0.668811, -0.501342, -0.261827, -0.302469, -0.51999 , -0.490839, -0.493909, -0.667784,  0.673477,  0.671951, -0.541801]
energy_long: [0.057684, 0.083211, 0.082395, 0.042037, 0.208946, 0.299358, 0.27536 , 0.276354, 0.446313, 0.106136, 0.083571, 0.085359, 0.06078 ]