step=2238795, graph_id=0, num_atoms=13
scalar_charges: [-1.033785,  2.391452,  2.392461, -1.035241, -1.029495, -1.031136, -1.035181, -1.03497 , -1.035062, -1.036192,  2.40109 ,  2.397464, -1.036323]
spherical_charges_l0: [[ 0.044553],
 [-0.000955],
 [ 0.002207],
 [-0.79411 ],
 [-0.060069],
 [-0.042811],
 [-0.04391 ],
 [-0.03755 ],
 [-0.042613],
 [-0.875852],
 [ 0.001458],
 [ 0.002219],
 [ 0.045365]]
spherical_charges_l1: [[-0.023673, -0.365058, -0.179249],
 [ 0.003317, -0.016142, -0.005141],
 [-0.005063, -0.013289, -0.008279],
 [ 0.109957, -1.433006, -0.463249],
 [ 0.231485,  0.026002,  0.260881],
 [ 0.191052,  0.020799,  0.194512],
 [ 0.008485,  0.011477,  0.047935],
 [-0.067748,  0.020128,  0.175145],
 [ 0.033829,  0.071952,  0.209961],
 [-0.712592,  1.26305 , -0.606234],
 [-0.00222 ,  0.020573, -0.010159],
 [-0.017137,  0.00889 , -0.004934],
 [-0.22079 ,  0.311543, -0.188719]]
spherical_charges_l2: [[-0.157604,  0.076575, -0.11738 ,  0.019107,  0.052037],
 [-0.016235,  0.031667, -0.024737, -0.005179,  0.025157],
 [-0.027157,  0.010157, -0.027017, -0.001955,  0.014099],
 [ 1.030897,  0.066562,  1.57973 ,  0.560593, -0.726012],
 [ 0.002799,  0.036696, -0.059864, -0.011   ,  0.017522],
 [ 0.071121,  0.033782, -0.009605, -0.092281, -0.015635],
 [ 0.093435,  0.003186,  0.002155,  0.027554,  0.042932],
 [ 0.010762,  0.063233, -0.07333 ,  0.063452, -0.019341],
 [ 0.029136,  0.076992,  0.016824, -0.016545,  0.027466],
 [ 1.2313  ,  0.945107, -0.346908, -0.756844, -1.375922],
 [-0.006046, -0.034417,  0.014567,  0.025602,  0.028047],
 [-0.029894, -0.021435,  0.007574,  0.012917,  0.029758],
 [-0.105686, -0.168772,  0.063072,  0.0397  ,  0.083657]]
energy_short: [-0.894214,  0.687763,  0.688399, -0.543604, -0.254534, -0.294939, -0.514478, -0.481734, -0.48435 , -0.692629,  0.69292 ,  0.691066, -0.618105]
energy_long: [0.057848, 0.088181, 0.087175, 0.037789, 0.215026, 0.272693, 0.301297, 0.265007, 0.466533, 0.107957, 0.088258, 0.089579, 0.061302]