step=941175, graph_id=0, num_atoms=13
scalar_charges: [-1.611334,  3.323884,  3.343064, -1.575485, -1.492069, -1.513061, -1.594215, -1.58327 , -1.585199, -1.613456,  3.304085,  3.315543, -1.598878]
spherical_charges_l0: [[ 0.085644],
 [ 0.016134],
 [ 0.019574],
 [-1.735414],
 [-0.144899],
 [-0.116188],
 [-0.102159],
 [-0.097266],
 [-0.109864],
 [-1.949422],
 [ 0.022942],
 [ 0.024054],
 [ 0.081369]]
spherical_charges_l1: [[-6.326417e-02, -9.223244e-01, -4.683391e-01],
 [ 1.616703e-02, -7.638828e-02, -2.709227e-02],
 [-2.802294e-02, -4.724739e-02, -3.695189e-02],
 [ 1.679646e-01, -3.415210e+00, -1.026891e+00],
 [ 5.574388e-01,  5.712338e-02,  6.154339e-01],
 [ 4.696227e-01,  4.955573e-02,  4.809943e-01],
 [ 2.709515e-02,  3.314878e-02,  1.348118e-01],
 [-1.606430e-01,  4.576571e-02,  4.298165e-01],
 [ 7.759078e-02,  1.690304e-01,  5.059748e-01],
 [-1.701682e+00,  2.964661e+00, -1.343778e+00],
 [-2.235598e-03,  7.812746e-02, -3.840161e-02],
 [-7.276908e-02,  2.962861e-02, -1.699723e-02],
 [-5.692112e-01,  7.937248e-01, -4.979096e-01]]
spherical_charges_l2: [[-3.264519e-01,  1.671374e-01, -2.551037e-01,  2.869834e-02,  1.263770e-01],
 [-6.306478e-02,  7.311727e-02, -6.725229e-02, -3.138546e-03,  5.321227e-02],
 [-7.468623e-02,  5.269685e-02, -6.219353e-02,  1.056053e-02,  3.685504e-02],
 [ 2.068135e+00,  1.921525e-01,  3.161966e+00,  1.137340e+00, -1.416728e+00],
 [ 2.769105e-02,  8.968163e-02, -1.263582e-01, -3.255099e-02,  5.521093e-02],
 [ 1.572861e-01,  8.220017e-02, -2.268564e-02, -1.883789e-01, -2.374913e-02],
 [ 2.126860e-01,  1.248546e-02,  2.991402e-03,  6.110500e-02,  9.489497e-02],
 [ 2.903263e-02,  1.434721e-01, -1.564571e-01,  1.378480e-01, -3.094931e-02],
 [ 6.630199e-02,  1.701798e-01,  3.452520e-02, -2.711155e-02,  6.881744e-02],
 [ 2.522435e+00,  1.916632e+00, -7.090650e-01, -1.532362e+00, -2.773535e+00],
 [-4.425766e-02, -9.596861e-02,  4.042131e-02,  4.780147e-02,  7.281610e-02],
 [-6.481531e-02, -7.958840e-02,  3.210695e-02,  3.397017e-02,  7.142159e-02],
 [-2.241186e-01, -3.488064e-01,  1.303774e-01,  9.673227e-02,  1.874215e-01]]
energy_short: [-0.762409,  0.532514,  0.535351, -0.365852, -0.209296, -0.24804 , -0.462253, -0.43629 , -0.442253, -0.564345,  0.538517,  0.536496, -0.444449]
energy_long: [0.050855, 0.05925 , 0.058426, 0.063444, 0.21982 , 0.290406, 0.28308 , 0.25537 , 0.467091, 0.118059, 0.061263, 0.062298, 0.05244 ]