step=1121400, graph_id=0, num_atoms=13
scalar_charges: [-1.300164,  2.9488  ,  2.954122, -1.295638, -1.231339, -1.246738, -1.300697, -1.293395, -1.294799, -1.31606 ,  2.947984,  2.949163, -1.313565]
spherical_charges_l0: [[ 0.081407],
 [ 0.006301],
 [ 0.010011],
 [-1.617126],
 [-0.116799],
 [-0.086423],
 [-0.081422],
 [-0.072654],
 [-0.083708],
 [-1.79929 ],
 [ 0.009884],
 [ 0.012245],
 [ 0.07677 ]]
spherical_charges_l1: [[-4.692276e-02, -7.518982e-01, -3.728509e-01],
 [ 1.994166e-02, -5.460026e-02, -1.365401e-02],
 [-2.322031e-02, -2.971183e-02, -2.495691e-02],
 [ 1.544449e-01, -2.902062e+00, -9.314830e-01],
 [ 4.605279e-01,  5.533170e-02,  5.236067e-01],
 [ 3.976227e-01,  3.929379e-02,  3.965993e-01],
 [ 1.905711e-02,  2.156096e-02,  9.754956e-02],
 [-1.453255e-01,  4.474169e-02,  3.614701e-01],
 [ 7.248075e-02,  1.442936e-01,  4.307962e-01],
 [-1.461745e+00,  2.546220e+00, -1.192678e+00],
 [-1.459551e-03,  5.946328e-02, -2.921436e-02],
 [-5.382867e-02,  2.046771e-02, -1.185459e-02],
 [-4.548621e-01,  6.403165e-01, -3.945652e-01]]
spherical_charges_l2: [[-0.289964,  0.146942, -0.228402,  0.026145,  0.115975],
 [-0.034657,  0.047166, -0.046253, -0.009282,  0.040196],
 [-0.046445,  0.030037, -0.043926,  0.00324 ,  0.025578],
 [ 1.91042 ,  0.066547,  2.926571,  1.038604, -1.393597],
 [ 0.006451,  0.063047, -0.101785, -0.02132 ,  0.029593],
 [ 0.122598,  0.055322, -0.013949, -0.156104, -0.025175],
 [ 0.171674,  0.005353,  0.005824,  0.052469,  0.081458],
 [ 0.018217,  0.109262, -0.1294  ,  0.114445, -0.029345],
 [ 0.049955,  0.132188,  0.031229, -0.02711 ,  0.054388],
 [ 2.299531,  1.794189, -0.668591, -1.448357, -2.612934],
 [-0.022644, -0.066213,  0.028226,  0.035869,  0.048303],
 [-0.046924, -0.049309,  0.019337,  0.02263 ,  0.049573],
 [-0.194258, -0.305147,  0.114877,  0.080972,  0.164104]]
energy_short: [-0.78078 ,  0.601823,  0.605732, -0.376278, -0.223241, -0.260251, -0.473056, -0.448377, -0.454556, -0.573702,  0.609855,  0.608126, -0.467734]
energy_long: [0.043537, 0.063294, 0.062653, 0.028342, 0.2091  , 0.292799, 0.275778, 0.271251, 0.465059, 0.092968, 0.065069, 0.066301, 0.045995]