step=2431035, graph_id=0, num_atoms=13
scalar_charges: [-0.991153,  2.266654,  2.265791, -0.996137, -0.993056, -0.994113, -0.996185, -0.99617 , -0.996163, -0.996042,  2.274665,  2.271158, -0.995005]
spherical_charges_l0: [[ 0.044684],
 [-0.000977],
 [ 0.002575],
 [-0.733161],
 [-0.058422],
 [-0.042254],
 [-0.040773],
 [-0.036041],
 [-0.040698],
 [-0.807965],
 [ 0.000872],
 [ 0.001802],
 [ 0.044944]]
spherical_charges_l1: [[-2.314255e-02, -3.539008e-01, -1.747756e-01],
 [ 5.168252e-03, -1.636863e-02, -4.615282e-03],
 [-6.960958e-03, -1.060448e-02, -8.322866e-03],
 [ 1.086103e-01, -1.336583e+00, -4.297779e-01],
 [ 2.224970e-01,  2.420599e-02,  2.533624e-01],
 [ 1.844253e-01,  2.072895e-02,  1.862423e-01],
 [ 6.506345e-03,  9.649782e-03,  4.113584e-02],
 [-6.539755e-02,  1.796099e-02,  1.679370e-01],
 [ 3.368045e-02,  6.934292e-02,  2.007783e-01],
 [-6.592837e-01,  1.178453e+00, -5.654359e-01],
 [-1.255191e-03,  1.919878e-02, -9.455495e-03],
 [-1.645290e-02,  7.646754e-03, -4.304053e-03],
 [-2.139634e-01,  3.022253e-01, -1.835935e-01]]
spherical_charges_l2: [[-1.478143e-01,  7.158288e-02, -1.127702e-01,  1.422681e-02,  5.077318e-02],
 [-1.399421e-02,  3.243614e-02, -2.093587e-02, -4.155451e-03,  2.465376e-02],
 [-2.756549e-02,  7.381450e-03, -2.803911e-02, -2.071488e-03,  1.263780e-02],
 [ 9.214011e-01,  6.072626e-02,  1.427018e+00,  5.126643e-01, -6.622071e-01],
 [ 1.981237e-03,  3.482689e-02, -5.671624e-02, -8.899103e-03,  1.711638e-02],
 [ 6.640025e-02,  3.013433e-02, -8.405978e-03, -8.711348e-02, -1.393757e-02],
 [ 8.794209e-02,  1.029351e-03,  2.910555e-03,  2.670163e-02,  4.053230e-02],
 [ 8.940646e-03,  5.749881e-02, -6.742138e-02,  6.012709e-02, -1.903594e-02],
 [ 2.682059e-02,  6.998428e-02,  1.542543e-02, -1.724338e-02,  2.462887e-02],
 [ 1.108182e+00,  8.447078e-01, -3.116824e-01, -6.946929e-01, -1.252509e+00],
 [-1.584980e-03, -3.461663e-02,  1.499719e-02,  2.526568e-02,  2.518990e-02],
 [-3.188688e-02, -1.880575e-02,  6.336342e-03,  1.026453e-02,  2.841520e-02],
 [-1.000198e-01, -1.564727e-01,  5.775997e-02,  4.114532e-02,  8.150243e-02]]
energy_short: [-0.896961,  0.69509 ,  0.694661, -0.541178, -0.241224, -0.282372, -0.50423 , -0.470476, -0.472171, -0.684837,  0.699496,  0.697629, -0.628992]
energy_long: [0.057339, 0.086731, 0.085735, 0.039911, 0.213474, 0.28955 , 0.287628, 0.275724, 0.454082, 0.108169, 0.087265, 0.088143, 0.059523]