step=2831535, graph_id=0, num_atoms=13
scalar_charges: [-0.922022,  2.111233,  2.110844, -0.925892, -0.925171, -0.925984, -0.926868, -0.926996, -0.926993, -0.925237,  2.118039,  2.114904, -0.925877]
spherical_charges_l0: [[ 4.341172e-02],
 [-8.160318e-04],
 [ 2.339355e-03],
 [-6.851773e-01],
 [-5.182269e-02],
 [-3.687134e-02],
 [-3.646621e-02],
 [-3.206538e-02],
 [-3.624427e-02],
 [-7.563612e-01],
 [ 5.013049e-04],
 [ 1.477954e-03],
 [ 4.354166e-02]]
spherical_charges_l1: [[-2.124222e-02, -3.234796e-01, -1.598130e-01],
 [ 4.993632e-03, -1.569812e-02, -4.388014e-03],
 [-6.271350e-03, -9.458446e-03, -7.646293e-03],
 [ 9.410493e-02, -1.203697e+00, -3.902923e-01],
 [ 2.003126e-01,  2.092623e-02,  2.240890e-01],
 [ 1.613722e-01,  1.962750e-02,  1.648551e-01],
 [ 7.067554e-03,  8.724452e-03,  3.993276e-02],
 [-5.688209e-02,  1.530559e-02,  1.478664e-01],
 [ 2.914952e-02,  6.129329e-02,  1.785640e-01],
 [-6.022894e-01,  1.069130e+00, -5.162602e-01],
 [-9.595131e-04,  1.863076e-02, -9.167749e-03],
 [-1.559959e-02,  7.295664e-03, -4.104014e-03],
 [-1.964861e-01,  2.765074e-01, -1.676707e-01]]
spherical_charges_l2: [[-0.135572,  0.064454, -0.097299,  0.017993,  0.043196],
 [-0.013266,  0.031495, -0.020952, -0.0038  ,  0.024095],
 [-0.026023,  0.00725 , -0.026654, -0.002907,  0.012926],
 [ 0.841215,  0.058954,  1.320758,  0.479933, -0.61382 ],
 [ 0.001593,  0.032399, -0.053517, -0.006684,  0.014134],
 [ 0.059332,  0.027537, -0.008831, -0.079627, -0.011878],
 [ 0.079024,  0.00217 ,  0.001429,  0.023145,  0.035067],
 [ 0.00809 ,  0.053028, -0.059701,  0.054204, -0.017903],
 [ 0.024707,  0.064005,  0.012837, -0.016888,  0.021203],
 [ 1.022842,  0.776142, -0.28479 , -0.643284, -1.158134],
 [-0.001372, -0.035519,  0.01545 ,  0.025232,  0.02509 ],
 [-0.031921, -0.019141,  0.006513,  0.010154,  0.028351],
 [-0.090255, -0.144371,  0.054622,  0.032975,  0.071309]]
energy_short: [-0.938651,  0.674886,  0.674682, -0.546868, -0.231826, -0.274013, -0.496103, -0.462688, -0.46419 , -0.683018,  0.678152,  0.676681, -0.673787]
energy_long: [0.059532, 0.090466, 0.088283, 0.037843, 0.214551, 0.28682 , 0.297667, 0.276687, 0.464083, 0.099353, 0.091181, 0.092043, 0.062196]