step=869085, graph_id=0, num_atoms=13
scalar_charges: [-1.732063,  4.139088,  4.166873, -1.716677, -1.626807, -1.649043, -1.737894, -1.728919, -1.73111 , -1.751522,  4.128974,  4.142723, -1.731035]
spherical_charges_l0: [[ 0.074336],
 [ 0.006306],
 [ 0.015561],
 [-2.242779],
 [-0.159182],
 [-0.122567],
 [-0.114329],
 [-0.102711],
 [-0.116496],
 [-2.456404],
 [ 0.018212],
 [ 0.0203  ],
 [ 0.06504 ]]
spherical_charges_l1: [[-7.182387e-02, -9.364356e-01, -4.722693e-01],
 [ 3.049687e-02, -1.005491e-01, -2.998343e-02],
 [-4.141687e-02, -5.630520e-02, -4.702185e-02],
 [ 1.954917e-01, -3.990121e+00, -1.226658e+00],
 [ 5.818661e-01,  7.685845e-02,  6.567326e-01],
 [ 5.017578e-01,  4.491340e-02,  4.950625e-01],
 [ 2.647145e-02,  3.017582e-02,  1.325300e-01],
 [-1.872213e-01,  6.110035e-02,  4.540501e-01],
 [ 9.182007e-02,  1.794620e-01,  5.427623e-01],
 [-1.993895e+00,  3.460697e+00, -1.579784e+00],
 [-2.136696e-03,  9.310763e-02, -4.573940e-02],
 [-8.938821e-02,  3.618382e-02, -2.076600e-02],
 [-5.563481e-01,  7.806027e-01, -4.836147e-01]]
spherical_charges_l2: [[-3.433341e-01,  1.603424e-01, -2.797027e-01,  2.518875e-02,  1.390679e-01],
 [-5.900366e-02,  7.750120e-02, -7.362884e-02, -1.145737e-02,  6.215803e-02],
 [-7.538114e-02,  4.965671e-02, -7.305451e-02,  3.040782e-03,  4.325335e-02],
 [ 2.679447e+00,  1.556870e-01,  4.095046e+00,  1.437297e+00, -1.888543e+00],
 [ 1.970043e-02,  6.721384e-02, -9.623018e-02, -4.047987e-02,  4.662288e-02],
 [ 1.458949e-01,  8.688042e-02, -7.458293e-03, -1.694766e-01, -1.520059e-02],
 [ 2.226285e-01,  2.076009e-02,  5.659740e-03,  6.488698e-02,  1.043720e-01],
 [ 2.528074e-02,  1.445470e-01, -1.552038e-01,  1.406219e-01, -1.535352e-02],
 [ 6.138479e-02,  1.673877e-01,  3.179054e-02, -1.755700e-02,  7.582062e-02],
 [ 3.140718e+00,  2.430591e+00, -8.953950e-01, -1.928796e+00, -3.523477e+00],
 [-4.474669e-02, -9.899117e-02,  4.172130e-02,  5.001603e-02,  7.525808e-02],
 [-6.688071e-02, -8.125488e-02,  3.251796e-02,  3.797337e-02,  7.629920e-02],
 [-2.233544e-01, -3.443524e-01,  1.317831e-01,  9.423794e-02,  1.948388e-01]]
energy_short: [-0.75411 ,  0.517196,  0.520323, -0.39168 , -0.232346, -0.267453, -0.477333, -0.455799, -0.462942, -0.601659,  0.525913,  0.523012, -0.433804]
energy_long: [0.037817, 0.058919, 0.056894, 0.043036, 0.220818, 0.289842, 0.299065, 0.284268, 0.474568, 0.091277, 0.06041 , 0.060986, 0.041092]