step=1954440, graph_id=0, num_atoms=13
scalar_charges: [-1.006919,  2.310237,  2.311441, -1.014235, -1.012854, -1.013871, -1.014518, -1.014684, -1.014763, -1.01251 ,  2.320047,  2.316817, -1.011549]
spherical_charges_l0: [[ 4.758346e-02],
 [ 3.331401e-04],
 [ 3.835590e-03],
 [-8.620928e-01],
 [-6.299016e-02],
 [-4.367432e-02],
 [-4.400296e-02],
 [-3.825783e-02],
 [-4.410978e-02],
 [-9.651558e-01],
 [ 3.049801e-03],
 [ 4.074915e-03],
 [ 4.899912e-02]]
spherical_charges_l1: [[-0.028604, -0.39018 , -0.194114],
 [ 0.00746 , -0.022633, -0.006201],
 [-0.009246, -0.014326, -0.011143],
 [ 0.111585, -1.515243, -0.482705],
 [ 0.253335,  0.02452 ,  0.282735],
 [ 0.207572,  0.025661,  0.212312],
 [ 0.010442,  0.011473,  0.052933],
 [-0.072925,  0.019134,  0.192061],
 [ 0.037246,  0.07894 ,  0.230136],
 [-0.763127,  1.356331, -0.646693],
 [-0.001738,  0.027192, -0.013392],
 [-0.023203,  0.010612, -0.005986],
 [-0.236893,  0.3346  , -0.203492]]
spherical_charges_l2: [[-1.719733e-01,  8.107801e-02, -1.274879e-01,  2.136601e-02,  5.603072e-02],
 [-1.853444e-02,  4.031475e-02, -2.931244e-02, -6.628787e-03,  3.268505e-02],
 [-3.370718e-02,  1.259832e-02, -3.382856e-02, -1.515342e-03,  1.722209e-02],
 [ 1.082575e+00,  8.503188e-02,  1.701962e+00,  6.130443e-01, -7.778636e-01],
 [ 3.364698e-03,  4.203024e-02, -6.841251e-02, -9.546842e-03,  2.216095e-02],
 [ 8.195947e-02,  3.715119e-02, -1.190216e-02, -1.069148e-01, -1.976098e-02],
 [ 1.057987e-01,  3.231036e-03,  2.708548e-03,  3.145429e-02,  4.863462e-02],
 [ 1.277922e-02,  7.184561e-02, -8.380532e-02,  7.187864e-02, -2.399380e-02],
 [ 3.379154e-02,  8.806880e-02,  2.000213e-02, -1.994081e-02,  3.013232e-02],
 [ 1.340632e+00,  1.008802e+00, -3.663261e-01, -8.322480e-01, -1.505580e+00],
 [-6.341543e-03, -4.250192e-02,  1.813788e-02,  3.073183e-02,  3.319721e-02],
 [-3.784297e-02, -2.614137e-02,  9.199617e-03,  1.483931e-02,  3.628746e-02],
 [-1.138545e-01, -1.813243e-01,  6.781992e-02,  4.324060e-02,  9.054258e-02]]
energy_short: [-0.871005,  0.704276,  0.705326, -0.520894, -0.27556 , -0.315732, -0.533619, -0.502924, -0.505831, -0.680737,  0.711136,  0.709094, -0.586437]
energy_long: [0.05556 , 0.08183 , 0.080507, 0.037358, 0.213479, 0.294985, 0.287866, 0.275217, 0.453779, 0.107192, 0.081787, 0.083579, 0.058682]