step=3067830, graph_id=0, num_atoms=13
scalar_charges: [-0.90549 ,  2.084758,  2.08424 , -0.913064, -0.913143, -0.913664, -0.913179, -0.913449, -0.913443, -0.911468,  2.090572,  2.087322, -0.911085]
spherical_charges_l0: [[ 4.052554e-02],
 [-5.870434e-04],
 [ 2.386245e-03],
 [-6.572396e-01],
 [-5.089001e-02],
 [-3.602248e-02],
 [-3.504253e-02],
 [-3.101153e-02],
 [-3.523318e-02],
 [-7.265180e-01],
 [ 1.056604e-03],
 [ 1.964425e-03],
 [ 4.073272e-02]]
spherical_charges_l1: [[-2.004535e-02, -3.098632e-01, -1.525528e-01],
 [ 4.701801e-03, -1.495443e-02, -4.301795e-03],
 [-6.124856e-03, -9.409882e-03, -7.548403e-03],
 [ 9.692156e-02, -1.167227e+00, -3.774940e-01],
 [ 1.956472e-01,  1.823493e-02,  2.182355e-01],
 [ 1.564065e-01,  2.109030e-02,  1.601029e-01],
 [ 6.452413e-03,  8.480920e-03,  3.733627e-02],
 [-5.495174e-02,  1.347034e-02,  1.441487e-01],
 [ 2.817232e-02,  6.092750e-02,  1.733654e-01],
 [-5.781349e-01,  1.035537e+00, -5.006663e-01],
 [-6.589941e-04,  1.786231e-02, -8.780997e-03],
 [-1.512200e-02,  6.755427e-03, -3.823204e-03],
 [-1.889389e-01,  2.660877e-01, -1.610877e-01]]
spherical_charges_l2: [[-0.130255,  0.060329, -0.095525,  0.01605 ,  0.041584],
 [-0.013535,  0.029893, -0.018843, -0.002158,  0.022051],
 [-0.024312,  0.007582, -0.024235, -0.001848,  0.012086],
 [ 0.803191,  0.061755,  1.262071,  0.460359, -0.583073],
 [ 0.004187,  0.032762, -0.050221, -0.00686 ,  0.016591],
 [ 0.059379,  0.027585, -0.005736, -0.076191, -0.010321],
 [ 0.076712,  0.001931,  0.001941,  0.022796,  0.035018],
 [ 0.00855 ,  0.051563, -0.059253,  0.052807, -0.01527 ],
 [ 0.024243,  0.062849,  0.012899, -0.014032,  0.022577],
 [ 0.981738,  0.745327, -0.273879, -0.613117, -1.109349],
 [-0.002097, -0.032649,  0.014238,  0.02189 ,  0.02238 ],
 [-0.028685, -0.018641,  0.006575,  0.008832,  0.02529 ],
 [-0.086576, -0.137486,  0.051848,  0.032583,  0.069299]]
energy_short: [-0.94091 ,  0.67238 ,  0.672153, -0.542093, -0.231563, -0.273814, -0.4979  , -0.462552, -0.463473, -0.677856,  0.675148,  0.673634, -0.673705]
energy_long: [0.061493, 0.093575, 0.092288, 0.043821, 0.215908, 0.285702, 0.287614, 0.277181, 0.467084, 0.103124, 0.094093, 0.095561, 0.063764]