step=136170, graph_id=0, num_atoms=13
scalar_charges: [-2.126093,  4.06269 ,  4.04161 , -1.926197, -1.937601, -1.947511, -2.03066 , -2.02553 , -2.032668, -2.028381,  4.087435,  4.069214, -1.994448]
spherical_charges_l0: [[ 0.010197],
 [-0.008664],
 [-0.006567],
 [-3.970285],
 [-0.268398],
 [-0.248709],
 [-0.160876],
 [-0.202033],
 [-0.196334],
 [-4.337543],
 [-0.006105],
 [-0.005775],
 [-0.026426]]
spherical_charges_l1: [[-2.469391e-01, -2.250316e+00, -1.218378e+00],
 [ 5.438503e-03, -1.806224e-02, -3.307215e-03],
 [-2.891024e-03, -9.979033e-03, -4.181754e-03],
 [ 1.001352e-01, -4.980938e+00, -1.171751e+00],
 [ 6.948549e-01, -1.704651e-03,  7.293868e-01],
 [ 5.350528e-01,  1.753687e-01,  5.651372e-01],
 [ 1.143688e-02,  7.757850e-03,  6.371804e-02],
 [-1.854875e-01,  5.415994e-03,  5.053778e-01],
 [ 8.112110e-02,  2.628762e-01,  5.632175e-01],
 [-2.463599e+00,  4.323314e+00, -1.531376e+00],
 [-5.126584e-04,  1.671055e-02, -8.215755e-03],
 [-1.296580e-02,  5.681926e-03, -3.218968e-03],
 [-1.373695e+00,  1.852103e+00, -1.118743e+00]]
spherical_charges_l2: [[ 3.848933e-02,  3.067226e-02, -1.658249e-01, -1.939811e-01,  1.498553e-01],
 [ 8.831574e-03,  1.562312e-02, -3.060258e-02, -3.456654e-02,  3.442714e-02],
 [-2.843164e-03, -1.178528e-04, -4.242272e-02, -2.800126e-02,  2.764743e-02],
 [ 3.827450e+00,  2.544563e-01,  4.847776e+00,  1.601389e+00, -2.175787e+00],
 [-2.655321e-02, -1.115361e-01,  2.434404e-01, -1.040919e-01, -3.683674e-02],
 [ 1.932738e-02,  1.198506e-01,  8.218405e-02,  2.101365e-01,  1.412740e-01],
 [ 1.651333e-01,  2.157927e-01, -4.770266e-02,  2.783856e-02,  1.132005e-01],
 [ 1.231365e-01,  1.168053e-01,  2.068627e-02,  1.143607e-02,  2.201757e-01],
 [ 3.732584e-02,  2.044108e-02, -6.369637e-02,  2.036581e-01,  8.308975e-02],
 [ 4.114502e+00,  3.208012e+00, -1.244096e+00, -2.084148e+00, -4.144611e+00],
 [-3.073114e-04, -1.024349e-02,  2.243728e-03,  4.002166e-02,  3.644585e-02],
 [-1.815298e-02,  1.650162e-03, -4.091910e-03,  2.991553e-02,  3.713403e-02],
 [-4.236569e-02,  4.434018e-02, -3.542025e-02,  1.834604e-01,  1.769416e-01]]
energy_short: [-0.570106,  0.252234,  0.241263, -0.162313, -0.095439, -0.124103, -0.328628, -0.310479, -0.323949, -0.392721,  0.264736,  0.256034, -0.262538]
energy_long: [0.049261, 0.042963, 0.043459, 0.040821, 0.16977 , 0.213198, 0.250515, 0.186283, 0.447292, 0.036197, 0.046255, 0.043973, 0.065011]