step=2935665, graph_id=0, num_atoms=13
scalar_charges: [-0.920887,  2.103106,  2.103299, -0.92304 , -0.919625, -0.920822, -0.923321, -0.923203, -0.923209, -0.923338,  2.108783,  2.105718, -0.92337 ]
spherical_charges_l0: [[ 4.271257e-02],
 [-1.320727e-03],
 [ 1.686804e-03],
 [-6.592909e-01],
 [-5.182753e-02],
 [-3.762272e-02],
 [-3.560456e-02],
 [-3.235165e-02],
 [-3.648726e-02],
 [-7.296969e-01],
 [ 4.197632e-04],
 [ 1.390123e-03],
 [ 4.269427e-02]]
spherical_charges_l1: [[-0.020686, -0.311757, -0.153593],
 [ 0.003572, -0.014743, -0.004639],
 [-0.004965, -0.010657, -0.007387],
 [ 0.095973, -1.16721 , -0.377616],
 [ 0.197053,  0.019832,  0.221531],
 [ 0.159313,  0.020478,  0.162946],
 [ 0.005798,  0.008642,  0.036783],
 [-0.055361,  0.013172,  0.146713],
 [ 0.028202,  0.062199,  0.174896],
 [-0.578445,  1.035111, -0.499757],
 [-0.0018  ,  0.01759 , -0.008686],
 [-0.014534,  0.007756, -0.004293],
 [-0.189889,  0.266528, -0.162187]]
spherical_charges_l2: [[-1.350028e-01,  6.362876e-02, -9.824904e-02,  1.770990e-02,  4.270124e-02],
 [-1.339282e-02,  3.206641e-02, -2.047813e-02, -3.734339e-03,  2.423695e-02],
 [-2.594519e-02,  6.990863e-03, -2.638709e-02, -2.623539e-03,  1.265756e-02],
 [ 8.001487e-01,  6.206345e-02,  1.258985e+00,  4.539792e-01, -5.850194e-01],
 [ 4.075728e-03,  3.301252e-02, -5.133600e-02, -7.416471e-03,  1.685424e-02],
 [ 6.066462e-02,  2.799243e-02, -8.076636e-03, -7.730145e-02, -1.125119e-02],
 [ 7.684508e-02,  2.026182e-03,  1.543450e-03,  2.260238e-02,  3.456837e-02],
 [ 9.708534e-03,  5.234689e-02, -5.944074e-02,  5.273886e-02, -1.634142e-02],
 [ 2.520346e-02,  6.347712e-02,  1.305719e-02, -1.412056e-02,  2.189143e-02],
 [ 9.786298e-01,  7.421122e-01, -2.751503e-01, -6.107256e-01, -1.111277e+00],
 [-1.175938e-03, -3.420778e-02,  1.485884e-02,  2.475050e-02,  2.447871e-02],
 [-3.124949e-02, -1.844464e-02,  6.230405e-03,  9.940693e-03,  2.774293e-02],
 [-8.967036e-02, -1.430943e-01,  5.387822e-02,  3.272020e-02,  7.062639e-02]]
energy_short: [-0.934903,  0.685033,  0.68514 , -0.54212 , -0.231244, -0.274052, -0.497344, -0.462145, -0.463064, -0.67889 ,  0.688125,  0.686496, -0.667313]
energy_long: [0.060993, 0.092963, 0.091118, 0.04559 , 0.215804, 0.28777 , 0.294548, 0.275005, 0.464384, 0.105722, 0.093596, 0.094603, 0.063241]