step=3816765, graph_id=0, num_atoms=13
scalar_charges: [-0.907562,  2.117761,  2.115217, -0.917538, -0.919261, -0.919401, -0.917477, -0.917876, -0.91787 , -0.915114,  2.121666,  2.117925, -0.914338]
spherical_charges_l0: [[ 3.959324e-02],
 [-1.808901e-03],
 [ 1.178194e-03],
 [-6.166505e-01],
 [-5.021907e-02],
 [-3.603601e-02],
 [-3.388045e-02],
 [-3.063180e-02],
 [-3.470562e-02],
 [-6.825212e-01],
 [ 5.050447e-04],
 [ 1.276501e-03],
 [ 4.001459e-02]]
spherical_charges_l1: [[-1.814722e-02, -2.917967e-01, -1.436833e-01],
 [ 4.036562e-03, -1.375324e-02, -3.832847e-03],
 [-5.571029e-03, -9.161565e-03, -6.837355e-03],
 [ 9.153637e-02, -1.091629e+00, -3.573510e-01],
 [ 1.864815e-01,  1.777521e-02,  2.083172e-01],
 [ 1.480236e-01,  1.976582e-02,  1.510872e-01],
 [ 5.565463e-03,  7.834924e-03,  3.397113e-02],
 [-5.187783e-02,  1.201212e-02,  1.360638e-01],
 [ 2.681732e-02,  5.803579e-02,  1.639349e-01],
 [-5.436928e-01,  9.740834e-01, -4.748886e-01],
 [-9.614517e-04,  1.691722e-02, -8.325439e-03],
 [-1.426860e-02,  6.660606e-03, -3.745209e-03],
 [-1.770705e-01,  2.495035e-01, -1.514149e-01]]
spherical_charges_l2: [[-1.249265e-01,  5.719208e-02, -9.169595e-02,  1.521224e-02,  3.929758e-02],
 [-1.410137e-02,  2.976293e-02, -1.843228e-02, -9.458896e-04,  2.121819e-02],
 [-2.433652e-02,  6.955639e-03, -2.324717e-02, -1.301139e-03,  1.143966e-02],
 [ 7.568452e-01,  6.569929e-02,  1.193756e+00,  4.385828e-01, -5.493877e-01],
 [ 4.115469e-03,  3.249840e-02, -4.923839e-02, -6.178334e-03,  1.596988e-02],
 [ 5.718868e-02,  2.692722e-02, -5.504398e-03, -7.397220e-02, -8.979156e-03],
 [ 7.410854e-02,  1.469989e-03,  1.602514e-03,  2.194433e-02,  3.344774e-02],
 [ 7.671830e-03,  4.991316e-02, -5.661452e-02,  5.112873e-02, -1.505219e-02],
 [ 2.309196e-02,  6.059466e-02,  1.187922e-02, -1.423641e-02,  2.147513e-02],
 [ 9.279011e-01,  7.001328e-01, -2.572434e-01, -5.780104e-01, -1.046304e+00],
 [-9.288002e-04, -3.372420e-02,  1.487927e-02,  2.137424e-02,  2.130381e-02],
 [-2.985769e-02, -1.899854e-02,  6.801988e-03,  6.961976e-03,  2.431572e-02],
 [-8.263621e-02, -1.301946e-01,  4.888614e-02,  3.180553e-02,  6.668974e-02]]
energy_short: [-0.91769 ,  0.683534,  0.682359, -0.5496  , -0.227907, -0.271453, -0.497086, -0.460796, -0.461271, -0.679759,  0.685471,  0.683701, -0.656603]
energy_long: [0.056492, 0.090657, 0.088743, 0.040154, 0.212368, 0.290192, 0.287657, 0.27187 , 0.473008, 0.099606, 0.09069 , 0.092122, 0.05923 ]