step=568710, graph_id=0, num_atoms=13
scalar_charges: [-2.575691,  5.938862,  5.963364, -2.421914, -2.304314, -2.328622, -2.461909, -2.444517, -2.449479, -2.517873,  5.921   ,  5.939965, -2.480671]
spherical_charges_l0: [[ 0.077657],
 [ 0.006655],
 [ 0.02221 ],
 [-2.952405],
 [-0.18547 ],
 [-0.1423  ],
 [-0.110888],
 [-0.11256 ],
 [-0.135814],
 [-3.256337],
 [ 0.028356],
 [ 0.032488],
 [ 0.068563]]
spherical_charges_l1: [[-0.107031, -1.320915, -0.671413],
 [ 0.053972, -0.18868 , -0.059035],
 [-0.075297, -0.098863, -0.084474],
 [ 0.223876, -5.718384, -1.80877 ],
 [ 0.801108,  0.097409,  0.899908],
 [ 0.694555,  0.063902,  0.677695],
 [ 0.030409,  0.036712,  0.167431],
 [-0.259407,  0.082852,  0.621104],
 [ 0.127567,  0.245298,  0.736984],
 [-2.829528,  4.850856, -2.220084],
 [-0.016393,  0.140382, -0.069427],
 [-0.146406,  0.074815, -0.041656],
 [-0.805208,  1.125749, -0.70471 ]]
spherical_charges_l2: [[-4.401709e-01,  1.922058e-01, -3.684687e-01,  1.896382e-02,  1.766396e-01],
 [-6.776971e-02,  9.984825e-02, -8.312778e-02, -1.400297e-02,  7.945322e-02],
 [-1.083165e-01,  5.176513e-02, -9.800525e-02,  1.295250e-02,  4.686408e-02],
 [ 3.196316e+00,  7.242788e-02,  4.774054e+00,  1.715969e+00, -2.260286e+00],
 [ 2.297852e-04,  7.973238e-02, -1.668436e-01, -3.483615e-02,  1.287728e-02],
 [ 1.481674e-01,  7.252707e-02, -4.265374e-02, -2.069606e-01, -3.513128e-02],
 [ 2.547526e-01,  1.290656e-02,  8.929514e-04,  7.076616e-02,  1.067556e-01],
 [ 2.076710e-02,  1.507503e-01, -1.676592e-01,  1.591370e-01, -4.635531e-02],
 [ 6.897875e-02,  1.740931e-01,  3.518568e-02, -4.944475e-02,  6.302595e-02],
 [ 3.685006e+00,  2.907727e+00, -1.059796e+00, -2.338243e+00, -4.143052e+00],
 [-4.726962e-02, -1.363166e-01,  5.932908e-02,  5.661282e-02,  8.443404e-02],
 [-9.264393e-02, -1.046670e-01,  4.235053e-02,  3.560716e-02,  9.018651e-02],
 [-2.874497e-01, -4.249383e-01,  1.577224e-01,  1.363567e-01,  2.589266e-01]]
energy_short: [-0.785666,  0.46865 ,  0.466898, -0.358675, -0.228157, -0.259761, -0.4664  , -0.444526, -0.453216, -0.56874 ,  0.478936,  0.474304, -0.468276]
energy_long: [0.077563, 0.071678, 0.069339, 0.062332, 0.240483, 0.327567, 0.312852, 0.323995, 0.515674, 0.105696, 0.073459, 0.073623, 0.078975]