step=420525, graph_id=0, num_atoms=13
scalar_charges: [-3.044713,  7.170978,  7.178141, -2.872313, -2.756415, -2.779791, -2.9043  , -2.890757, -2.895414, -2.977375,  7.180173,  7.181851, -2.904115]
spherical_charges_l0: [[ 0.046219],
 [ 0.021868],
 [ 0.024401],
 [-3.829768],
 [-0.309775],
 [-0.258755],
 [-0.22223 ],
 [-0.221755],
 [-0.244047],
 [-4.209499],
 [ 0.03124 ],
 [ 0.036404],
 [ 0.0356  ]]
spherical_charges_l1: [[-0.095926, -1.439422, -0.747748],
 [-0.008185, -0.181586, -0.088978],
 [-0.021051, -0.145717, -0.081066],
 [ 0.266955, -6.796292, -2.068479],
 [ 1.041915,  0.102789,  1.154054],
 [ 0.890134,  0.099464,  0.870852],
 [ 0.03069 ,  0.050996,  0.202983],
 [-0.344397,  0.107601,  0.810264],
 [ 0.166021,  0.332349,  0.966271],
 [-3.322245,  5.756677, -2.547958],
 [-0.082418,  0.134532, -0.068808],
 [-0.112639,  0.129081, -0.067147],
 [-0.879204,  1.224066, -0.787344]]
spherical_charges_l2: [[-3.942410e-01,  1.830008e-01, -3.632649e-01, -2.326225e-02,  1.811816e-01],
 [-8.125155e-02,  6.100526e-02, -9.799501e-02, -1.594709e-02,  6.677031e-02],
 [-8.512620e-02,  6.630349e-02, -8.268579e-02,  7.845039e-03,  5.894092e-02],
 [ 4.409315e+00, -1.206986e-01,  6.017085e+00,  1.893471e+00, -2.882303e+00],
 [-1.506887e-03,  5.384396e-02, -1.029439e-01, -8.922710e-02,  2.551549e-02],
 [ 1.714070e-01,  1.151112e-01,  2.738733e-03, -1.575535e-01,  1.259474e-02],
 [ 3.451162e-01,  7.276566e-02, -4.126892e-03,  9.792220e-02,  1.554287e-01],
 [ 5.510570e-02,  1.952639e-01, -1.902606e-01,  1.971351e-01,  3.458747e-02],
 [ 9.062798e-02,  2.058229e-01,  2.889267e-02,  1.068556e-02,  1.134866e-01],
 [ 4.781611e+00,  4.072847e+00, -1.551358e+00, -2.850982e+00, -5.217453e+00],
 [-7.157920e-02, -1.234795e-01,  5.143185e-02,  5.659188e-02,  9.784234e-02],
 [-6.228244e-02, -1.097282e-01,  4.584030e-02,  5.094348e-02,  8.669748e-02],
 [-2.554791e-01, -3.597551e-01,  1.268593e-01,  1.669691e-01,  2.630708e-01]]
energy_short: [-0.760975,  0.430047,  0.426292, -0.381118, -0.207562, -0.240829, -0.448177, -0.427271, -0.436175, -0.598643,  0.438501,  0.433941, -0.444651]
energy_long: [0.074803, 0.068226, 0.068838, 0.063538, 0.20546 , 0.293499, 0.305407, 0.279745, 0.526064, 0.105808, 0.069674, 0.072163, 0.078932]