step=2098620, graph_id=0, num_atoms=13
scalar_charges: [-0.994837,  2.376238,  2.376706, -1.017625, -1.019183, -1.019444, -1.015524, -1.01655 , -1.016615, -1.012008,  2.385027,  2.38155 , -1.012684]
spherical_charges_l0: [[ 0.051313],
 [ 0.001248],
 [ 0.004558],
 [-0.817179],
 [-0.061026],
 [-0.043357],
 [-0.041782],
 [-0.037126],
 [-0.042417],
 [-0.896332],
 [ 0.001112],
 [ 0.002733],
 [ 0.051344]]
spherical_charges_l1: [[-0.027566, -0.387745, -0.190959],
 [ 0.007377, -0.021989, -0.005911],
 [-0.008525, -0.013706, -0.01053 ],
 [ 0.111756, -1.461774, -0.46825 ],
 [ 0.236922,  0.021896,  0.267822],
 [ 0.195301,  0.026653,  0.199123],
 [ 0.007968,  0.010016,  0.045032],
 [-0.068281,  0.01655 ,  0.180094],
 [ 0.034434,  0.075866,  0.213071],
 [-0.716854,  1.27943 , -0.615023],
 [-0.002691,  0.02523 , -0.012461],
 [-0.021085,  0.010541, -0.00588 ],
 [-0.239007,  0.335634, -0.203829]]
spherical_charges_l2: [[-0.167137,  0.085565, -0.125983,  0.018972,  0.059411],
 [-0.017558,  0.038547, -0.026404, -0.00476 ,  0.029069],
 [-0.032139,  0.010513, -0.032653, -0.003156,  0.015994],
 [ 1.036525,  0.082115,  1.625325,  0.58009 , -0.751743],
 [ 0.005974,  0.040664, -0.064434, -0.010711,  0.0205  ],
 [ 0.076204,  0.034827, -0.011536, -0.096691, -0.015532],
 [ 0.097347,  0.001994,  0.00309 ,  0.029403,  0.045189],
 [ 0.011968,  0.065128, -0.07544 ,  0.066286, -0.021328],
 [ 0.031685,  0.07952 ,  0.017304, -0.018113,  0.027437],
 [ 1.261587,  0.953324, -0.351576, -0.776857, -1.420007],
 [-0.00508 , -0.042091,  0.018099,  0.029432,  0.031294],
 [-0.037272, -0.024686,  0.008625,  0.013536,  0.034707],
 [-0.114487, -0.18271 ,  0.068451,  0.045849,  0.093189]]
energy_short: [-0.883673,  0.702692,  0.703311, -0.52248 , -0.252957, -0.292967, -0.512253, -0.480249, -0.483189, -0.676925,  0.707649,  0.705817, -0.604801]
energy_long: [0.053843, 0.081498, 0.080784, 0.039667, 0.22037 , 0.289075, 0.286135, 0.275698, 0.45789 , 0.100147, 0.08196 , 0.083151, 0.056238]