step=1425780, graph_id=0, num_atoms=13
scalar_charges: [-1.048809,  2.409212,  2.414087, -1.052789, -1.023035, -1.029634, -1.050609, -1.047747, -1.048237, -1.054648,  2.423268,  2.419553, -1.05411 ]
spherical_charges_l0: [[ 0.067431],
 [ 0.002664],
 [ 0.006401],
 [-1.281119],
 [-0.096285],
 [-0.071409],
 [-0.065781],
 [-0.060426],
 [-0.068374],
 [-1.409585],
 [ 0.0046  ],
 [ 0.007094],
 [ 0.066743]]
spherical_charges_l1: [[-0.045612, -0.591081, -0.29296 ],
 [ 0.013841, -0.042371, -0.011068],
 [-0.01715 , -0.02477 , -0.019087],
 [ 0.137291, -2.317201, -0.72719 ],
 [ 0.37242 ,  0.04251 ,  0.419396],
 [ 0.311848,  0.031005,  0.312196],
 [ 0.015959,  0.017487,  0.078506],
 [-0.11286 ,  0.034   ,  0.284368],
 [ 0.056706,  0.115055,  0.340662],
 [-1.140356,  2.016933, -0.940887],
 [-0.002865,  0.046704, -0.022995],
 [-0.041039,  0.017816, -0.010116],
 [-0.354366,  0.498787, -0.301732]]
spherical_charges_l2: [[-0.250099,  0.128134, -0.193623,  0.028066,  0.094551],
 [-0.02385 ,  0.049496, -0.039525, -0.010591,  0.0387  ],
 [-0.041223,  0.019943, -0.040441, -0.002617,  0.021649],
 [ 1.54149 ,  0.082071,  2.396709,  0.8518  , -1.131452],
 [ 0.007967,  0.053404, -0.080439, -0.018652,  0.027625],
 [ 0.109769,  0.054162, -0.010294, -0.131834, -0.022589],
 [ 0.146366,  0.008934,  0.003274,  0.043034,  0.070082],
 [ 0.019818,  0.095558, -0.114136,  0.093716, -0.023526],
 [ 0.042786,  0.11437 ,  0.028361, -0.018238,  0.045754],
 [ 1.860815,  1.421215, -0.53091 , -1.174044, -2.118865],
 [-0.013094, -0.05639 ,  0.02415 ,  0.034659,  0.041258],
 [-0.046038, -0.036783,  0.013516,  0.019529,  0.04567 ],
 [-0.164232, -0.263352,  0.099212,  0.070071,  0.140448]]
energy_short: [-0.83687 ,  0.639892,  0.642848, -0.48311 , -0.276369, -0.312515, -0.527635, -0.500294, -0.505285, -0.665392,  0.64758 ,  0.645667, -0.53803 ]
energy_long: [0.063547, 0.086104, 0.085618, 0.038957, 0.227078, 0.295445, 0.300528, 0.276892, 0.460761, 0.109191, 0.08696 , 0.088668, 0.066396]