step=3948930, graph_id=0, num_atoms=13
scalar_charges: [-0.91265 ,  2.119353,  2.116371, -0.922132, -0.923109, -0.923365, -0.922006, -0.922335, -0.92233 , -0.919948,  2.122725,  2.11892 , -0.919155]
spherical_charges_l0: [[ 3.911028e-02],
 [-1.996695e-03],
 [ 1.117940e-03],
 [-6.137081e-01],
 [-5.030055e-02],
 [-3.602541e-02],
 [-3.364453e-02],
 [-3.049883e-02],
 [-3.461430e-02],
 [-6.788464e-01],
 [ 4.238470e-04],
 [ 1.208626e-03],
 [ 3.945676e-02]]
spherical_charges_l1: [[-1.812833e-02, -2.907819e-01, -1.430473e-01],
 [ 4.080140e-03, -1.356694e-02, -3.682279e-03],
 [-5.618958e-03, -9.112582e-03, -6.784889e-03],
 [ 9.147282e-02, -1.088657e+00, -3.570829e-01],
 [ 1.862897e-01,  1.775200e-02,  2.079682e-01],
 [ 1.475276e-01,  1.975091e-02,  1.506596e-01],
 [ 5.636476e-03,  7.874956e-03,  3.411402e-02],
 [-5.168831e-02,  1.198900e-02,  1.355340e-01],
 [ 2.672144e-02,  5.776267e-02,  1.634151e-01],
 [-5.415881e-01,  9.705060e-01, -4.735655e-01],
 [-8.805195e-04,  1.687448e-02, -8.301375e-03],
 [-1.427247e-02,  6.554699e-03, -3.692992e-03],
 [-1.763156e-01,  2.484408e-01, -1.506200e-01]]
spherical_charges_l2: [[-1.247005e-01,  5.670999e-02, -9.162612e-02,  1.506068e-02,  3.907519e-02],
 [-1.434651e-02,  2.960200e-02, -1.839176e-02, -7.012284e-04,  2.113986e-02],
 [-2.428230e-02,  7.037283e-03, -2.302591e-02, -1.038471e-03,  1.139454e-02],
 [ 7.573211e-01,  6.553382e-02,  1.193323e+00,  4.384624e-01, -5.485225e-01],
 [ 4.038393e-03,  3.225623e-02, -4.874309e-02, -6.146985e-03,  1.605954e-02],
 [ 5.709348e-02,  2.693371e-02, -5.183223e-03, -7.379408e-02, -9.091196e-03],
 [ 7.423793e-02,  1.590546e-03,  1.477352e-03,  2.192079e-02,  3.346536e-02],
 [ 7.552669e-03,  4.982939e-02, -5.674537e-02,  5.099470e-02, -1.489392e-02],
 [ 2.285512e-02,  6.047910e-02,  1.201685e-02, -1.402983e-02,  2.164725e-02],
 [ 9.268537e-01,  7.000207e-01, -2.572678e-01, -5.764812e-01, -1.044403e+00],
 [-8.686111e-04, -3.395412e-02,  1.501297e-02,  2.113535e-02,  2.106786e-02],
 [-2.989931e-02, -1.924551e-02,  6.940681e-03,  6.659189e-03,  2.408300e-02],
 [-8.231753e-02, -1.296805e-01,  4.870830e-02,  3.153717e-02,  6.631354e-02]]
energy_short: [-0.915193,  0.683983,  0.682678, -0.546567, -0.225961, -0.269249, -0.494917, -0.458569, -0.458979, -0.676051,  0.685637,  0.683893, -0.654642]
energy_long: [0.054729, 0.089162, 0.087353, 0.038622, 0.208976, 0.289511, 0.284382, 0.270138, 0.472616, 0.097592, 0.089125, 0.090713, 0.05764 ]