step=1541925, graph_id=0, num_atoms=13
scalar_charges: [-1.010808,  2.393505,  2.399673, -1.031306, -1.026029, -1.029267, -1.035027, -1.035134, -1.035241, -1.024619,  2.410087,  2.406342, -1.028712]
spherical_charges_l0: [[ 0.064574],
 [ 0.00136 ],
 [ 0.005906],
 [-1.204655],
 [-0.093226],
 [-0.067568],
 [-0.064087],
 [-0.058871],
 [-0.066886],
 [-1.325509],
 [ 0.003594],
 [ 0.005695],
 [ 0.065265]]
spherical_charges_l1: [[-0.038309, -0.526302, -0.261983],
 [ 0.010855, -0.035102, -0.009405],
 [-0.015581, -0.022434, -0.017278],
 [ 0.111509, -2.092855, -0.665934],
 [ 0.324925,  0.039334,  0.359766],
 [ 0.269847,  0.028222,  0.275598],
 [ 0.016208,  0.017346,  0.07696 ],
 [-0.095534,  0.027362,  0.250585],
 [ 0.04638 ,  0.101279,  0.298508],
 [-1.037574,  1.817537, -0.850367],
 [-0.002385,  0.04112 , -0.020237],
 [-0.036333,  0.015436, -0.008788],
 [-0.322701,  0.455742, -0.277409]]
spherical_charges_l2: [[-0.221963,  0.11201 , -0.16841 ,  0.027618,  0.079524],
 [-0.0234  ,  0.04355 , -0.039612, -0.011984,  0.036477],
 [-0.037364,  0.020829, -0.039662, -0.005151,  0.023076],
 [ 1.446313,  0.087675,  2.274384,  0.807481, -1.075336],
 [ 0.010894,  0.056185, -0.075675, -0.015544,  0.035069],
 [ 0.107774,  0.051195, -0.010881, -0.130016, -0.021527],
 [ 0.135832,  0.006629,  0.004058,  0.040673,  0.064742],
 [ 0.019493,  0.090976, -0.108083,  0.089841, -0.026447],
 [ 0.042976,  0.111623,  0.026981, -0.019311,  0.041691],
 [ 1.754816,  1.331488, -0.497755, -1.113075, -2.016506],
 [-0.015626, -0.050851,  0.021137,  0.036702,  0.044272],
 [-0.04025 , -0.034967,  0.012764,  0.023268,  0.045588],
 [-0.146742, -0.238399,  0.090135,  0.060013,  0.122571]]
energy_short: [-0.850649,  0.644129,  0.647011, -0.483789, -0.269671, -0.30678 , -0.518684, -0.493167, -0.497902, -0.666436,  0.651634,  0.649991, -0.548705]
energy_long: [0.061611, 0.087375, 0.086428, 0.045515, 0.222219, 0.294199, 0.292724, 0.280189, 0.471586, 0.107316, 0.087446, 0.08962 , 0.064125]