step=1097370, graph_id=0, num_atoms=13
scalar_charges: [-1.135553,  3.122387,  3.131117, -1.365952, -1.370712, -1.376629, -1.357365, -1.367245, -1.365999, -1.300659,  3.124384,  3.12537 , -1.332078]
spherical_charges_l0: [[ 0.094847],
 [ 0.012282],
 [ 0.017507],
 [-1.78874 ],
 [-0.127893],
 [-0.098251],
 [-0.086751],
 [-0.082758],
 [-0.09444 ],
 [-1.977929],
 [ 0.01571 ],
 [ 0.018471],
 [ 0.096219]]
spherical_charges_l1: [[-5.784408e-02, -7.677464e-01, -3.893018e-01],
 [ 2.213111e-02, -6.083288e-02, -1.587310e-02],
 [-2.667415e-02, -3.123456e-02, -2.788442e-02],
 [ 1.635021e-01, -2.975940e+00, -9.448627e-01],
 [ 4.857776e-01,  5.973721e-02,  5.497791e-01],
 [ 4.119450e-01,  3.760096e-02,  4.092357e-01],
 [ 1.853429e-02,  2.188927e-02,  9.923319e-02],
 [-1.521541e-01,  4.905868e-02,  3.753165e-01],
 [ 7.667927e-02,  1.494080e-01,  4.513252e-01],
 [-1.486508e+00,  2.599942e+00, -1.215073e+00],
 [-1.821012e-03,  6.267729e-02, -3.080652e-02],
 [-5.719204e-02,  2.270694e-02, -1.307046e-02],
 [-4.656674e-01,  6.499972e-01, -4.070585e-01]]
spherical_charges_l2: [[-0.315885,  0.172265, -0.241822,  0.0337  ,  0.126267],
 [-0.043693,  0.058906, -0.047889, -0.004741,  0.045127],
 [-0.056749,  0.035428, -0.052447,  0.005817,  0.028545],
 [ 2.067803,  0.026422,  3.15173 ,  1.068093, -1.519852],
 [ 0.010436,  0.063152, -0.105412, -0.02884 ,  0.03386 ],
 [ 0.134054,  0.068104, -0.016248, -0.158628, -0.027207],
 [ 0.178239,  0.00699 ,  0.005221,  0.053059,  0.083628],
 [ 0.024354,  0.119543, -0.140936,  0.115067, -0.028583],
 [ 0.052733,  0.143388,  0.034036, -0.020581,  0.056708],
 [ 2.448299,  1.937279, -0.729355, -1.562508, -2.808825],
 [-0.025104, -0.078821,  0.034   ,  0.038871,  0.053018],
 [-0.056792, -0.058727,  0.023213,  0.023317,  0.056326],
 [-0.209603, -0.335348,  0.126114,  0.089528,  0.176198]]
energy_short: [-0.800158,  0.581128,  0.58468 , -0.404043, -0.245997, -0.282795, -0.497899, -0.472635, -0.477968, -0.605318,  0.58877 ,  0.586732, -0.484778]
energy_long: [0.045116, 0.066605, 0.066566, 0.031291, 0.196285, 0.271089, 0.263168, 0.259918, 0.453504, 0.098413, 0.067423, 0.069293, 0.047291]