step=1361700, graph_id=0, num_atoms=13
scalar_charges: [-1.04085 ,  2.357318,  2.361948, -1.076082, -1.052984, -1.059662, -1.076643, -1.075436, -1.075786, -1.069146,  2.366722,  2.364638, -1.07306 ]
spherical_charges_l0: [[ 0.068826],
 [ 0.004386],
 [ 0.008481],
 [-1.333008],
 [-0.098018],
 [-0.070543],
 [-0.066063],
 [-0.061348],
 [-0.070406],
 [-1.475701],
 [ 0.00577 ],
 [ 0.007771],
 [ 0.067004]]
spherical_charges_l1: [[-4.519711e-02, -5.869620e-01, -2.943648e-01],
 [ 1.603814e-02, -4.274495e-02, -1.026918e-02],
 [-1.886465e-02, -2.447207e-02, -2.002746e-02],
 [ 1.447824e-01, -2.374825e+00, -7.756036e-01],
 [ 3.700365e-01,  4.595026e-02,  4.186037e-01],
 [ 3.136776e-01,  2.970671e-02,  3.165436e-01],
 [ 1.549327e-02,  1.700629e-02,  7.868773e-02],
 [-1.124251e-01,  3.481433e-02,  2.883517e-01],
 [ 5.700643e-02,  1.136732e-01,  3.445506e-01],
 [-1.187989e+00,  2.074236e+00, -9.990043e-01],
 [-1.401093e-04,  4.824825e-02, -2.365831e-02],
 [-4.351226e-02,  1.611331e-02, -9.363690e-03],
 [-3.619631e-01,  5.070372e-01, -3.114978e-01]]
spherical_charges_l2: [[-2.428672e-01,  1.174742e-01, -1.798758e-01,  3.251827e-02,  8.389440e-02],
 [-3.181012e-02,  5.065564e-02, -4.644392e-02, -1.080614e-02,  4.187018e-02],
 [-4.381065e-02,  2.731162e-02, -4.414302e-02, -2.210221e-03,  2.613247e-02],
 [ 1.532198e+00,  1.032522e-01,  2.422988e+00,  8.980175e-01, -1.131831e+00],
 [ 9.420167e-03,  5.693939e-02, -9.002821e-02, -1.959544e-02,  3.072956e-02],
 [ 1.116728e-01,  5.511143e-02, -1.092143e-02, -1.413595e-01, -2.343646e-02],
 [ 1.490118e-01,  1.879159e-03,  4.468822e-03,  4.478733e-02,  6.869867e-02],
 [ 1.656588e-02,  1.005995e-01, -1.190407e-01,  9.946369e-02, -2.803801e-02],
 [ 4.456363e-02,  1.225949e-01,  2.815335e-02, -2.380203e-02,  4.645792e-02],
 [ 1.908124e+00,  1.428216e+00, -5.169307e-01, -1.212063e+00, -2.162405e+00],
 [-1.995441e-02, -6.149815e-02,  2.578526e-02,  4.025470e-02,  5.045041e-02],
 [-4.727884e-02, -4.306188e-02,  1.606886e-02,  2.567680e-02,  5.217260e-02],
 [-1.597016e-01, -2.571246e-01,  9.676460e-02,  6.103468e-02,  1.272583e-01]]
energy_short: [-0.839484,  0.629666,  0.633373, -0.463278, -0.262156, -0.300856, -0.5122  , -0.486919, -0.49224 , -0.651109,  0.636263,  0.634944, -0.533776]
energy_long: [0.053271, 0.07662 , 0.076258, 0.048383, 0.226995, 0.284719, 0.28233 , 0.283178, 0.465418, 0.111664, 0.076894, 0.078571, 0.056564]