step=216270, graph_id=0, num_atoms=13
scalar_charges: [-3.163108,  6.389318,  6.379004, -2.883231, -2.852955, -2.869045, -2.976974, -2.969508, -2.976677, -3.007047,  6.40554 ,  6.394799, -3.019039]
spherical_charges_l0: [[ 1.364484e-01],
 [-3.974280e-04],
 [ 7.204218e-03],
 [-4.289311e+00],
 [-2.737053e-01],
 [-2.544834e-01],
 [-1.450811e-01],
 [-1.969481e-01],
 [-2.006783e-01],
 [-4.636736e+00],
 [-9.485500e-03],
 [-2.708026e-03],
 [ 7.289802e-02]]
spherical_charges_l1: [[-2.083226e-01, -2.031699e+00, -1.091910e+00],
 [-3.144092e-02, -8.486909e-02, -5.720646e-02],
 [ 4.273628e-03, -6.984297e-02, -3.280088e-02],
 [ 8.618232e-02, -6.008685e+00, -1.676124e+00],
 [ 9.476027e-01,  1.945218e-02,  1.068484e+00],
 [ 8.080009e-01,  1.864006e-01,  8.024501e-01],
 [ 1.120352e-02,  1.711128e-02,  1.027209e-01],
 [-3.030751e-01,  3.616884e-02,  7.545580e-01],
 [ 1.542544e-01,  3.590444e-01,  8.784397e-01],
 [-2.940087e+00,  5.129329e+00, -2.052090e+00],
 [-2.405754e-02,  4.342427e-02, -2.212464e-02],
 [-3.837946e-02,  5.518651e-02, -2.837828e-02],
 [-1.265560e+00,  1.711393e+00, -1.063742e+00]]
spherical_charges_l2: [[-2.284032e-01,  2.391652e-01, -3.340299e-01, -1.475845e-01,  2.552824e-01],
 [-3.084682e-02,  3.166060e-03, -1.027156e-01, -5.204570e-02,  6.350195e-02],
 [-1.433408e-02,  4.042490e-02, -6.961305e-02, -3.560621e-02,  7.670721e-02],
 [ 4.532351e+00, -1.702482e-01,  5.726164e+00,  1.640091e+00, -2.702506e+00],
 [-1.727972e-02, -4.006971e-02,  9.052411e-02, -1.213447e-01, -7.865442e-03],
 [ 8.515170e-02,  9.833816e-02,  5.534619e-02,  7.575026e-02,  9.750465e-02],
 [ 1.914341e-01,  1.197170e-01, -1.886429e-02,  5.451609e-02,  1.110755e-01],
 [ 1.002072e-01,  1.211842e-01, -4.601898e-02,  7.492954e-02,  1.398182e-01],
 [ 6.807106e-02,  7.014920e-02, -2.722166e-02,  1.207068e-01,  7.444996e-02],
 [ 4.697932e+00,  4.116030e+00, -1.607266e+00, -2.499947e+00, -4.875438e+00],
 [-4.604535e-02, -4.640703e-02,  1.548712e-02,  5.891732e-02,  8.164224e-02],
 [-1.413731e-02, -4.411023e-02,  1.641744e-02,  6.182254e-02,  6.565540e-02],
 [-1.910973e-01, -2.293567e-01,  7.337108e-02,  2.534979e-01,  3.067147e-01]]
energy_short: [-0.804398,  0.361627,  0.354994, -0.209622, -0.130434, -0.16177 , -0.37101 , -0.353311, -0.365773, -0.448565,  0.371828,  0.364771, -0.470088]
energy_long: [0.064299, 0.050499, 0.049054, 0.076474, 0.210483, 0.262495, 0.27122 , 0.266322, 0.497214, 0.09173 , 0.052931, 0.051431, 0.070478]