step=156195, graph_id=0, num_atoms=13
scalar_charges: [-2.77806 ,  4.404819,  4.38062 , -2.524698, -2.528816, -2.543558, -2.644582, -2.636072, -2.64336 , -2.645254,  4.431172,  4.411221, -2.631619]
spherical_charges_l0: [[ 7.042658e-02],
 [ 7.147840e-04],
 [ 2.617569e-03],
 [-4.022741e+00],
 [-2.165460e-01],
 [-2.055656e-01],
 [-1.211053e-01],
 [-1.606124e-01],
 [-1.556484e-01],
 [-4.402015e+00],
 [-4.141517e-03],
 [-2.104840e-03],
 [ 2.154718e-02]]
spherical_charges_l1: [[-2.221987e-01, -1.961749e+00, -1.093514e+00],
 [-1.335765e-02, -1.443968e-02, -1.318616e-02],
 [ 8.292684e-03, -1.632536e-02, -3.402567e-03],
 [ 1.206096e-02, -5.333240e+00, -1.450013e+00],
 [ 6.968529e-01,  6.712580e-03,  7.524995e-01],
 [ 5.665048e-01,  1.561588e-01,  5.834721e-01],
 [ 6.650225e-03,  1.078009e-02,  6.440666e-02],
 [-2.048898e-01,  1.797343e-02,  5.301702e-01],
 [ 9.840888e-02,  2.634263e-01,  6.040431e-01],
 [-2.693465e+00,  4.629291e+00, -1.761100e+00],
 [-7.079922e-03,  1.142781e-02, -5.854970e-03],
 [-4.476271e-03,  1.431835e-02, -7.180608e-03],
 [-1.196929e+00,  1.604362e+00, -9.815910e-01]]
spherical_charges_l2: [[-1.374108e-03,  6.331276e-02, -1.516343e-01, -1.624319e-01,  1.410002e-01],
 [ 3.209178e-03,  1.875700e-02, -3.440003e-02, -2.966189e-02,  3.790667e-02],
 [-1.159035e-02,  1.647649e-03, -5.218301e-02, -2.697793e-02,  3.590811e-02],
 [ 3.729755e+00,  1.806872e-01,  4.707371e+00,  1.426226e+00, -2.185875e+00],
 [-1.855326e-02, -8.894828e-02,  2.122678e-01, -1.045153e-01, -1.820501e-02],
 [ 4.237954e-02,  1.072992e-01,  1.013564e-01,  1.565398e-01,  1.338634e-01],
 [ 1.954983e-01,  1.890211e-01, -4.389947e-02,  3.958637e-02,  1.167747e-01],
 [ 1.016346e-01,  1.178271e-01, -1.090490e-02,  4.746542e-02,  2.019531e-01],
 [ 4.039294e-02,  4.164768e-02, -4.919309e-02,  1.767522e-01,  9.931120e-02],
 [ 4.048953e+00,  3.282933e+00, -1.316251e+00, -1.997776e+00, -4.112842e+00],
 [-2.289102e-03, -2.572073e-02,  9.520023e-03,  4.207210e-02,  4.025141e-02],
 [-2.509104e-02, -8.111136e-03,  4.171324e-04,  2.739181e-02,  3.939220e-02],
 [-6.280760e-02, -8.911047e-03, -1.059041e-02,  1.681027e-01,  1.694882e-01]]
energy_short: [-0.667873,  0.335265,  0.324361, -0.182162, -0.124671, -0.159469, -0.372197, -0.348408, -0.359561, -0.420551,  0.347627,  0.338892, -0.354042]
energy_long: [0.075517, 0.049369, 0.050931, 0.076213, 0.18294 , 0.230892, 0.239772, 0.21467 , 0.445501, 0.067757, 0.053534, 0.051296, 0.08494 ]