step=2423025, graph_id=0, num_atoms=13
scalar_charges: [-0.991814,  2.297081,  2.296738, -0.996   , -0.991788, -0.993062, -0.995807, -0.995717, -0.995729, -0.996113,  2.306103,  2.302291, -0.996021]
spherical_charges_l0: [[ 0.047621],
 [-0.00125 ],
 [ 0.002125],
 [-0.735256],
 [-0.057075],
 [-0.041144],
 [-0.041824],
 [-0.036188],
 [-0.041051],
 [-0.819572],
 [ 0.000843],
 [ 0.001644],
 [ 0.048889]]
spherical_charges_l1: [[-2.427932e-02, -3.385825e-01, -1.680187e-01],
 [ 5.363027e-03, -1.740731e-02, -5.043636e-03],
 [-6.947849e-03, -1.080622e-02, -8.519272e-03],
 [ 9.380794e-02, -1.303643e+00, -4.175217e-01],
 [ 2.156944e-01,  2.211176e-02,  2.410975e-01],
 [ 1.756575e-01,  2.076898e-02,  1.794301e-01],
 [ 8.462238e-03,  1.029345e-02,  4.555718e-02],
 [-6.199196e-02,  1.739942e-02,  1.611078e-01],
 [ 3.166271e-02,  6.586582e-02,  1.944125e-01],
 [-6.537697e-01,  1.159939e+00, -5.534456e-01],
 [-1.195527e-03,  2.020922e-02, -9.948445e-03],
 [-1.704474e-02,  7.925428e-03, -4.460845e-03],
 [-2.085298e-01,  2.931333e-01, -1.778304e-01]]
spherical_charges_l2: [[-0.145468,  0.071968, -0.103465,  0.020912,  0.047604],
 [-0.015511,  0.031104, -0.021259, -0.002841,  0.023391],
 [-0.02647 ,  0.008969, -0.026009, -0.001419,  0.012725],
 [ 0.907914,  0.059104,  1.41801 ,  0.509131, -0.656456],
 [ 0.001828,  0.036048, -0.060331, -0.008632,  0.014452],
 [ 0.065681,  0.030334, -0.010545, -0.087623, -0.014159],
 [ 0.087612,  0.002155,  0.002909,  0.026589,  0.041527],
 [ 0.010199,  0.059256, -0.066873,  0.059479, -0.019641],
 [ 0.028267,  0.07165 ,  0.014052, -0.017108,  0.023465],
 [ 1.108861,  0.847761, -0.311805, -0.698443, -1.257271],
 [-0.0037  , -0.034814,  0.015065,  0.023551,  0.024886],
 [-0.030155, -0.020452,  0.007251,  0.01037 ,  0.027589],
 [-0.096238, -0.15557 ,  0.05865 ,  0.035494,  0.075531]]
energy_short: [-0.89979 ,  0.686436,  0.68626 , -0.520497, -0.22607 , -0.266814, -0.488778, -0.454739, -0.456804, -0.663906,  0.690871,  0.689024, -0.632159]
energy_long: [0.057313, 0.086955, 0.086838, 0.041144, 0.209395, 0.287651, 0.288923, 0.274108, 0.451726, 0.103186, 0.087819, 0.089206, 0.060221]