step=1161450, graph_id=0, num_atoms=13
scalar_charges: [-1.264311,  2.880242,  2.884197, -1.334342, -1.289511, -1.301635, -1.33493 , -1.331902, -1.332427, -1.330081,  2.88582 ,  2.884315, -1.332816]
spherical_charges_l0: [[ 0.077423],
 [ 0.007338],
 [ 0.011125],
 [-1.588629],
 [-0.117817],
 [-0.084709],
 [-0.080269],
 [-0.072739],
 [-0.08457 ],
 [-1.746063],
 [ 0.010508],
 [ 0.012907],
 [ 0.077744]]
spherical_charges_l1: [[-6.051773e-02, -7.423276e-01, -3.682427e-01],
 [ 2.333688e-02, -5.861642e-02, -1.360171e-02],
 [-2.716230e-02, -2.992570e-02, -2.668627e-02],
 [ 1.663314e-01, -2.856738e+00, -9.143695e-01],
 [ 4.662488e-01,  4.522093e-02,  5.279327e-01],
 [ 3.921771e-01,  5.202821e-02,  3.967205e-01],
 [ 1.595391e-02,  2.080989e-02,  8.993946e-02],
 [-1.396246e-01,  3.471886e-02,  3.643743e-01],
 [ 6.938705e-02,  1.529467e-01,  4.292332e-01],
 [-1.407877e+00,  2.470205e+00, -1.165874e+00],
 [-4.237174e-05,  6.043339e-02, -2.964035e-02],
 [-5.594214e-02,  1.962049e-02, -1.150914e-02],
 [-4.554293e-01,  6.356667e-01, -3.899481e-01]]
spherical_charges_l2: [[-3.031465e-01,  1.546459e-01, -2.398665e-01,  2.751051e-02,  1.213743e-01],
 [-3.888194e-02,  5.487463e-02, -5.345196e-02, -9.813234e-03,  4.464525e-02],
 [-5.339970e-02,  3.496399e-02, -5.035239e-02,  1.167691e-03,  3.076607e-02],
 [ 1.921732e+00,  7.613225e-02,  2.961886e+00,  1.052230e+00, -1.410583e+00],
 [ 1.773315e-02,  6.420425e-02, -9.306248e-02, -2.661045e-02,  3.742566e-02],
 [ 1.315481e-01,  6.793535e-02, -5.102919e-03, -1.545755e-01, -1.693567e-02],
 [ 1.789078e-01,  7.551095e-03,  5.131942e-03,  5.324975e-02,  8.347907e-02],
 [ 2.164449e-02,  1.199665e-01, -1.374327e-01,  1.194332e-01, -2.267788e-02],
 [ 5.448414e-02,  1.446817e-01,  3.039524e-02, -2.071562e-02,  6.306504e-02],
 [ 2.301395e+00,  1.778373e+00, -6.551224e-01, -1.454369e+00, -2.613120e+00],
 [-2.690158e-02, -7.163368e-02,  3.033380e-02,  3.922204e-02,  5.402011e-02],
 [-5.192991e-02, -5.424833e-02,  2.114015e-02,  2.670220e-02,  5.631401e-02],
 [-2.012971e-01, -3.170870e-01,  1.183555e-01,  9.521587e-02,  1.773993e-01]]
energy_short: [-0.82215 ,  0.607269,  0.610474, -0.406109, -0.228849, -0.266912, -0.481371, -0.453424, -0.457825, -0.596802,  0.614647,  0.612747, -0.507131]
energy_long: [0.045435, 0.068698, 0.067112, 0.04596 , 0.2209  , 0.293589, 0.288231, 0.274853, 0.472641, 0.104978, 0.069689, 0.070253, 0.048778]