step=1525905, graph_id=0, num_atoms=13
scalar_charges: [-1.088436,  2.453706,  2.459593, -1.101942, -1.081468, -1.086497, -1.100386, -1.098828, -1.099121, -1.101678,  2.470764,  2.467002, -1.100717]
spherical_charges_l0: [[ 0.06366 ],
 [ 0.004008],
 [ 0.007876],
 [-1.206664],
 [-0.086289],
 [-0.062728],
 [-0.058346],
 [-0.053241],
 [-0.061027],
 [-1.337991],
 [ 0.006056],
 [ 0.008006],
 [ 0.064364]]
spherical_charges_l1: [[-0.040108, -0.538223, -0.266149],
 [ 0.009579, -0.030594, -0.007546],
 [-0.013017, -0.020449, -0.014643],
 [ 0.141159, -2.062689, -0.653547],
 [ 0.32779 ,  0.039078,  0.363635],
 [ 0.271551,  0.027325,  0.276486],
 [ 0.013613,  0.015091,  0.070936],
 [-0.096652,  0.029007,  0.248764],
 [ 0.048011,  0.099379,  0.298219],
 [-1.031105,  1.821073, -0.861829],
 [-0.002607,  0.037203, -0.01832 ],
 [-0.032128,  0.013916, -0.007896],
 [-0.329838,  0.463437, -0.279824]]
spherical_charges_l2: [[-2.251488e-01,  1.002864e-01, -1.700804e-01,  2.763756e-02,  7.154768e-02],
 [-2.766117e-02,  4.518078e-02, -3.989552e-02, -7.067407e-03,  3.871541e-02],
 [-3.819770e-02,  2.213446e-02, -4.107427e-02, -3.584427e-03,  2.615710e-02],
 [ 1.431404e+00,  8.117915e-02,  2.252780e+00,  8.301699e-01, -1.063828e+00],
 [ 1.097650e-02,  5.712052e-02, -8.357659e-02, -1.991525e-02,  2.835011e-02],
 [ 1.037463e-01,  5.076047e-02, -1.339119e-02, -1.269869e-01, -1.936401e-02],
 [ 1.283786e-01,  3.682067e-04,  3.604177e-03,  3.847903e-02,  5.885173e-02],
 [ 1.718800e-02,  8.889658e-02, -1.035383e-01,  8.901362e-02, -2.560252e-02],
 [ 4.158837e-02,  1.087549e-01,  2.369240e-02, -2.068311e-02,  4.040620e-02],
 [ 1.762769e+00,  1.334346e+00, -4.867829e-01, -1.134988e+00, -2.004974e+00],
 [-1.845950e-02, -5.240384e-02,  2.179087e-02,  3.559065e-02,  4.500748e-02],
 [-4.048847e-02, -3.875971e-02,  1.457086e-02,  2.381542e-02,  4.642674e-02],
 [-1.491589e-01, -2.358319e-01,  8.795895e-02,  5.700782e-02,  1.184798e-01]]
energy_short: [-0.861428,  0.643282,  0.645567, -0.459904, -0.261437, -0.298158, -0.509337, -0.48492 , -0.49063 , -0.640795,  0.649846,  0.648409, -0.560213]
energy_long: [0.061752, 0.086489, 0.08453 , 0.055167, 0.219479, 0.296056, 0.300883, 0.283027, 0.45875 , 0.112698, 0.085817, 0.087269, 0.06484 ]