step=3444300, graph_id=0, num_atoms=13
scalar_charges: [-0.908401,  2.08861 ,  2.08709 , -0.911746, -0.908679, -0.909797, -0.911793, -0.911732, -0.911732, -0.911569,  2.093561,  2.090039, -0.911283]
spherical_charges_l0: [[ 0.03891 ],
 [-0.001079],
 [ 0.001944],
 [-0.625094],
 [-0.049974],
 [-0.035807],
 [-0.03365 ],
 [-0.030389],
 [-0.034481],
 [-0.690081],
 [ 0.000819],
 [ 0.001708],
 [ 0.039134]]
spherical_charges_l1: [[-0.018832, -0.292742, -0.144325],
 [ 0.003927, -0.013847, -0.004068],
 [-0.00539 , -0.009231, -0.006949],
 [ 0.092283, -1.096295, -0.358121],
 [ 0.187248,  0.017859,  0.209751],
 [ 0.14968 ,  0.020136,  0.153268],
 [ 0.005417,  0.008028,  0.034278],
 [-0.052127,  0.012151,  0.137724],
 [ 0.026622,  0.058854,  0.164841],
 [-0.543994,  0.974212, -0.474476],
 [-0.001223,  0.016801, -0.008279],
 [-0.014038,  0.006866, -0.00384 ],
 [-0.178241,  0.251129, -0.152123]]
spherical_charges_l2: [[-1.275826e-01,  5.729985e-02, -9.310244e-02,  1.629020e-02,  3.930633e-02],
 [-1.356362e-02,  2.971849e-02, -1.806793e-02, -1.293551e-03,  2.142012e-02],
 [-2.437245e-02,  6.665704e-03, -2.374215e-02, -1.551327e-03,  1.149190e-02],
 [ 7.658472e-01,  6.686246e-02,  1.211174e+00,  4.476486e-01, -5.608053e-01],
 [ 4.021396e-03,  3.210918e-02, -4.934901e-02, -6.886881e-03,  1.642064e-02],
 [ 5.763224e-02,  2.713625e-02, -5.529537e-03, -7.465518e-02, -1.038895e-02],
 [ 7.489514e-02,  8.307891e-04,  1.669824e-03,  2.223953e-02,  3.357172e-02],
 [ 7.570453e-03,  5.009425e-02, -5.809831e-02,  5.144951e-02, -1.562910e-02],
 [ 2.311291e-02,  6.130744e-02,  1.281070e-02, -1.430421e-02,  2.190014e-02],
 [ 9.394819e-01,  7.053695e-01, -2.591344e-01, -5.896816e-01, -1.062569e+00],
 [-7.341893e-04, -3.330042e-02,  1.468054e-02,  2.145048e-02,  2.123730e-02],
 [-2.965819e-02, -1.847157e-02,  6.535210e-03,  7.279541e-03,  2.445902e-02],
 [-8.421909e-02, -1.330075e-01,  5.016862e-02,  3.092489e-02,  6.678991e-02]]
energy_short: [-0.91343 ,  0.677474,  0.676787, -0.534609, -0.220565, -0.263775, -0.488555, -0.452761, -0.453183, -0.666256,  0.679804,  0.67818 , -0.650747]
energy_long: [0.05811 , 0.09219 , 0.090347, 0.040057, 0.210396, 0.292465, 0.288503, 0.274431, 0.470197, 0.099883, 0.092387, 0.093669, 0.060901]