step=3384225, graph_id=0, num_atoms=13
scalar_charges: [-0.913055,  2.113411,  2.111952, -0.921313, -0.921849, -0.922307, -0.92146 , -0.921768, -0.92176 , -0.919502,  2.119357,  2.115611, -0.91919 ]
spherical_charges_l0: [[ 0.039711],
 [-0.0013  ],
 [ 0.001614],
 [-0.622419],
 [-0.050448],
 [-0.036011],
 [-0.034211],
 [-0.030687],
 [-0.034836],
 [-0.688533],
 [ 0.000964],
 [ 0.001722],
 [ 0.039656]]
spherical_charges_l1: [[-0.018653, -0.296088, -0.145765],
 [ 0.003756, -0.014217, -0.004226],
 [-0.005178, -0.009785, -0.007013],
 [ 0.090421, -1.105719, -0.360417],
 [ 0.187925,  0.018101,  0.209931],
 [ 0.149726,  0.019978,  0.153449],
 [ 0.005768,  0.008037,  0.035054],
 [-0.052233,  0.012439,  0.137904],
 [ 0.026822,  0.058561,  0.165688],
 [-0.55025 ,  0.983529, -0.477527],
 [-0.001407,  0.017125, -0.008443],
 [-0.014243,  0.00714 , -0.00398 ],
 [-0.179416,  0.252707, -0.153341]]
spherical_charges_l2: [[-1.270505e-01,  5.917111e-02, -9.370059e-02,  1.541935e-02,  4.012499e-02],
 [-1.361448e-02,  2.952507e-02, -1.881397e-02, -1.761231e-03,  2.161694e-02],
 [-2.415416e-02,  6.770377e-03, -2.355525e-02, -1.613745e-03,  1.158355e-02],
 [ 7.622072e-01,  6.805840e-02,  1.208595e+00,  4.461060e-01, -5.559057e-01],
 [ 4.689596e-03,  3.258904e-02, -4.965956e-02, -7.198353e-03,  1.617840e-02],
 [ 5.780130e-02,  2.732081e-02, -6.277699e-03, -7.472065e-02, -1.040840e-02],
 [ 7.474685e-02,  1.081269e-03,  1.890645e-03,  2.227693e-02,  3.399435e-02],
 [ 8.046163e-03,  5.044217e-02, -5.786573e-02,  5.118177e-02, -1.569203e-02],
 [ 2.340065e-02,  6.142266e-02,  1.255711e-02, -1.409574e-02,  2.151628e-02],
 [ 9.384137e-01,  7.034937e-01, -2.578321e-01, -5.873022e-01, -1.061823e+00],
 [-1.072213e-03, -3.234092e-02,  1.417829e-02,  2.160672e-02,  2.152446e-02],
 [-2.893332e-02, -1.817380e-02,  6.410054e-03,  7.702574e-03,  2.440400e-02],
 [-8.424924e-02, -1.329987e-01,  4.975113e-02,  3.201257e-02,  6.729260e-02]]
energy_short: [-0.926318,  0.685683,  0.685065, -0.547932, -0.231482, -0.274641, -0.498988, -0.463474, -0.464187, -0.680206,  0.688362,  0.686714, -0.663639]
energy_long: [0.058091, 0.091373, 0.089476, 0.041612, 0.213355, 0.2889  , 0.290362, 0.274333, 0.467018, 0.103024, 0.091468, 0.092737, 0.060644]