step=3424275, graph_id=0, num_atoms=13
scalar_charges: [-2474373.  ,  -963928.8 , -1033410.8 , -3273173.  , -3028505.  , -2720701.5 , -1787716.  , -2208432.2 , -2436304.  , -2482604.  ,  -965779.1 , -1000718.75, -2065039.2 ]
spherical_charges_l0: [[-1.963513e+02],
 [-2.687439e+00],
 [-2.647593e+00],
 [-1.115386e+05],
 [-3.124438e+03],
 [-2.196550e+03],
 [-1.862990e+03],
 [-5.204255e+03],
 [ 5.928102e+02],
 [-1.058952e+05],
 [-4.248475e-01],
 [-9.331096e-01],
 [-9.139174e+02]]
spherical_charges_l1: [[-1.223454e+03, -8.398660e+02, -2.160561e+03],
 [-6.946371e+00,  2.104899e+00, -3.108619e+00],
 [ 2.012080e+00,  3.715341e+00,  1.916230e+00],
 [-9.092298e+03, -1.184938e+05, -4.360901e+04],
 [ 9.531146e+03, -6.001850e+03, -2.153937e+03],
 [-4.606000e+03,  4.322079e+03,  6.787721e+02],
 [-1.101662e+03, -2.407561e+03, -2.021541e+03],
 [-3.422457e+03, -2.901279e+03,  1.429508e+03],
 [ 1.105977e+03, -1.819618e+03, -4.950735e+02],
 [-2.879891e+04,  8.106349e+04, -3.033596e+04],
 [ 1.889798e+00, -1.649589e+00,  8.521220e-01],
 [ 1.650752e+00, -2.837610e+00,  1.528440e+00],
 [-2.061434e+03,  2.882622e+03, -2.502340e+03]]
spherical_charges_l2: [[ 6.689476e+02, -8.129642e+02,  2.927345e+03,  6.501862e+02, -1.462721e+03],
 [-8.510001e-01,  6.265538e-01, -2.085857e+00,  1.369234e-01,  5.186352e-01],
 [ 4.243560e-01,  5.560941e-01,  4.684247e-01, -8.371839e-01,  4.093611e-01],
 [ 2.435609e+04, -1.948750e+04, -1.894997e+05, -9.812388e+04,  7.380032e+04],
 [ 3.109771e+02,  1.106636e+04,  1.861708e+04,  8.489425e+03, -6.262674e+02],
 [ 6.041827e+03, -3.888600e+03, -4.589717e+02,  1.836414e+03, -1.669779e+03],
 [-7.075548e+03,  1.319517e+03, -8.051776e+02,  3.904665e+02, -3.288119e+03],
 [ 1.333078e+03, -3.830199e+03,  2.376881e+03, -7.928512e+03, -3.817345e+03],
 [ 6.086729e+01,  3.574335e+02, -6.025711e+03,  1.504921e+03, -8.929263e+03],
 [-2.493116e+04, -3.483462e+04,  5.119976e+04,  4.694211e+04,  1.689568e+05],
 [-6.251746e-01, -8.538782e-01,  3.789891e-01, -2.122646e-01,  2.827778e-01],
 [ 1.149679e-01, -6.949369e-01,  4.307923e-01, -1.922889e-01, -1.191845e-01],
 [-1.879377e+02,  2.567636e+02, -1.254975e+02, -1.719238e+03, -3.495869e+03]]
energy_short: [-0.248004, -0.576851, -0.586979,  0.163679,  0.309492,  0.312586,  0.204997,  0.166328,  0.133287,  0.024092, -0.567363, -0.575835,  0.048909]
energy_long: [ 0.038904,  0.27416 ,  0.274067, -0.079584,  0.058058,  0.086649,  0.057244,  0.074089,  0.060374, -0.069284,  0.274114,  0.274189,  0.036374]