step=3764700, graph_id=0, num_atoms=13
scalar_charges: [-2940872.8 ,  -966430.6 , -1060480.8 , -4013821.  , -3885456.5 , -3532967.  , -2244195.5 , -2827062.  , -3050257.5 , -3019284.  ,  -992231.75, -1033208.56, -2468619.  ]
spherical_charges_l0: [[-7.450034e+01],
 [-5.225227e+00],
 [-5.373204e+00],
 [-1.434779e+05],
 [-3.836308e+03],
 [-2.280713e+03],
 [-2.223255e+03],
 [-6.796824e+03],
 [ 7.936108e+02],
 [-1.379033e+05],
 [-1.390876e+00],
 [-2.250904e+00],
 [-1.132906e+03]]
spherical_charges_l1: [[-1.622935e+03, -1.236705e+03, -3.393785e+03],
 [-1.317098e+01,  2.721286e+00, -6.137341e+00],
 [ 6.499449e+00,  3.094687e+00,  3.838890e+00],
 [-7.922343e+03, -1.428848e+05, -5.040789e+04],
 [ 1.252735e+04, -8.516670e+03, -2.586891e+03],
 [-4.849249e+03,  5.235913e+03,  6.267554e+02],
 [-1.372720e+03, -2.903561e+03, -2.464003e+03],
 [-4.439214e+03, -4.065171e+03,  8.057924e+02],
 [ 1.403478e+03, -2.423570e+03, -6.057382e+02],
 [-3.104915e+04,  9.641915e+04, -3.366669e+04],
 [ 2.332489e+00, -3.376735e+00,  1.929529e+00],
 [ 3.458537e+00, -3.991332e+00,  2.349197e+00],
 [-2.723989e+03,  3.617369e+03, -3.959075e+03]]
spherical_charges_l2: [[ 9.461850e+02, -1.105250e+03,  3.918490e+03,  9.398190e+02, -2.049610e+03],
 [-1.575218e+00, -5.687922e-01, -3.655460e+00,  5.410871e-02,  4.624991e-02],
 [ 1.534757e+00,  2.214128e+00,  8.357751e-01, -1.799426e+00,  1.101667e+00],
 [ 3.210617e+04, -2.678433e+04, -2.290588e+05, -1.202409e+05,  8.914777e+04],
 [ 6.700402e+02,  1.420819e+04,  2.388336e+04,  9.875861e+03, -7.096651e+02],
 [ 7.363744e+03, -4.158308e+03, -7.551006e+02,  2.770976e+03, -1.909166e+03],
 [-8.693107e+03,  2.026325e+03, -8.340311e+02,  5.270885e+02, -3.926437e+03],
 [ 1.196263e+03, -4.506868e+03,  2.757739e+03, -1.040071e+04, -4.692013e+03],
 [ 4.073380e+02,  8.757733e+02, -7.643818e+03,  1.930414e+03, -1.093688e+04],
 [-3.117049e+04, -4.451555e+04,  6.215019e+04,  5.716184e+04,  2.087671e+05],
 [-6.765928e-01, -1.820020e+00,  6.751548e-01,  2.843814e-01,  5.637763e-01],
 [-8.228499e-03, -9.936938e-01,  4.211659e-01,  2.909914e-01,  2.587366e-01],
 [ 3.844228e+01,  6.345903e+02, -2.594532e+02, -2.305304e+03, -4.680830e+03]]
energy_short: [-0.254793, -0.559492, -0.570394,  0.15613 ,  0.293197,  0.295127,  0.190476,  0.149467,  0.118584,  0.015558, -0.550385, -0.559478,  0.042129]
energy_long: [ 0.040508,  0.27673 ,  0.276822, -0.081584,  0.059736,  0.087182,  0.058117,  0.076319,  0.062018, -0.070515,  0.276847,  0.277018,  0.038034]