step=1854315, graph_id=0, num_atoms=13
scalar_charges: [ -74427.305, -261596.56 , -264249.38 , -144386.48 , -122235.016, -111833.234,  -81440.26 ,  -96557.555, -106313.39 , -110887.89 , -261941.22 , -263265.7  ,  -60376.617]
spherical_charges_l0: [[-1.284783e+02],
 [-5.589824e-02],
 [-5.844156e-02],
 [-1.137707e+04],
 [-3.432807e+02],
 [-1.466430e+02],
 [-1.140184e+02],
 [-5.270914e+02],
 [ 5.340500e+01],
 [-1.043767e+04],
 [-3.677665e-02],
 [-3.760954e-02],
 [-1.191101e+02]]
spherical_charges_l1: [[-1.073313e+02, -7.261649e+01,  2.908062e+00],
 [-3.531845e-02,  6.786294e-02, -1.024282e-02],
 [ 4.626833e-02,  4.096852e-03,  1.912179e-02],
 [-2.767138e+03, -1.135801e+04, -5.256243e+03],
 [ 8.684100e+02, -4.838827e+02, -1.512702e+02],
 [-4.596028e+02, -4.473243e+01, -2.253737e+02],
 [-1.186949e+02, -1.583699e+02, -4.192687e+02],
 [-2.468480e+02,  1.392500e+01,  4.099955e+01],
 [ 6.198552e+01, -1.358831e+01, -8.399459e+01],
 [-3.068087e+03,  7.254807e+03, -2.553759e+03],
 [-1.556664e-03, -1.398002e-02,  5.873724e-03],
 [ 2.043818e-02,  2.452310e-02, -1.066466e-02],
 [-1.505023e+02,  1.782353e+02, -1.534876e+02]]
spherical_charges_l2: [[-4.876685e+01, -3.650105e+01,  3.375099e+02,  1.807875e+01, -1.861380e+02],
 [ 4.054382e-02, -5.811227e-03, -1.273027e-02, -3.729063e-02,  1.719926e-02],
 [ 1.679855e-02, -1.748390e-02, -2.275760e-02, -3.862715e-02,  6.154396e-03],
 [ 2.222330e+03, -2.911352e+03, -2.519043e+04, -1.257344e+04,  8.496786e+03],
 [ 1.265884e+02,  1.553367e+03,  2.036509e+03,  9.595195e+02,  4.271789e+01],
 [ 7.392367e+02, -4.672653e+02, -2.269772e+02,  2.277167e+02,  9.746990e+00],
 [-6.044564e+02,  3.474805e+02, -1.773980e+02,  7.027410e+01, -2.346223e+02],
 [ 5.627435e+01, -4.613192e+02,  3.132578e+02, -1.164835e+03, -3.647636e+02],
 [-2.084177e+01,  6.325616e+00, -7.228832e+02,  2.930063e+02, -1.071468e+03],
 [-3.114136e+03, -4.445469e+03,  6.255628e+03,  5.866146e+03,  2.057450e+04],
 [ 3.305802e-02,  2.807800e-02, -2.757942e-02,  2.226759e-02,  1.799740e-03],
 [-1.329007e-03,  4.942807e-02, -2.207213e-02,  9.745608e-03, -1.152960e-02],
 [-7.998824e+01, -7.822437e+01,  1.165309e+00, -1.136715e+02, -3.945144e+02]]
energy_short: [-0.049402, -0.902082, -0.906324,  0.311154,  0.390227,  0.391426,  0.277733,  0.239057,  0.203649,  0.168546, -0.889452, -0.896014,  0.257917]
energy_long: [ 0.069337,  0.282307,  0.282254, -0.049372,  0.083347,  0.112672,  0.09321 ,  0.108702,  0.087191, -0.057122,  0.282259,  0.282294,  0.070321]