step=688860, graph_id=0, num_atoms=13
scalar_charges: [-114.381676, -620.108   , -604.6606  , -124.79253 , -107.63637 ,  -97.45478 ,  -83.72274 ,  -87.688   ,  -88.79519 , -105.841896, -621.9178  , -609.0767  ,  -94.22605 ]
spherical_charges_l0: [[-7.138624e+00],
 [-8.125511e-01],
 [-2.802345e-01],
 [-4.592358e+02],
 [-4.196939e+00],
 [ 2.459647e+00],
 [ 7.804819e-01],
 [-8.499762e+00],
 [ 2.384014e+00],
 [-3.738498e+02],
 [-3.628186e-01],
 [-2.509697e-01],
 [-4.405286e+00]]
spherical_charges_l1: [[ 4.203643e+00, -2.460977e+00, -1.284326e+00],
 [ 9.248695e-01,  1.320500e-02,  4.854021e-01],
 [-1.402337e+00,  3.541864e-01, -4.901001e-01],
 [-8.186954e+01, -3.336966e+02, -1.595834e+02],
 [ 1.631472e+01, -7.685538e+00,  7.290157e+00],
 [-7.148682e+00, -6.465685e+00, -8.143209e+00],
 [-2.103911e+00, -3.794004e+00, -6.549818e+00],
 [-4.253710e+00,  7.695807e+00, -4.601706e-01],
 [ 1.753231e+00, -5.127127e-01, -6.049651e-01],
 [-9.623131e+01,  1.846294e+02, -1.009254e+02],
 [ 9.003609e-01,  5.874860e-01, -2.872995e-01],
 [-9.622306e-01, -4.735870e-01,  1.578455e-01],
 [ 7.258347e-01, -1.142803e+00, -3.802899e+00]]
spherical_charges_l2: [[ 2.002484e+00,  2.453544e-01,  9.970537e+00, -6.408200e+00, -3.172153e-01],
 [ 5.242025e-01, -1.745368e-01,  2.780728e-01, -4.004305e-01, -2.205708e-01],
 [ 1.574972e-01, -3.793896e-01,  2.739918e-01, -2.956024e-02, -5.575045e-01],
 [ 9.059849e+01,  3.064679e+01, -8.155153e+02, -4.164815e+02,  3.225898e+02],
 [ 1.406123e+00,  3.466543e+01,  3.933469e+01,  6.563917e+00,  3.721834e+00],
 [ 3.389322e+01, -1.810861e+01, -6.905245e-01, -8.766698e+00, -2.452657e+00],
 [-8.703631e+00,  1.342384e+01, -5.464650e+00, -3.405250e-01, -9.622157e-02],
 [ 1.075846e+01, -1.214306e+00,  1.061022e+01, -2.145865e+01,  1.674818e+00],
 [-2.651939e+00, -1.745929e+00, -1.209546e+01,  5.740029e+00, -2.462412e+01],
 [-8.798841e+01, -8.299535e+01,  1.428415e+02,  2.361354e+02,  5.940120e+02],
 [ 3.585738e-01,  2.520091e-02,  8.825181e-03,  1.941538e-01, -1.942604e-02],
 [-1.649789e-01,  4.227105e-01, -1.853050e-01, -1.616924e-01, -7.352796e-02],
 [ 2.003586e+00,  4.197272e+00, -2.660016e+00,  2.266586e+00, -3.431262e+00]]
energy_short: [-0.253062, -0.13952 , -0.153494,  0.111984,  0.082278,  0.084057, -0.04309 , -0.070222, -0.094731, -0.119968, -0.129735, -0.142587,  0.141219]
energy_long: [ 0.064946,  0.059154,  0.060067,  0.013777,  0.081055,  0.120917,  0.094865,  0.103042,  0.079186, -0.015084,  0.065044,  0.063058,  0.067143]