step=1501875, graph_id=0, num_atoms=13
scalar_charges: [-26328.475, -34928.38 , -35190.58 , -31455.096, -27351.   , -27122.057, -26874.137, -26992.748, -27087.47 , -29174.496, -34998.242, -35081.844, -19943.86 ]
spherical_charges_l0: [[-1.502438e+02],
 [-5.091061e-02],
 [-7.447828e-02],
 [-8.107895e+03],
 [-1.985955e+02],
 [-5.426940e+01],
 [-2.484867e+01],
 [-1.829581e+02],
 [ 7.569253e+01],
 [-8.140524e+03],
 [-9.619126e-02],
 [-8.239206e-02],
 [-1.062370e+02]]
spherical_charges_l1: [[ 1.967761e+01, -5.431199e+01, -8.472044e+01],
 [-3.605796e-02, -5.767417e-03, -6.445215e-03],
 [ 2.702718e-02,  1.946987e-02,  3.041189e-02],
 [-1.152519e+03, -7.005506e+03, -2.745875e+03],
 [ 4.707865e+02, -2.816365e+02,  1.650722e+01],
 [-1.460475e+02, -7.846410e+01, -1.235058e+02],
 [-4.718460e+01, -8.476353e+01, -2.172591e+02],
 [-1.256009e+02,  3.342641e+01, -6.197529e+00],
 [ 3.713070e+01, -1.140004e+01, -2.403098e+01],
 [-2.482581e+03,  5.526678e+03, -2.397490e+03],
 [ 2.104777e-02,  1.990118e-03, -3.421899e-03],
 [-6.893004e-03,  7.965273e-03, -2.336586e-04],
 [-3.156997e+01,  5.951559e+01, -1.134861e+02]]
spherical_charges_l2: [[ 3.872318e-01, -1.329636e+01,  2.013705e+02, -1.527730e+01, -6.115400e+01],
 [-5.899676e-03, -8.767445e-03, -2.421862e-02,  2.695409e-02,  1.306013e-02],
 [ 1.746186e-02, -1.263816e-02,  4.803122e-02,  3.317564e-02, -2.795125e-03],
 [ 8.222215e+02, -9.883109e+02, -1.502790e+04, -6.797343e+03,  6.305350e+03],
 [-3.510728e+01,  7.723517e+02,  8.677811e+02,  5.487214e+02,  9.921869e+01],
 [ 3.951159e+02, -4.397874e+02, -1.337921e+02, -7.862951e+01, -2.316917e+01],
 [-2.698039e+02,  1.236235e+02, -6.130968e+01,  4.616344e+01, -1.032527e+02],
 [ 1.139312e+02, -2.451886e+02,  1.865912e+02, -4.536794e+02, -5.576324e+01],
 [-3.820116e+01, -2.528560e+01, -2.484183e+02,  1.762500e+02, -4.098857e+02],
 [-2.271377e+03, -2.853200e+03,  3.996719e+03,  4.225729e+03,  1.431123e+04],
 [-2.123305e-02, -1.156416e-02, -6.235348e-03,  1.118305e-02,  3.434935e-02],
 [-9.912412e-03,  8.376906e-03,  3.603071e-03,  1.848461e-02,  1.804603e-02],
 [-2.021565e+01, -3.476846e+00,  1.708918e+01, -4.490301e+01, -1.290913e+02]]
energy_short: [-0.13739 , -0.814608, -0.822027,  0.32778 ,  0.316708,  0.347486,  0.260727,  0.208352,  0.155396,  0.130547, -0.803019, -0.810203,  0.202732]
energy_long: [ 0.076117,  0.255644,  0.255499, -0.01886 ,  0.09303 ,  0.122145,  0.10488 ,  0.126948,  0.092972, -0.024059,  0.255556,  0.255571,  0.076143]