step=2971710, graph_id=0, num_atoms=13
scalar_charges: [-2347164.2, -1083209.4, -1147129.4, -2962390. , -2484382. , -2186261.8, -1405006.8, -1714193.6, -2007437. , -2186723.2, -1085643.9, -1119834.8, -1909905.8]
spherical_charges_l0: [[-5.201357e+02],
 [-2.107106e+00],
 [-1.769439e+00],
 [-9.891927e+04],
 [-3.158597e+03],
 [-1.536931e+03],
 [-1.433687e+03],
 [-4.424756e+03],
 [ 3.512422e+02],
 [-9.277527e+04],
 [-4.658189e-01],
 [-6.038760e-01],
 [-9.423017e+02]]
spherical_charges_l1: [[-1.038156e+03, -7.514730e+02, -1.484387e+03],
 [-4.327983e+00,  3.820008e+00, -1.922358e+00],
 [ 2.277863e+00,  2.265035e+00,  1.464546e+00],
 [-6.780396e+03, -1.043810e+05, -3.817027e+04],
 [ 9.578475e+03, -5.088782e+03, -1.783260e+03],
 [-5.107940e+03,  2.970439e+03,  1.295186e+02],
 [-6.519699e+02, -2.293617e+03, -1.528857e+03],
 [-3.233557e+03, -1.939779e+03,  5.350158e+02],
 [ 1.057566e+03, -1.575203e+03, -7.436921e+02],
 [-2.823526e+04,  7.679080e+04, -2.845680e+04],
 [ 2.108656e+00, -2.283423e+00,  1.102237e+00],
 [ 2.497228e+00, -2.654278e+00,  1.280576e+00],
 [-1.922937e+03,  2.558567e+03, -2.193635e+03]]
spherical_charges_l2: [[ 3.909645e+02, -5.155994e+02,  2.448499e+03,  5.667054e+02, -1.279562e+03],
 [-9.878511e-01,  1.298146e+00, -1.635679e+00,  7.246261e-01,  5.601767e-01],
 [ 1.002480e-01,  1.453326e+00, -5.938290e-02, -5.629748e-01,  1.103811e+00],
 [ 2.498191e+04, -2.135152e+04, -1.813256e+05, -9.530749e+04,  6.876619e+04],
 [ 5.624823e+02,  1.058751e+04,  1.796301e+04,  8.166791e+03, -6.418196e+02],
 [ 6.510243e+03, -4.419302e+03, -4.629286e+02,  5.346062e+02, -1.057771e+03],
 [-5.906042e+03,  1.711282e+03, -7.128004e+02,  5.381275e+02, -2.396261e+03],
 [ 1.212097e+03, -3.536383e+03,  2.219309e+03, -7.042256e+03, -3.344743e+03],
 [ 2.576071e+02,  1.670903e+02, -5.686794e+03,  1.337868e+03, -8.873720e+03],
 [-2.355907e+04, -3.351452e+04,  4.964595e+04,  4.388283e+04,  1.615926e+05],
 [-7.418061e-01, -1.702339e+00,  7.026396e-01, -6.071896e-01, -2.295800e-01],
 [-2.183680e-01, -1.283491e+00,  6.594312e-01, -2.857035e-02,  2.862928e-02],
 [-3.147169e+02,  2.206992e+01, -2.458642e+01, -1.327201e+03, -2.972914e+03]]
energy_short: [-0.205843, -0.620729, -0.6316  ,  0.199814,  0.341634,  0.350103,  0.244199,  0.207337,  0.16587 ,  0.057317, -0.611722, -0.619996,  0.094907]
energy_long: [ 0.022633,  0.271828,  0.271964, -0.100627,  0.038919,  0.064311,  0.039389,  0.053736,  0.040502, -0.091898,  0.271877,  0.272022,  0.020302]