step=2150685, graph_id=0, num_atoms=13
scalar_charges: [-295726.06, -312019.5 , -320723.3 , -327821.88, -280162.9 , -247611.1 , -166080.53, -205391.28, -233280.  , -236575.55, -310680.38, -315198.25, -250509.06]
spherical_charges_l0: [[-1.954969e+02],
 [-1.030922e-01],
 [-1.743198e-01],
 [-1.771431e+04],
 [-6.190613e+02],
 [-2.540997e+02],
 [-2.739250e+02],
 [-8.684513e+02],
 [ 1.892897e+02],
 [-1.647520e+04],
 [-5.643998e-02],
 [-6.771580e-02],
 [-2.223756e+02]]
spherical_charges_l1: [[-8.558319e+01, -1.830538e+02, -8.549133e+01],
 [ 3.097553e-02,  2.550643e-01, -2.562486e-02],
 [ 7.841708e-02,  2.479208e-01,  9.525134e-02],
 [-2.089061e+03, -1.855959e+04, -8.397449e+03],
 [ 1.795719e+03, -1.119579e+03, -2.005798e+02],
 [-1.110766e+03,  5.168604e+02, -4.144235e+02],
 [-2.960950e+02, -3.116167e+02, -8.403386e+02],
 [-5.296155e+02, -1.151703e+02, -1.636932e+02],
 [ 1.761330e+02, -1.790817e+02, -2.516784e+02],
 [-4.954635e+03,  1.189396e+04, -5.988886e+03],
 [-8.854699e-03, -1.353920e-01,  5.913964e-02],
 [ 2.064461e-01, -2.422108e-02,  2.668241e-02],
 [-2.018162e+02,  2.319110e+02, -3.085785e+02]]
spherical_charges_l2: [[-9.713585e+00, -1.522644e+02,  4.577112e+02,  2.828739e+01, -3.223080e+02],
 [-4.217778e-02,  1.493226e-01, -2.083215e-01,  1.885012e-03,  1.310043e-01],
 [-4.851371e-02,  6.220238e-02, -7.746559e-02, -4.541374e-02,  1.020028e-01],
 [ 5.352785e+03, -3.828138e+03, -3.947314e+04, -2.026206e+04,  1.386874e+04],
 [ 1.401374e+02,  2.709136e+03,  3.980397e+03,  1.953925e+03, -1.828844e+02],
 [ 1.298896e+03, -1.015392e+03, -5.259147e+02,  4.331158e+02, -1.534246e+01],
 [-1.298931e+03,  6.275127e+02, -2.721311e+02,  2.432811e+02, -3.913224e+02],
 [ 2.045862e+02, -1.063119e+03,  7.339896e+02, -2.058389e+03, -6.005230e+02],
 [ 7.019133e+01,  1.394149e+02, -1.287984e+03,  3.980508e+02, -1.954406e+03],
 [-3.767337e+03, -5.962218e+03,  1.030439e+04,  9.779230e+03,  3.429419e+04],
 [-1.470146e-02, -7.420129e-02, -1.399416e-02,  3.969651e-03,  1.422229e-02],
 [ 1.479188e-02, -1.993684e-02,  3.086834e-02,  3.149750e-02, -2.617840e-02],
 [-1.335389e+02, -2.328711e+01, -2.570408e+01, -1.594271e+02, -5.947574e+02]]
energy_short: [-0.060088, -0.787465, -0.794839,  0.244817,  0.350621,  0.355189,  0.246675,  0.205347,  0.167071,  0.113848, -0.772065, -0.781587,  0.236432]
energy_long: [ 0.04549 ,  0.268136,  0.268261, -0.070153,  0.058427,  0.087163,  0.061093,  0.077562,  0.060293, -0.072253,  0.268308,  0.268292,  0.046071]