step=2334915, graph_id=0, num_atoms=13
scalar_charges: [-788762.9 , -544544.94, -564189.25, -944046.56, -805534.  , -720144.8 , -525490.5 , -597602.7 , -705454.94, -700211.6 , -549344.56, -557892.5 , -677975.56]
spherical_charges_l0: [[-4.516102e+02],
 [-3.901576e-01],
 [-4.498996e-01],
 [-4.325645e+04],
 [-1.048638e+03],
 [-6.909147e+02],
 [-5.457144e+02],
 [-1.761920e+03],
 [ 2.920992e+02],
 [-4.040440e+04],
 [-3.475298e-01],
 [-3.059062e-01],
 [-5.228740e+02]]
spherical_charges_l1: [[-3.120583e+02, -6.127496e+02, -2.942803e+02],
 [-5.939809e-03,  9.779437e-01,  3.396883e-02],
 [ 3.417225e-01,  5.710592e-01,  2.563110e-01],
 [-5.163544e+03, -4.412416e+04, -1.862868e+04],
 [ 3.602676e+03, -1.685543e+03, -9.130203e+02],
 [-2.317106e+03,  1.335206e+02, -4.136732e+02],
 [-4.010551e+02, -7.464393e+02, -9.648220e+02],
 [-1.218753e+03,  2.297668e+02, -5.098999e+00],
 [ 4.580420e+02, -6.247201e+02, -2.030081e+02],
 [-1.237724e+04,  2.957427e+04, -1.392699e+04],
 [-2.214053e-01, -3.634259e-01,  1.846501e-01],
 [ 6.099768e-01, -1.304008e-01,  1.149857e-01],
 [-8.035112e+02,  8.863761e+02, -9.861755e+02]]
spherical_charges_l2: [[-8.148406e+01, -4.067534e+02,  1.486899e+03,  4.872323e+02, -7.968826e+02],
 [-3.266500e-01,  4.352078e-01, -2.571888e-01,  2.203687e-01,  2.066796e-01],
 [-4.182186e-02,  2.478724e-01, -6.013380e-03,  3.597448e-03,  1.785094e-01],
 [ 1.117408e+04, -6.915804e+03, -9.179778e+04, -4.749414e+04,  3.260837e+04],
 [ 2.179499e+02,  5.302407e+03,  8.422046e+03,  3.916364e+03, -8.315037e+01],
 [ 2.682875e+03, -2.385185e+03, -9.540750e+02,  5.263630e+02, -1.852931e+02],
 [-2.355896e+03,  1.094680e+03, -5.157343e+02,  3.058159e+02, -9.836352e+02],
 [ 5.851240e+02, -2.349877e+03,  1.697396e+03, -4.431103e+03, -1.533079e+03],
 [ 1.358871e+01,  1.359521e+02, -3.003963e+03,  9.310974e+02, -4.589960e+03],
 [-1.070984e+04, -1.611609e+04,  2.457012e+04,  2.226577e+04,  7.940491e+04],
 [ 1.419785e-01, -2.985217e-01,  8.159151e-02, -3.414339e-01, -3.852776e-01],
 [-2.704205e-02, -7.539351e-02,  7.894754e-02, -2.516586e-01, -3.119399e-01],
 [-1.782357e+02, -1.966060e+01,  8.218536e-01, -7.264847e+02, -1.722496e+03]]
energy_short: [-0.166277, -0.723744, -0.732706,  0.264077,  0.356079,  0.36392 ,  0.247578,  0.217663,  0.173057,  0.12164 , -0.711971, -0.720805,  0.141038]
energy_long: [ 0.044204,  0.279307,  0.279411, -0.077211,  0.057197,  0.085569,  0.061702,  0.076805,  0.0593  , -0.073996,  0.279304,  0.279425,  0.043298]