step=3472335, graph_id=0, num_atoms=13
scalar_charges: [-2547379.5,  -995839.4, -1072091.5, -3283713. , -2928080.5, -2636913. , -1741798.8, -2117080.2, -2360174.5, -2446758.2, -1009504. , -1045942.4, -2127597.8]
spherical_charges_l0: [[-3.063102e+02],
 [-3.376280e+00],
 [-3.492781e+00],
 [-1.334165e+05],
 [-4.334575e+03],
 [-2.512906e+03],
 [-2.359616e+03],
 [-6.290400e+03],
 [ 2.668528e+02],
 [-1.252391e+05],
 [-6.777667e-01],
 [-1.276159e+00],
 [-1.154539e+03]]
spherical_charges_l1: [[-1.513125e+03, -7.245952e+02, -2.557232e+03],
 [-7.156014e+00,  3.965714e+00, -2.921772e+00],
 [ 3.308105e+00,  2.984214e+00,  2.124753e+00],
 [-6.225306e+03, -1.397413e+05, -5.121118e+04],
 [ 1.165797e+04, -7.972637e+03, -2.683828e+03],
 [-6.535600e+03,  5.679773e+03, -1.261305e+02],
 [-1.913456e+03, -2.765600e+03, -3.333446e+03],
 [-3.608494e+03, -4.374303e+03,  9.764943e+02],
 [ 1.405694e+03, -2.097129e+03, -1.964593e+02],
 [-3.125529e+04,  9.312961e+04, -3.376155e+04],
 [ 2.094307e+00, -2.583761e+00,  1.231866e+00],
 [ 2.440617e+00, -3.315338e+00,  1.638776e+00],
 [-2.382616e+03,  3.285803e+03, -3.285562e+03]]
spherical_charges_l2: [[ 4.622376e+02, -9.690966e+02,  3.350190e+03,  8.101030e+02, -1.588888e+03],
 [-1.641941e+00,  8.541025e-01, -2.095421e+00,  1.069039e+00,  2.931831e-01],
 [ 6.169003e-01,  1.530513e+00,  1.408733e-01, -1.370409e+00,  9.488049e-01],
 [ 2.898736e+04, -2.012825e+04, -2.244470e+05, -1.144794e+05,  8.520242e+04],
 [ 9.646418e+02,  1.323381e+04,  2.309932e+04,  1.004782e+04, -6.733196e+02],
 [ 6.822357e+03, -3.699467e+03, -1.884112e+02,  2.345901e+03, -1.988172e+03],
 [-8.448415e+03,  2.192013e+03, -7.384214e+02,  6.752596e+02, -3.486001e+03],
 [ 9.357599e+02, -4.454166e+03,  2.503279e+03, -9.377729e+03, -4.947086e+03],
 [ 3.879937e+02,  7.156044e+02, -6.925557e+03,  1.746342e+03, -1.038042e+04],
 [-2.866419e+04, -4.295759e+04,  5.938541e+04,  5.463686e+04,  1.965409e+05],
 [-5.067596e-01, -1.726041e+00,  7.002772e-01, -2.880580e-01,  7.046656e-03],
 [-3.159116e-01, -9.826681e-01,  4.670721e-01, -2.073976e-01, -1.255166e-02],
 [-3.393970e+02,  3.013271e+02, -1.123142e+02, -1.991147e+03, -4.190386e+03]]
energy_short: [-0.249698, -0.579405, -0.590082,  0.158783,  0.307579,  0.312197,  0.204073,  0.167114,  0.131801,  0.017947, -0.569452, -0.57864 ,  0.050577]
energy_long: [ 0.038995,  0.277991,  0.277996, -0.081538,  0.059439,  0.085817,  0.057451,  0.073723,  0.061161, -0.069044,  0.278076,  0.278155,  0.036491]