step=316395, graph_id=0, num_atoms=13
scalar_charges: [  1.361254, -17.874262, -17.777374,   1.232265,   1.388776,   1.436941,   1.57173 ,   1.478776,   1.503635,   1.387547, -17.905954, -17.742052,   1.53358 ]
spherical_charges_l0: [[-1.186181e-01],
 [-3.868617e-03],
 [ 2.456906e-03],
 [-2.919403e+01],
 [-2.475538e-01],
 [ 2.594654e-01],
 [ 1.487233e-01],
 [-3.274077e-01],
 [ 4.438299e-01],
 [-2.082259e+01],
 [ 4.104845e-03],
 [ 2.707928e-03],
 [-6.557276e-02]]
spherical_charges_l1: [[-8.469152e-02, -2.806664e-01, -6.099862e-02],
 [ 1.775916e-02, -1.182753e-02,  2.235308e-03],
 [-2.274743e-02, -1.388143e-03, -1.140474e-02],
 [-6.163431e+00, -2.470238e+01, -1.336813e+01],
 [ 1.289173e+00, -2.766229e-01,  7.810451e-01],
 [-1.567965e-01, -9.743532e-01, -6.342939e-01],
 [-2.452815e-01, -3.651483e-01, -9.876440e-01],
 [-1.997713e-01, -3.050587e-01, -3.264481e-01],
 [ 6.858966e-02,  4.446437e-02,  1.529916e-01],
 [-6.771358e+00,  1.224057e+01, -6.728499e+00],
 [ 1.717965e-02,  1.585445e-02, -6.543431e-03],
 [-2.005758e-02, -5.163144e-03,  2.622417e-03],
 [-1.676724e-01,  1.555239e-01, -2.124882e-01]]
spherical_charges_l2: [[-7.089139e-02,  8.364347e-02,  3.551826e-01, -1.831488e-01,  2.028031e-01],
 [-3.951457e-03, -4.215503e-03, -1.424127e-03,  2.542417e-03, -3.626055e-03],
 [ 2.861893e-03,  3.209831e-03,  3.566407e-04,  1.393407e-04,  5.852948e-04],
 [ 1.050003e+01,  3.291871e+00, -6.812256e+01, -3.058482e+01,  2.544762e+01],
 [ 9.943160e-02,  2.736089e+00,  2.576602e+00,  4.013211e-01,  4.936173e-01],
 [ 3.019253e+00, -1.777736e+00, -4.191734e-01, -8.592926e-01, -2.808795e-01],
 [-1.018347e+00,  9.336277e-01, -5.175801e-01, -5.678834e-02, -1.170759e-02],
 [ 4.454667e-01, -4.304549e-01,  8.274840e-01, -1.648679e+00,  1.351494e-01],
 [-2.725577e-01, -1.566561e-01, -8.980183e-01,  9.947972e-01, -1.393925e+00],
 [-4.879388e+00, -5.270703e+00,  1.199325e+01,  1.396061e+01,  4.403093e+01],
 [-4.223633e-04,  2.221741e-03, -4.129316e-04,  8.039635e-05,  7.173606e-04],
 [ 1.952646e-03, -1.360242e-03,  6.038720e-04,  1.566511e-03,  1.228824e-03],
 [-3.054415e-02, -1.823916e-02,  9.303160e-02,  1.434677e-01,  1.079124e-01]]
energy_short: [-0.160185, -0.234774, -0.257676,  0.181528,  0.142032,  0.128895,  0.029037, -0.023476, -0.032256, -0.020401, -0.2237  , -0.243782,  0.217623]
energy_long: [ 0.022097,  0.016765,  0.016128, -0.006072,  0.041189,  0.099601,  0.052653,  0.06574 ,  0.036397, -0.021335,  0.017939,  0.017589,  0.024193]