step=420525, graph_id=0, num_atoms=13
scalar_charges: [  0.435572, -50.39929 , -49.852695,   0.235606,   0.27607 ,   0.349108,   0.523864,   0.428617,   0.431439,   0.360088, -50.572437, -49.92225 ,   0.674385]
spherical_charges_l0: [[-6.695708e-01],
 [-3.746949e-02],
 [ 6.530257e-03],
 [-7.026564e+01],
 [ 6.985021e-02],
 [ 6.274010e-01],
 [ 3.329958e-01],
 [-4.818393e-01],
 [ 1.220982e+00],
 [-4.969298e+01],
 [ 1.388134e-02],
 [ 1.675184e-02],
 [-3.331174e-01]]
spherical_charges_l1: [[-1.939584e-02, -3.261707e-01, -8.902760e-02],
 [ 1.047540e-01, -7.129538e-02,  2.670060e-02],
 [-1.402878e-01, -2.229041e-03, -6.243406e-02],
 [-1.469405e+01, -6.552724e+01, -3.349295e+01],
 [ 3.025548e+00, -1.274719e+00,  1.372903e+00],
 [-2.853476e-01, -1.375890e+00, -1.222144e+00],
 [-5.715876e-01, -8.089905e-01, -2.031094e+00],
 [-4.192077e-01, -4.339013e-01,  4.569730e-02],
 [ 2.376487e-01, -1.774165e-01, -1.717076e-01],
 [-1.812613e+01,  3.217616e+01, -1.693726e+01],
 [ 9.069315e-02,  9.572929e-02, -4.065977e-02],
 [-1.319380e-01, -3.262594e-02,  1.456493e-02],
 [-1.934575e-01,  3.220093e-02, -3.130973e-01]]
spherical_charges_l2: [[ 1.309344e-01,  3.595279e-01,  1.930030e+00, -5.258794e-01,  2.470257e-02],
 [ 2.545113e-03, -4.153698e-02, -4.855962e-02, -3.895311e-02, -1.869659e-02],
 [ 4.256095e-02,  7.697213e-02,  5.873612e-03, -1.443443e-02,  4.178670e-02],
 [ 1.873396e+01,  6.812293e+00, -1.619518e+02, -7.179699e+01,  6.536752e+01],
 [ 4.934748e-01,  6.326934e+00,  8.524391e+00,  5.884581e-01,  1.099995e+00],
 [ 6.730825e+00, -4.335261e+00, -2.698998e-01, -2.066473e+00, -2.020946e-01],
 [-2.546413e+00,  2.339261e+00, -1.477804e+00, -4.234349e-01, -8.553435e-01],
 [ 1.587552e+00, -8.210870e-01,  1.464293e+00, -3.602425e+00,  5.890485e-01],
 [-7.626103e-01, -1.187486e-01, -2.255241e+00,  2.194555e+00, -4.264060e+00],
 [-1.266930e+01, -1.589668e+01,  3.094673e+01,  3.249488e+01,  1.087188e+02],
 [-5.949003e-02,  5.645294e-02, -2.563607e-02, -2.822955e-02,  6.142259e-03],
 [ 7.190730e-02, -2.757427e-02,  1.594040e-02,  3.600372e-02, -1.237718e-03],
 [ 1.488199e-01,  2.423646e-01,  1.468230e-01,  4.713652e-01, -4.211798e-02]]
energy_short: [-0.134195, -0.201299, -0.219344,  0.199715,  0.132212,  0.130726,  0.018032, -0.023466, -0.043275, -0.011061, -0.189895, -0.20683 ,  0.256397]
energy_long: [ 0.037563,  0.035513,  0.035302,  0.000448,  0.062034,  0.102097,  0.076414,  0.084335,  0.056153, -0.007975,  0.037175,  0.03873 ,  0.039523]