step=1930410, graph_id=0, num_atoms=13
scalar_charges: [-176132.78 , -264150.1  , -266963.2  , -171521.28 , -169843.66 , -154152.9  , -116366.516, -135326.1  , -149197.02 , -137665.66 , -264010.12 , -265474.88 , -158242.86 ]
spherical_charges_l0: [[-6.459430e+01],
 [-1.992903e-02],
 [-2.686380e-02],
 [-5.867214e+03],
 [-1.589709e+02],
 [-4.632821e+01],
 [-7.025005e+01],
 [-2.324040e+02],
 [ 8.188731e+01],
 [-5.663202e+03],
 [-2.604613e-02],
 [-2.144815e-02],
 [-6.039608e+01]]
spherical_charges_l1: [[-7.344080e+01, -1.291093e+01,  6.854677e+00],
 [-2.647157e-02,  1.656974e-02, -1.172038e-02],
 [ 3.378484e-02,  5.650941e-03,  1.977933e-02],
 [-9.349048e+02, -5.782277e+03, -2.595125e+03],
 [ 5.092708e+02, -3.384833e+02, -1.028921e+02],
 [-3.175929e+02,  3.850804e+01, -1.584915e+02],
 [-8.855630e+01, -7.436887e+01, -2.370820e+02],
 [-9.179620e+01, -7.514901e+01, -5.382164e+01],
 [ 4.768311e+01, -2.441325e+01, -4.750551e+01],
 [-1.679488e+03,  3.840951e+03, -1.805915e+03],
 [-1.679913e-02, -1.525988e-02,  4.253749e-03],
 [ 2.170733e-02,  1.508976e-02, -8.728042e-03],
 [-6.976926e+01,  8.219044e+01, -6.848843e+01]]
spherical_charges_l2: [[ 4.004091e+00, -2.953257e+01,  2.086440e+02,  5.534492e+00, -7.972103e+01],
 [-1.979706e-02, -4.506759e-03, -2.152510e-02,  4.833264e-03,  3.504950e-03],
 [ 1.672461e-02, -7.383477e-03,  8.856434e-03, -9.800768e-03,  8.255581e-05],
 [ 1.256039e+03, -1.779694e+03, -1.396105e+04, -7.300116e+03,  4.982644e+03],
 [ 9.181549e+01,  9.863068e+02,  1.243832e+03,  6.366982e+02,  6.445411e+01],
 [ 5.414514e+02, -3.237404e+02, -1.204442e+02,  4.204514e+01, -2.930046e+01],
 [-4.266857e+02,  2.076448e+02, -1.100147e+02,  9.778793e+01, -1.163397e+02],
 [ 7.202245e+01, -2.265718e+02,  1.679423e+02, -6.205821e+02, -2.055327e+02],
 [ 1.640450e+01,  1.847474e+01, -4.263843e+02,  1.668313e+02, -6.371473e+02],
 [-1.506539e+03, -2.492025e+03,  3.754885e+03,  3.269414e+03,  1.216379e+04],
 [-1.218377e-02,  2.082456e-03, -7.691422e-03, -1.029238e-02,  7.601685e-04],
 [ 1.060671e-02,  6.836824e-04,  3.979648e-03,  2.283236e-03, -8.478901e-03],
 [-2.527432e+01, -1.484968e+01,  1.066150e+01, -9.229884e+01, -2.191140e+02]]
energy_short: [-0.1066  , -0.919932, -0.924414,  0.321608,  0.392903,  0.397447,  0.288894,  0.24764 ,  0.208699,  0.177676, -0.905775, -0.913202,  0.201873]
energy_long: [ 0.086156,  0.263859,  0.263876, -0.04527 ,  0.100205,  0.124037,  0.099808,  0.119488,  0.102447, -0.053454,  0.26367 ,  0.263779,  0.085816]