step=3127905, graph_id=0, num_atoms=13
scalar_charges: [-2119911.5 ,  -956146.25, -1020007.8 , -3036143.5 , -2861433.2 , -2477262.5 , -1646829.  , -2014217.5 , -2296054.  , -2249476.5 ,  -951951.5 ,  -984997.8 , -1845392.9 ]
spherical_charges_l0: [[-1.955896e+02],
 [-1.922545e+00],
 [-1.185901e+00],
 [-9.130835e+04],
 [-2.363298e+03],
 [-1.209543e+03],
 [-1.201226e+03],
 [-4.057018e+03],
 [ 7.045930e+02],
 [-8.865430e+04],
 [-1.350359e-01],
 [-3.008060e-01],
 [-6.910809e+02]]
spherical_charges_l1: [[-7.540661e+02, -8.032544e+02, -1.381458e+03],
 [-1.512287e+00,  3.768154e+00, -3.480340e-01],
 [ 1.373506e+00,  2.068549e+00,  1.041440e+00],
 [-6.836014e+03, -9.731047e+04, -3.671356e+04],
 [ 8.651337e+03, -4.275150e+03, -1.851180e+03],
 [-4.723030e+03,  2.992109e+03,  3.914641e+02],
 [-7.112288e+02, -1.768430e+03, -1.558199e+03],
 [-2.685171e+03, -1.674337e+03,  1.218322e+03],
 [ 1.163840e+03, -2.298087e+03, -9.459188e+02],
 [-2.435871e+04,  6.801895e+04, -2.755739e+04],
 [ 2.335910e+00, -1.317080e+00,  5.960782e-01],
 [ 1.297709e+00, -2.760909e+00,  1.240700e+00],
 [-1.472606e+03,  2.305863e+03, -2.292683e+03]]
spherical_charges_l2: [[ 4.696997e+02, -5.927126e+02,  2.689083e+03,  8.099614e+02, -1.269839e+03],
 [-1.541682e+00,  1.163550e+00, -1.309597e+00,  1.013375e+00,  4.125726e-01],
 [ 1.576927e-01,  9.496749e-01, -1.221125e-01, -7.043304e-01,  7.525111e-01],
 [ 2.235141e+04, -1.718866e+04, -1.696378e+05, -8.537599e+04,  6.440516e+04],
 [ 1.422304e+03,  1.064467e+04,  1.732674e+04,  7.256890e+03, -3.885062e+02],
 [ 5.147808e+03, -3.282573e+03, -1.236826e+03,  1.321883e+03, -1.139266e+03],
 [-6.032589e+03,  1.864048e+03, -6.658364e+02,  4.165942e+02, -2.441337e+03],
 [ 6.341948e+02, -3.342791e+03,  2.168092e+03, -7.001488e+03, -3.966691e+03],
 [ 8.698430e+02,  8.606934e+02, -5.618992e+03,  1.394168e+03, -8.592438e+03],
 [-2.047593e+04, -3.184964e+04,  4.671248e+04,  4.089739e+04,  1.536609e+05],
 [-6.180851e-01, -1.436526e+00,  6.327257e-01, -9.158024e-01, -4.675053e-01],
 [-8.471669e-02, -9.826318e-01,  5.294513e-01, -2.855720e-01, -2.105165e-01],
 [-6.010045e+01,  2.981190e+02, -1.464228e+02, -1.484619e+03, -3.319861e+03]]
energy_short: [-0.222518, -0.611945, -0.622063,  0.210607,  0.345818,  0.355734,  0.245837,  0.208839,  0.170334,  0.071376, -0.602391, -0.610646,  0.076283]
energy_long: [ 0.031021,  0.263747,  0.263797, -0.09364 ,  0.051083,  0.078292,  0.048876,  0.066428,  0.052016, -0.0868  ,  0.263694,  0.263872,  0.029195]