step=2751435, graph_id=0, num_atoms=13
scalar_charges: [-1850795.2,  -904924.9,  -958358.3, -2437037. , -2062150.8, -1797737.2, -1233753.6, -1442573.2, -1699142.8, -1798623.5,  -902954.3,  -931321.5, -1541875. ]
spherical_charges_l0: [[-5.245278e+02],
 [-1.702958e+00],
 [-1.432468e+00],
 [-7.587014e+04],
 [-2.161499e+03],
 [-9.003205e+02],
 [-1.207222e+03],
 [-3.315759e+03],
 [ 6.404699e+02],
 [-7.132927e+04],
 [-1.685693e-01],
 [-3.925421e-01],
 [-7.896940e+02]]
spherical_charges_l1: [[-7.418451e+02, -6.781530e+02, -1.032856e+03],
 [-1.825934e+00,  2.683450e+00, -1.341172e+00],
 [ 2.207704e+00,  2.034976e+00,  1.155266e+00],
 [-7.117492e+03, -8.678183e+04, -3.455487e+04],
 [ 7.839812e+03, -4.117288e+03, -1.729900e+03],
 [-4.623396e+03,  1.955589e+03, -8.663174e+02],
 [-9.392985e+02, -1.814637e+03, -2.166953e+03],
 [-2.500669e+03, -1.467345e+03,  5.821819e+02],
 [ 1.284864e+03, -1.615958e+03, -3.847914e+02],
 [-2.406292e+04,  6.256150e+04, -2.586930e+04],
 [ 1.293709e+00, -1.043510e+00,  4.898687e-01],
 [ 1.393034e+00, -1.622058e+00,  8.357571e-01],
 [-1.318743e+03,  2.040924e+03, -1.896804e+03]]
spherical_charges_l2: [[ 2.566352e+02, -6.436490e+02,  2.115686e+03,  4.821958e+02, -1.166211e+03],
 [-9.993775e-01,  1.536496e+00, -1.148662e+00,  1.105038e+00,  4.421511e-01],
 [-1.821261e-01,  1.328649e+00, -3.015963e-01, -3.014470e-01,  1.057630e+00],
 [ 1.761759e+04, -1.227249e+04, -1.572019e+05, -7.784528e+04,  5.648811e+04],
 [ 4.825581e+02,  1.002521e+04,  1.614854e+04,  7.462416e+03, -4.734533e+02],
 [ 4.707514e+03, -3.462230e+03, -1.301164e+03,  6.953998e+02, -3.876424e+02],
 [-4.925187e+03,  1.847550e+03, -6.716679e+02,  6.131025e+02, -1.972458e+03],
 [ 3.080233e+02, -3.595092e+03,  1.877437e+03, -6.216323e+03, -2.740325e+03],
 [ 3.901854e+02,  2.286607e+02, -4.892277e+03,  1.072997e+03, -7.683500e+03],
 [-1.871286e+04, -2.902606e+04,  4.150858e+04,  3.661866e+04,  1.345477e+05],
 [-1.983670e-01, -1.571480e+00,  6.511005e-01, -4.046101e-01, -3.147720e-01],
 [-6.282727e-01, -9.837497e-01,  4.709516e-01, -3.222725e-01, -5.382926e-02],
 [-3.867771e+02,  7.589800e+00, -1.461736e+01, -1.264498e+03, -2.642399e+03]]
energy_short: [-0.167637, -0.639337, -0.650097,  0.205835,  0.343745,  0.354152,  0.240035,  0.208309,  0.165561,  0.066427, -0.628894, -0.637352,  0.132604]
energy_long: [ 0.031669,  0.277076,  0.277321, -0.090667,  0.051091,  0.073943,  0.049073,  0.06372 ,  0.052871, -0.082965,  0.277278,  0.277364,  0.02952 ]