step=1009260, graph_id=0, num_atoms=13
scalar_charges: [ -735.92017, -1047.2605 , -1019.4073 ,  -123.77912,  -130.04747,  -241.19954,  -467.49948,  -363.72827,  -373.95105,  -354.25903, -1055.8049 , -1028.1382 ,  -532.0093 ]
spherical_charges_l0: [[-1.265634e+01],
 [-1.469047e+00],
 [-1.808358e-01],
 [-7.697812e+02],
 [-4.179679e+00],
 [-6.522653e-01],
 [-1.028596e+00],
 [-1.652537e+01],
 [ 9.867197e+00],
 [-6.686606e+02],
 [-6.989486e-01],
 [-5.399576e-01],
 [-1.060824e+01]]
spherical_charges_l1: [[ 2.170799e+00, -9.050241e+00, -3.058254e+00],
 [ 5.326058e+00, -1.081282e+00,  2.217513e+00],
 [-6.241992e+00,  1.739079e+00, -1.975577e+00],
 [-1.551064e+02, -5.863760e+02, -2.744945e+02],
 [ 3.832943e+01, -1.503390e+01,  8.410960e+00],
 [-2.129089e+01, -1.748148e+01, -1.788343e+01],
 [-4.124477e+00, -1.024462e+01, -2.080650e+01],
 [-7.867729e+00,  1.445691e+01,  4.321760e+00],
 [ 1.579820e+00, -3.110443e+00, -5.013827e+00],
 [-1.944499e+02,  3.964215e+02, -1.587024e+02],
 [ 3.779609e+00,  2.178603e+00, -1.094193e+00],
 [-4.414786e+00, -2.462659e+00,  8.761743e-01],
 [ 5.452949e-02,  7.549719e+00, -5.027673e+00]]
spherical_charges_l2: [[ 3.318131e+00, -2.436004e+00,  1.932270e+01, -7.787944e+00, -3.567697e+00],
 [ 3.678892e-01, -1.368667e+00,  1.462818e+00,  5.943857e-01, -1.813610e+00],
 [-1.560888e-01, -3.246613e-01,  6.369274e-01,  3.150403e-01, -1.205710e+00],
 [ 1.482011e+02, -9.017896e+01, -1.303827e+03, -6.660944e+02,  5.194696e+02],
 [ 9.786988e-01,  5.662019e+01,  6.676680e+01,  2.767494e+01,  1.407890e+01],
 [ 5.175310e+01, -5.278954e+01, -7.665163e+00, -1.525966e+01, -4.994097e+00],
 [-2.460878e+01,  2.363102e+01, -8.809161e+00,  1.999576e+00, -5.733501e+00],
 [ 1.130497e+01, -1.912307e+01,  1.699596e+01, -3.537883e+01, -1.691828e+00],
 [-9.488600e+00, -5.805241e+00, -2.453242e+01,  1.020614e+01, -3.629792e+01],
 [-1.376899e+02, -2.015603e+02,  3.094115e+02,  2.854574e+02,  1.063843e+03],
 [ 6.019496e-01, -5.862228e-01,  1.350953e-01, -2.240314e-01, -4.106997e-01],
 [-3.270270e-01,  5.309474e-01,  1.611893e-02, -7.794887e-01, -8.101817e-01],
 [ 1.761047e+00,  4.436445e+00, -1.999546e+00, -3.713198e+00, -1.071432e+01]]
energy_short: [-0.246829, -0.525886, -0.536291,  0.332978,  0.281118,  0.285045,  0.182445,  0.134996,  0.113252,  0.124374, -0.512039, -0.525481,  0.126807]
energy_long: [ 0.06729 ,  0.064529,  0.065389, -0.021714,  0.077605,  0.1238  ,  0.091066,  0.1118  ,  0.074218, -0.042449,  0.067868,  0.067038,  0.066914]