step=3404250, graph_id=0, num_atoms=13
scalar_charges: [-2548878.2 ,  -952252.6 , -1024023.  , -3174751.5 , -2923109.8 , -2639139.  , -1730756.5 , -2136033.8 , -2336549.5 , -2415489.5 ,  -949143.25,  -987649.75, -2099564.2 ]
spherical_charges_l0: [[-1.973909e+02],
 [-3.872076e+00],
 [-3.887220e+00],
 [-1.109035e+05],
 [-3.452802e+03],
 [-2.027073e+03],
 [-1.875614e+03],
 [-5.213787e+03],
 [ 3.957008e+02],
 [-1.051103e+05],
 [-6.282498e-01],
 [-1.141415e+00],
 [-1.004844e+03]]
spherical_charges_l1: [[-1.001252e+03, -3.732719e+02, -1.962277e+03],
 [-8.857746e+00,  3.027359e+00, -4.318964e+00],
 [ 4.240334e+00,  3.839703e+00,  2.707544e+00],
 [-7.624696e+03, -1.174536e+05, -4.364569e+04],
 [ 9.837134e+03, -6.143093e+03, -2.363823e+03],
 [-4.679439e+03,  4.471153e+03,  4.742246e+02],
 [-1.199447e+03, -2.421426e+03, -2.186066e+03],
 [-3.137406e+03, -3.433846e+03,  1.464409e+03],
 [ 1.366340e+03, -2.116387e+03, -4.220563e+02],
 [-2.779743e+04,  8.043190e+04, -2.980520e+04],
 [ 2.158665e+00, -2.550756e+00,  1.216930e+00],
 [ 2.703486e+00, -3.683734e+00,  1.855351e+00],
 [-1.725028e+03,  2.358245e+03, -2.534999e+03]]
spherical_charges_l2: [[ 6.924004e+02, -9.236472e+02,  3.357258e+03,  8.605879e+02, -1.643177e+03],
 [-1.840987e+00,  9.946694e-01, -3.068330e+00,  6.184489e-01,  7.646945e-01],
 [ 8.318591e-01,  2.082343e+00,  7.949430e-02, -1.789892e+00,  1.415118e+00],
 [ 2.513178e+04, -2.077500e+04, -1.906847e+05, -9.789175e+04,  7.496934e+04],
 [ 8.093148e+02,  1.103063e+04,  1.961732e+04,  8.460582e+03, -7.231607e+02],
 [ 6.160354e+03, -3.756197e+03, -5.630879e+02,  1.817767e+03, -1.407576e+03],
 [-7.293524e+03,  1.819145e+03, -6.797238e+02,  4.515898e+02, -3.077287e+03],
 [ 1.112021e+03, -4.056203e+03,  2.248396e+03, -8.127425e+03, -3.938251e+03],
 [ 2.676096e+02,  5.475013e+02, -6.011062e+03,  1.350143e+03, -9.056506e+03],
 [-2.461313e+04, -3.584177e+04,  5.179131e+04,  4.501959e+04,  1.707664e+05],
 [-5.935473e-01, -1.633440e+00,  6.824236e-01, -4.118237e-01,  3.667950e-03],
 [-3.674802e-02, -1.164693e+00,  5.900313e-01,  9.789939e-02,  6.236023e-02],
 [-1.723020e+02,  2.599272e+02, -5.505156e+01, -1.983798e+03, -3.779924e+03]]
energy_short: [-0.24873 , -0.575243, -0.58553 ,  0.165847,  0.313732,  0.31664 ,  0.207272,  0.170311,  0.138511,  0.027307, -0.565195, -0.57395 ,  0.047836]
energy_long: [ 0.037128,  0.276623,  0.276601, -0.081755,  0.055065,  0.083279,  0.054808,  0.071113,  0.057117, -0.06946 ,  0.276654,  0.276753,  0.034578]