step=1397745, graph_id=0, num_atoms=13
scalar_charges: [ -3496.2144, -16548.066 , -16606.916 , -19146.799 , -19196.293 , -19515.938 , -19965.814 , -19783.273 , -19497.262 , -19842.676 , -16556.287 , -16564.688 ,  -1872.2028]
spherical_charges_l0: [[-5.262334e+01],
 [-3.664732e-02],
 [-5.345893e-02],
 [-2.746441e+03],
 [-7.072533e+01],
 [-1.347917e+01],
 [-2.379256e+01],
 [-1.143924e+02],
 [ 2.995937e+01],
 [-2.676223e+03],
 [-5.023684e-02],
 [-5.049717e-02],
 [-4.472361e+01]]
spherical_charges_l1: [[-8.906673e+00,  6.347861e+00, -1.278305e-01],
 [ 2.509813e-04,  5.658182e-03,  2.324028e-02],
 [-1.176925e-02,  1.808866e-02,  1.623170e-02],
 [-8.234763e+00, -2.336761e+03, -8.783627e+02],
 [ 1.833678e+02, -1.242373e+02, -4.368670e+00],
 [-6.387947e+01, -3.536142e+01, -3.171828e+01],
 [-1.324458e+01, -4.053864e+01, -5.884085e+01],
 [-4.531105e+01,  1.948916e+01,  2.310331e+01],
 [ 3.593227e+01, -9.019002e+00,  6.087890e+00],
 [-6.739647e+02,  1.430817e+03, -7.894562e+02],
 [ 2.645248e-02,  1.033343e-02, -9.779877e-04],
 [-1.200929e-02,  1.096723e-02, -9.587277e-04],
 [-1.405951e+01,  2.201821e+01, -2.121052e+01]]
spherical_charges_l2: [[-2.248730e+01, -5.216194e+00,  8.861852e+01, -1.345636e+01, -3.107228e+01],
 [ 3.663012e-02,  1.560218e-02,  1.627174e-02, -1.300347e-02,  5.702687e-03],
 [ 1.745300e-02, -5.793258e-02,  2.708982e-03, -2.184902e-02, -1.887743e-02],
 [ 2.945518e+02, -8.747324e+02, -5.354092e+03, -2.167739e+03,  1.684120e+03],
 [-1.075651e+01,  4.338242e+02,  4.384702e+02,  3.121190e+02,  2.716114e+01],
 [ 1.846509e+02, -1.457533e+02, -5.567451e+01,  1.592944e+01, -1.266529e+01],
 [-1.507357e+02,  1.029679e+02, -2.840726e+01,  2.743701e+01, -2.741248e+01],
 [ 6.929099e+01, -9.234818e+01,  6.513512e+01, -2.678155e+02, -7.986711e+01],
 [-2.012392e+01, -2.923726e+00, -1.295599e+02,  6.264303e+01, -2.356905e+02],
 [-5.518166e+02, -1.027204e+03,  1.552573e+03,  6.857654e+02,  4.434080e+03],
 [ 3.678083e-02, -2.560789e-03, -8.709252e-03,  2.292389e-02,  2.614966e-03],
 [-2.648890e-02,  6.102524e-02, -2.405336e-02, -5.719257e-03, -2.657802e-03],
 [-2.459305e+01, -8.909215e+00, -3.263511e+00, -1.520614e+01, -7.875578e+01]]
energy_short: [-0.142397, -0.703572, -0.711174,  0.292105,  0.261464,  0.280298,  0.16723 ,  0.124329,  0.081907,  0.091161, -0.690291, -0.699124,  0.208256]
energy_long: [ 0.072259,  0.24807 ,  0.247448, -0.036444,  0.087647,  0.127725,  0.106228,  0.123832,  0.089482, -0.041054,  0.247772,  0.247436,  0.071782]