step=3364200, graph_id=0, num_atoms=13
scalar_charges: [-2460347.5 ,  -896247.2 ,  -964357.1 , -3062426.8 , -2838079.  , -2567298.  , -1656109.2 , -2093098.  , -2311162.  , -2314903.8 ,  -893054.56,  -929709.3 , -2012968.2 ]
spherical_charges_l0: [[-1.079208e+02],
 [-3.144399e+00],
 [-3.152255e+00],
 [-1.070267e+05],
 [-3.375155e+03],
 [-1.788938e+03],
 [-1.766294e+03],
 [-5.120439e+03],
 [ 4.678023e+02],
 [-1.032418e+05],
 [-6.112282e-01],
 [-9.263358e-01],
 [-8.690154e+02]]
spherical_charges_l1: [[-1.013155e+03, -7.520981e+02, -1.917908e+03],
 [-6.340794e+00,  2.253953e+00, -3.712706e+00],
 [ 3.302732e+00,  3.241344e+00,  1.998626e+00],
 [-7.446524e+03, -1.112381e+05, -4.022974e+04],
 [ 9.196889e+03, -5.379632e+03, -2.214604e+03],
 [-5.308876e+03,  4.807955e+03,  4.537942e+02],
 [-1.095700e+03, -2.030950e+03, -1.839536e+03],
 [-2.736178e+03, -3.124467e+03,  2.008781e+03],
 [ 1.152069e+03, -2.042269e+03, -5.637483e+02],
 [-2.745557e+04,  7.713458e+04, -2.859922e+04],
 [ 2.771757e+00, -2.373524e+00,  1.062995e+00],
 [ 1.929696e+00, -3.979226e+00,  1.902439e+00],
 [-1.693311e+03,  2.354024e+03, -2.433645e+03]]
spherical_charges_l2: [[ 6.784241e+02, -7.588067e+02,  3.297738e+03,  1.067206e+03, -1.651441e+03],
 [-1.069655e+00,  1.264820e+00, -2.339183e+00,  4.523139e-01,  6.953379e-01],
 [ 7.116991e-01,  1.482983e+00, -2.361710e-01, -1.984326e+00,  1.188329e+00],
 [ 2.468545e+04, -1.626979e+04, -1.867703e+05, -9.597009e+04,  7.330591e+04],
 [ 6.210490e+02,  1.144092e+04,  1.840639e+04,  7.939149e+03, -2.547073e+02],
 [ 6.083489e+03, -3.363113e+03, -5.119585e+02,  1.904594e+03, -1.309900e+03],
 [-6.890171e+03,  1.404374e+03, -8.294464e+02,  4.231957e+02, -3.197698e+03],
 [ 7.033536e+02, -3.955417e+03,  2.309135e+03, -7.954190e+03, -3.995479e+03],
 [-5.816639e+01,  3.268174e+02, -6.133547e+03,  1.965370e+03, -8.882092e+03],
 [-2.491269e+04, -3.477753e+04,  5.084735e+04,  4.700709e+04,  1.686042e+05],
 [-1.487055e-01, -1.478892e+00,  6.657517e-01,  1.557553e-01,  1.883710e-01],
 [-2.775008e-01, -6.083568e-01,  2.517719e-01,  2.610733e-01,  3.419245e-01],
 [-2.256380e+02,  1.616616e+02,  4.247210e+00, -2.059931e+03, -3.751103e+03]]
energy_short: [-0.244141, -0.585649, -0.595964,  0.173811,  0.318983,  0.322846,  0.218357,  0.176612,  0.142926,  0.033998, -0.575913, -0.584747,  0.054921]
energy_long: [ 0.035807,  0.276399,  0.2764  , -0.086489,  0.054067,  0.081497,  0.053023,  0.070124,  0.055941, -0.075806,  0.276321,  0.276461,  0.033188]