step=1914390, graph_id=0, num_atoms=13
scalar_charges: [-118201.18, -213093.5 , -215349.1 , -121013.53, -124027.77, -119638.58,  -79560.61, -104962.67, -110469.16,  -96459.92, -211906.78, -213289.12, -108275.81]
spherical_charges_l0: [[-1.433072e+01],
 [-8.671979e-03],
 [-7.817294e-03],
 [-3.578937e+03],
 [-9.601964e+01],
 [-2.933793e+00],
 [-5.385443e+01],
 [-1.789236e+02],
 [ 3.478854e+01],
 [-3.324929e+03],
 [-9.082893e-03],
 [-4.713156e-03],
 [-1.813183e+01]]
spherical_charges_l1: [[-5.036226e+01,  1.669284e+01,  3.576155e+01],
 [ 1.163755e-03,  1.217916e-03,  6.872622e-04],
 [ 5.297536e-04,  2.049829e-03,  2.314814e-03],
 [-7.765557e+02, -3.129700e+03, -1.364503e+03],
 [ 2.611391e+02, -1.953474e+02, -5.819525e+01],
 [-1.690187e+02, -3.937835e+01, -5.189406e+01],
 [-3.947936e+01, -6.103320e+01, -9.204942e+01],
 [-6.977760e+01, -8.354819e+01, -1.001097e+01],
 [ 2.076613e+01, -2.690240e+00, -3.637199e+01],
 [-7.681538e+02,  2.080581e+03, -7.704016e+02],
 [ 2.998842e-04,  5.578873e-03, -6.069512e-04],
 [-5.082175e-03,  3.395011e-03,  1.116676e-03],
 [-5.716552e+01,  7.549590e+01, -6.806706e+00]]
spherical_charges_l2: [[-8.015034e+00,  4.787066e+00,  1.336042e+02,  2.801719e+01, -6.279243e+01],
 [-1.158196e-02,  4.296942e-03, -1.254584e-02,  2.577868e-03, -2.701499e-03],
 [-2.667896e-03, -8.195378e-03,  6.804187e-03,  4.261364e-03, -4.574853e-03],
 [ 6.927971e+02, -1.500796e+03, -8.576193e+03, -4.689823e+03,  2.840794e+03],
 [ 6.853894e+01,  4.934948e+02,  6.046559e+02,  2.929376e+02, -3.884524e+00],
 [ 3.046935e+02, -1.601932e+02, -6.204616e+01,  3.073305e+01,  7.047170e+00],
 [-2.075774e+02,  1.340558e+02, -7.002493e+01,  2.497515e+01, -6.520345e+01],
 [-3.305084e+01, -1.201110e+02,  1.248731e+02, -4.407658e+02, -1.403499e+02],
 [-3.276662e+00,  4.234843e+01, -2.150255e+02,  1.233040e+02, -3.572981e+02],
 [-1.000674e+03, -1.583225e+03,  2.200774e+03,  1.746378e+03,  6.851896e+03],
 [-1.559979e-03, -4.140290e-03, -2.505314e-03,  2.376616e-04,  5.016081e-03],
 [-2.889662e-04, -2.612098e-04,  3.285084e-03,  5.741106e-05, -2.533818e-03],
 [-2.395100e+01, -5.225414e+01,  1.690724e+01, -6.235530e+01, -1.733657e+02]]
energy_short: [-0.131125, -0.893975, -0.899525,  0.304902,  0.388043,  0.381159,  0.299614,  0.236193,  0.20741 ,  0.169427, -0.880682, -0.887658,  0.171803]
energy_long: [ 0.082515,  0.258977,  0.258709, -0.015299,  0.099637,  0.139713,  0.099988,  0.121168,  0.101685, -0.025992,  0.258778,  0.258774,  0.082892]