step=1758195, graph_id=0, num_atoms=13
scalar_charges: [ -53146.793, -143796.62 , -145737.84 ,  -73513.11 ,  -62046.695,  -57420.953,  -46283.465,  -51336.797,  -54250.414,  -61450.73 , -143885.48 , -144854.78 ,  -42212.887]
spherical_charges_l0: [[-1.422336e+02],
 [-8.602297e-02],
 [-8.836877e-02],
 [-9.446329e+03],
 [-2.093803e+02],
 [-5.195057e+01],
 [-9.244651e+01],
 [-3.873103e+02],
 [ 9.345209e+01],
 [-7.944141e+03],
 [-7.744533e-02],
 [-5.214826e-02],
 [-1.217472e+02]]
spherical_charges_l1: [[-1.079824e+02,  6.233137e+01,  1.416882e+02],
 [-1.888224e-02,  4.091735e-02, -1.778669e-02],
 [-2.301162e-02,  4.980370e-02,  6.631864e-04],
 [-1.406797e+03, -8.322871e+03, -3.688057e+03],
 [ 9.169951e+02, -5.288661e+02, -7.988850e+01],
 [-3.293696e+02,  1.129481e+02, -1.231461e+02],
 [-9.591457e+01, -1.260764e+02, -2.459922e+02],
 [-2.789182e+02, -5.683249e+01,  3.845733e+01],
 [ 9.889799e+01, -3.316244e+01, -2.181184e+01],
 [-1.907382e+03,  4.926587e+03, -2.233996e+03],
 [-5.977360e-02,  1.506182e-02, -1.408847e-02],
 [ 1.019800e-02,  6.544746e-02, -2.844718e-02],
 [-9.920233e+01,  1.399212e+02, -4.936295e+01]]
spherical_charges_l2: [[-4.073205e+01,  1.206486e+01,  2.981135e+02, -1.899024e+01, -9.378510e+01],
 [-1.466928e-02, -4.219882e-02,  2.693828e-03,  3.750880e-02, -2.174911e-02],
 [ 1.781787e-03,  9.070145e-02,  7.114603e-02,  4.350153e-02,  3.161661e-02],
 [ 1.970950e+03, -8.378818e+02, -1.837673e+04, -9.098515e+03,  6.056676e+03],
 [ 3.584222e+01,  1.409684e+03,  2.000364e+03,  7.732541e+02,  1.023568e+01],
 [ 8.197306e+02, -5.609511e+02, -1.555862e+02, -6.935915e+00, -4.640496e+00],
 [-5.030508e+02,  3.553760e+02, -1.259748e+02,  8.851964e+01, -1.248217e+02],
 [ 1.666898e+02, -3.944325e+02,  2.848768e+02, -8.848328e+02, -2.838987e+02],
 [-1.050424e+02,  2.508720e+00, -5.572463e+02,  2.941477e+02, -9.414901e+02],
 [-2.273263e+03, -3.088466e+03,  3.660112e+03,  4.467755e+03,  1.396667e+04],
 [-1.642182e-02, -4.027563e-02, -1.176003e-02, -3.460971e-02,  3.803571e-03],
 [ 5.116287e-03, -1.797369e-02,  2.884344e-02,  2.279972e-03, -2.324927e-02],
 [-9.700757e+01, -2.362709e+01, -3.071391e+01,  4.128284e+00, -2.550680e+02]]
energy_short: [-0.137813, -0.877465, -0.884539,  0.311567,  0.40151 ,  0.404929,  0.288679,  0.252896,  0.218429,  0.141334, -0.864937, -0.873448,  0.183421]
energy_long: [ 0.069632,  0.272733,  0.272771, -0.042419,  0.080316,  0.108614,  0.091168,  0.102642,  0.082322, -0.036658,  0.272373,  0.272286,  0.070995]