step=2443050, graph_id=0, num_atoms=13
scalar_charges: [-1257414.8 ,  -669393.4 ,  -696069.25, -1240944.9 , -1096368.5 ,  -981166.44,  -656473.8 ,  -803359.  ,  -933064.1 ,  -914557.4 ,  -662236.2 ,  -677929.8 , -1128319.6 ]
spherical_charges_l0: [[-6.255245e+02],
 [-5.209261e-01],
 [-4.809424e-01],
 [-5.915711e+04],
 [-1.735457e+03],
 [-1.074683e+03],
 [-7.657342e+02],
 [-2.268392e+03],
 [ 3.904714e+02],
 [-5.451050e+04],
 [-3.095212e-01],
 [-2.615041e-01],
 [-7.367769e+02]]
spherical_charges_l1: [[ 1.245368e+02, -6.463667e+02, -6.637589e+02],
 [-2.648086e-01,  1.523531e+00,  5.818910e-02],
 [ 9.971159e-01,  8.187872e-01,  7.582541e-01],
 [-7.210767e+03, -6.390266e+04, -2.470613e+04],
 [ 5.272912e+03, -2.850792e+03, -9.610630e+02],
 [-3.135581e+03,  2.484299e+02, -3.676098e+02],
 [-5.550010e+02, -1.040178e+03, -1.225922e+03],
 [-1.765386e+03, -4.404436e+02,  9.389830e+02],
 [ 4.226148e+02, -8.089587e+02, -3.271761e+02],
 [-1.646986e+04,  4.229373e+04, -1.410004e+04],
 [-1.079034e-01, -2.979103e-01,  1.780646e-01],
 [ 6.981449e-01, -2.192941e-01,  2.088818e-01],
 [-9.396112e+02,  1.434056e+03, -1.568376e+03]]
spherical_charges_l2: [[ 2.307086e+02, -5.560260e+02,  1.545926e+03, -7.526163e+01, -8.680359e+02],
 [-6.316527e-01,  5.261546e-01, -3.033957e-01,  4.801121e-01,  1.375919e-01],
 [-6.171656e-02,  3.375239e-01,  3.785407e-02,  6.050324e-02,  2.433425e-01],
 [ 1.403848e+04, -5.201989e+03, -1.250923e+05, -6.371901e+04,  4.363307e+04],
 [ 5.895774e+02,  7.117895e+03,  1.198383e+04,  5.128947e+03,  1.666775e+02],
 [ 3.447382e+03, -3.255065e+03, -7.125074e+02,  1.393079e+02, -4.338992e+02],
 [-3.287963e+03,  1.364813e+03, -5.641721e+02,  5.324607e+02, -1.194369e+03],
 [ 3.438411e+02, -2.736682e+03,  1.586423e+03, -4.506030e+03, -1.722845e+03],
 [ 1.659372e+01, -2.267405e+01, -3.724244e+03,  1.109668e+03, -5.190976e+03],
 [-1.539313e+04, -2.403387e+04,  3.320954e+04,  2.947891e+04,  1.010061e+05],
 [ 3.779195e-02, -4.975609e-01,  1.442745e-01, -5.275356e-01, -4.439530e-01],
 [-1.026410e-01, -2.956693e-01,  2.747892e-01, -3.781612e-01, -3.587827e-01],
 [-2.321672e+02,  8.394672e+01, -8.129747e+01, -6.852863e+02, -1.927134e+03]]
energy_short: [-0.170731, -0.67976 , -0.689281,  0.217426,  0.341321,  0.346912,  0.234546,  0.196795,  0.156345,  0.075415, -0.670007, -0.678448,  0.132246]
energy_long: [ 0.029996,  0.281487,  0.281487, -0.085728,  0.051799,  0.076163,  0.05154 ,  0.065732,  0.054092, -0.075645,  0.281433,  0.281489,  0.028469]