step=2539170, graph_id=0, num_atoms=13
scalar_charges: [-1167409.  ,  -599495.25,  -624529.06, -1388896.2 , -1185341.8 , -1058394.4 ,  -720107.94,  -866751.25, -1025221.25, -1045274.5 ,  -595422.75,  -610061.06,  -983871.75]
spherical_charges_l0: [[-3.906666e+02],
 [-5.688263e-01],
 [-3.441930e-01],
 [-5.387395e+04],
 [-1.624355e+03],
 [-7.090971e+02],
 [-5.835416e+02],
 [-2.302674e+03],
 [ 3.061845e+02],
 [-4.981004e+04],
 [-1.733512e-01],
 [-2.433371e-01],
 [-6.130146e+02]]
spherical_charges_l1: [[-1.206357e+02, -5.061414e+02, -4.332418e+02],
 [ 1.612069e-01,  3.476224e-01, -1.033910e-01],
 [-8.066375e-02,  4.440108e-01, -1.703445e-02],
 [-5.456077e+03, -5.782006e+04, -2.416269e+04],
 [ 4.173498e+03, -2.671643e+03, -1.118813e+03],
 [-3.069554e+03,  1.267204e+03, -5.888513e+02],
 [-2.111523e+02, -9.738062e+02, -6.993878e+02],
 [-1.661899e+03, -3.366921e+02,  3.200288e+02],
 [ 7.783533e+02, -6.669243e+02, -5.464853e+01],
 [-1.511448e+04,  3.837029e+04, -1.992469e+04],
 [-1.954628e-01, -2.865903e-01,  5.198988e-02],
 [ 2.889662e-01, -1.451953e-01,  5.152422e-02],
 [-8.148258e+02,  1.037193e+03, -1.149199e+03]]
spherical_charges_l2: [[ 1.231947e+02, -2.554165e+02,  1.512844e+03,  4.011158e+02, -8.802956e+02],
 [-1.782266e-01,  4.474354e-01, -2.845295e-01,  2.441452e-01,  1.032522e-01],
 [-2.151765e-01,  3.958400e-01, -3.043281e-01, -7.012801e-02,  3.999787e-01],
 [ 1.421705e+04, -9.026523e+03, -1.148209e+05, -5.946799e+04,  4.314164e+04],
 [ 7.225839e+02,  7.109955e+03,  1.114212e+04,  5.576282e+03, -3.259336e+02],
 [ 3.448700e+03, -2.348977e+03, -9.612520e+02,  9.224354e+02, -4.311592e+02],
 [-3.900982e+03,  1.579522e+03, -5.800701e+02,  5.199553e+02, -1.173194e+03],
 [ 3.130603e+02, -2.793512e+03,  1.836656e+03, -5.309942e+03, -2.082802e+03],
 [ 5.861909e+02,  4.863771e+02, -3.547148e+03,  6.447798e+02, -5.763919e+03],
 [-1.298869e+04, -2.101987e+04,  2.983542e+04,  2.893133e+04,  9.965287e+04],
 [ 4.469169e-02, -5.763192e-01,  1.740512e-01, -9.617864e-02, -1.419663e-01],
 [-3.731153e-01, -2.697439e-01,  1.586678e-01, -2.010024e-01, -5.260054e-02],
 [-3.230348e+02, -2.185737e+02,  3.524388e+01, -8.730726e+02, -2.000464e+03]]
energy_short: [-0.192508, -0.668165, -0.677628,  0.21306 ,  0.342457,  0.350159,  0.238367,  0.203635,  0.159146,  0.07321 , -0.658113, -0.666113,  0.108712]
energy_long: [ 0.032066,  0.287089,  0.286817, -0.087636,  0.050767,  0.077016,  0.052433,  0.066234,  0.055849, -0.079065,  0.286917,  0.286841,  0.031034]