step=989235, graph_id=0, num_atoms=13
scalar_charges: [ -743.55347, -1092.9121 , -1063.5807 ,  -400.79135,  -155.37056,  -274.49362,  -462.1033 ,  -373.92606,  -366.07922,  -613.64636, -1101.2124 , -1071.1793 ,  -533.24475]
spherical_charges_l0: [[-1.036648e+01],
 [-1.160647e+00],
 [-2.018380e-01],
 [-6.063550e+02],
 [-1.435925e+01],
 [ 1.666434e+00],
 [-2.352213e+00],
 [-2.213367e+01],
 [ 4.979879e+00],
 [-5.109733e+02],
 [-6.223892e-01],
 [-4.698782e-01],
 [-8.932526e+00]]
spherical_charges_l1: [[ 2.299092e+00, -3.098811e+00, -2.057544e+00],
 [ 2.876652e+00, -2.654496e-01,  1.347997e+00],
 [-2.431777e+00,  7.894843e-01, -6.030015e-01],
 [-8.347507e+01, -4.255286e+02, -1.734202e+02],
 [ 3.020350e+01, -1.720700e+01,  7.902996e+00],
 [-1.661093e+01, -4.600938e+00, -8.433159e+00],
 [-3.237088e+00, -6.165405e+00, -1.394435e+01],
 [-4.034415e+00,  8.216895e+00,  4.888106e+00],
 [ 3.865081e+00, -2.520485e+00, -3.756864e+00],
 [-1.246042e+02,  2.638383e+02, -9.631141e+01],
 [ 2.352334e+00,  9.589056e-01, -4.652071e-01],
 [-1.923710e+00, -1.417204e+00,  5.372286e-01],
 [ 1.153217e+00,  1.104509e+00, -4.055079e+00]]
spherical_charges_l2: [[ 2.263524e+00, -9.453332e-02,  1.681009e+01, -3.931179e+00, -2.424590e+00],
 [ 1.014907e+00, -8.286247e-01,  4.555519e-01, -7.742350e-01, -5.831791e-01],
 [ 8.204899e-01, -8.337791e-01,  3.595158e-01, -7.184722e-01, -8.099270e-01],
 [ 9.891932e+01, -8.204084e+01, -1.001502e+03, -4.904709e+02,  3.767963e+02],
 [-9.620984e-01,  7.214635e+01,  6.980003e+01,  3.556308e+01,  1.135302e+01],
 [ 5.549226e+01, -2.441884e+01,  3.049408e-01, -4.091542e+00, -4.612979e-01],
 [-2.120080e+01,  1.850132e+01, -7.298714e+00,  2.643356e+00, -3.813665e+00],
 [ 1.104396e+01, -1.320167e+01,  1.643360e+01, -3.983522e+01, -4.546162e+00],
 [-7.819874e+00, -4.502948e+00, -2.447088e+01,  1.316220e+01, -3.484211e+01],
 [-9.326756e+01, -1.447805e+02,  2.366565e+02,  1.879406e+02,  7.570250e+02],
 [ 1.005480e+00,  3.133474e-01, -1.782022e-01,  2.621342e-01, -3.057993e-01],
 [-8.457948e-02,  1.225429e+00, -5.125712e-01, -3.019344e-01, -3.922536e-01],
 [ 1.231205e+00,  1.731609e+00, -1.854527e-01, -3.796266e+00, -9.553280e+00]]
energy_short: [-0.251318, -0.497911, -0.510246,  0.35305 ,  0.310441,  0.310983,  0.197325,  0.155545,  0.13161 ,  0.147936, -0.484359, -0.498661,  0.117785]
energy_long: [ 0.055136,  0.053932,  0.054606, -0.02439 ,  0.071199,  0.106506,  0.079618,  0.096478,  0.067606, -0.040782,  0.059895,  0.058067,  0.055171]