step=68085, graph_id=0, num_atoms=13
scalar_charges: [ 0.043744, -0.030868, -0.024284,  0.116294,  0.052766,  0.039104,  0.050037,  0.041594,  0.020121,  0.101073, -0.038147, -0.025002,  0.007871]
spherical_charges_l0: [[-2.626027e-02],
 [-1.083579e-04],
 [-5.681507e-05],
 [-3.321790e+00],
 [-1.317480e-01],
 [-8.162350e-02],
 [-5.474606e-03],
 [-6.621046e-02],
 [-8.633439e-02],
 [-2.271497e+00],
 [-5.519560e-05],
 [-3.593377e-05],
 [-2.473765e-02]]
spherical_charges_l1: [[ 1.217447e-02, -2.718299e-02,  2.371453e-03],
 [ 2.109417e-05, -4.773661e-05, -1.626307e-05],
 [ 3.299082e-05, -4.678602e-05,  2.201165e-06],
 [-9.060945e-02, -2.515105e+00, -1.324026e+00],
 [-3.879754e-02, -9.674004e-02, -2.753513e-02],
 [-4.055042e-03, -7.077808e-02, -4.856613e-03],
 [-1.194592e-03, -6.155036e-03, -1.184817e-02],
 [-1.686990e-02,  5.945498e-02,  2.595996e-02],
 [-2.607843e-02,  9.059343e-02,  1.075117e-02],
 [-9.922456e-01,  1.474097e+00, -8.135669e-01],
 [ 3.780931e-05,  3.046116e-05, -1.397707e-05],
 [-4.035663e-05, -1.356541e-05,  7.037403e-06],
 [ 1.048738e-03,  1.790474e-02, -3.367915e-03]]
spherical_charges_l2: [[-2.733262e-02,  3.138033e-02, -3.021804e-02,  7.367819e-03,  6.860049e-03],
 [ 4.726603e-05, -8.848837e-05,  5.898435e-05,  2.163702e-06, -6.514761e-05],
 [ 1.915656e-05, -7.797183e-05,  5.812512e-05,  2.273213e-05, -8.108916e-05],
 [ 3.525728e-01,  1.997084e+00, -5.644561e+00, -3.240750e+00,  3.172828e+00],
 [-7.781444e-03, -3.689538e-02, -1.244665e-01,  1.101758e-02,  5.523795e-02],
 [ 9.642390e-03, -2.162258e-02, -5.151057e-02, -3.120809e-02,  4.052216e-02],
 [-1.375329e-02,  1.550014e-02, -2.096302e-03, -9.707201e-03, -8.038471e-03],
 [ 4.308268e-03, -2.779199e-02,  6.147638e-02, -2.603949e-02,  7.916399e-02],
 [-6.244018e-02, -2.040709e-02,  6.828626e-02,  6.329550e-03,  1.380674e-01],
 [-9.665279e-01, -2.540390e-01,  1.885569e-01,  3.119014e+00,  3.926677e+00],
 [-2.411530e-05,  8.956851e-05, -5.420357e-05, -2.867661e-05,  7.547418e-06],
 [ 4.073111e-05,  5.125521e-05, -7.916251e-06, -1.041713e-05, -3.698438e-05],
 [-1.139655e-02, -1.971435e-02,  1.151249e-03,  1.801855e-02,  1.846690e-02]]
energy_short: [ 0.088015, -0.430207, -0.451294,  0.283027,  0.159527,  0.142856,  0.005531, -0.012118, -0.011052,  0.027033, -0.408524, -0.434291,  0.479213]
energy_long: [ 0.050285, -0.026346, -0.026309,  0.065159,  0.074987,  0.078896,  0.069688,  0.073985,  0.072408,  0.054942, -0.026052, -0.026105,  0.050012]