step=2467080, graph_id=0, num_atoms=13
scalar_charges: [-1334976.9 ,  -777745.7 ,  -812144.9 , -1424176.5 , -1234617.  , -1069653.9 ,  -738154.6 ,  -868488.25, -1064151.2 , -1078913.5 ,  -780470.6 ,  -798902.3 , -1137438.  ]
spherical_charges_l0: [[-4.858770e+02],
 [-5.804740e-01],
 [-4.915719e-01],
 [-6.662264e+04],
 [-2.275430e+03],
 [-9.335908e+02],
 [-7.863083e+02],
 [-2.959833e+03],
 [-6.239683e+01],
 [-6.285709e+04],
 [-2.823848e-01],
 [-1.938009e-01],
 [-6.732330e+02]]
spherical_charges_l1: [[ 1.075757e+01, -7.871778e+02, -4.591935e+02],
 [-9.925795e-02,  1.305037e+00,  1.690636e-01],
 [ 6.261474e-01,  6.644877e-01,  5.509832e-01],
 [-8.031391e+03, -6.885589e+04, -2.841693e+04],
 [ 6.044647e+03, -3.623630e+03, -1.173851e+03],
 [-3.361075e+03,  1.581078e+02, -4.548795e+02],
 [-7.095358e+02, -1.395707e+03, -1.550631e+03],
 [-1.802319e+03, -4.676632e+02,  8.124851e+02],
 [ 9.961740e+02, -3.724427e+02,  7.456813e+01],
 [-1.836867e+04,  4.687971e+04, -2.004910e+04],
 [-3.327505e-01, -3.606639e-01,  2.126059e-01],
 [ 5.793967e-01, -2.057765e-01,  1.873412e-01],
 [-1.138375e+03,  1.553959e+03, -1.487500e+03]]
spherical_charges_l2: [[-6.776654e+01, -3.463361e+02,  1.297620e+03,  3.360762e+02, -7.290845e+02],
 [-4.876926e-01,  5.278139e-01, -2.773413e-01,  3.530686e-01,  1.236192e-01],
 [-6.774034e-02,  2.897324e-01, -1.438724e-01, -6.098222e-02,  1.858334e-01],
 [ 1.537773e+04, -5.124959e+03, -1.340835e+05, -6.845384e+04,  4.776449e+04],
 [-7.750806e+02,  8.651708e+03,  1.287375e+04,  6.399843e+03, -8.979477e+02],
 [ 4.273632e+03, -2.610751e+03, -2.393113e+02,  8.776237e+02, -3.767872e+02],
 [-3.962211e+03,  1.778433e+03, -4.900548e+02,  3.833339e+02, -1.207744e+03],
 [ 1.196060e+02, -3.119595e+03,  1.890447e+03, -5.960963e+03, -2.621849e+03],
 [-1.035065e+02, -3.289104e+02, -3.685742e+03,  1.139769e+03, -7.225417e+03],
 [-1.723890e+04, -2.576539e+04,  3.399405e+04,  3.564174e+04,  1.182423e+05],
 [ 3.899224e-01, -3.076251e-01,  5.263896e-02, -4.223363e-01, -6.233960e-01],
 [-1.354563e-01, -1.226989e-02,  7.009397e-02, -3.557005e-01, -3.644823e-01],
 [-3.418070e+02, -1.686034e+02,  5.413402e+01, -6.933292e+02, -1.901368e+03]]
energy_short: [-0.158401, -0.685766, -0.694827,  0.212386,  0.343645,  0.353957,  0.241808,  0.207585,  0.158975,  0.071546, -0.673979, -0.682551,  0.141568]
energy_long: [ 0.029021,  0.280992,  0.280961, -0.085979,  0.050032,  0.069284,  0.047102,  0.062741,  0.052166, -0.079073,  0.280939,  0.281   ,  0.027966]