step=2587230, graph_id=0, num_atoms=13
scalar_charges: [-1626948.9 ,  -722160.25,  -756865.3 , -1169355.2 , -1030197.44,  -920223.94,  -592254.25,  -715210.4 ,  -852507.25,  -782017.1 ,  -720260.9 ,  -739804.  , -1421470.9 ]
spherical_charges_l0: [[-7.892023e+02],
 [-6.408330e-01],
 [-5.593563e-01],
 [-6.708724e+04],
 [-2.823470e+03],
 [-1.101301e+03],
 [-1.040936e+03],
 [-3.355754e+03],
 [ 3.278298e+02],
 [-6.439579e+04],
 [-1.157827e-01],
 [-1.788099e-01],
 [-9.281129e+02]]
spherical_charges_l1: [[-6.125488e+02, -8.870546e+02, -5.278611e+02],
 [-2.241148e-01,  1.492469e+00, -3.036089e-01],
 [ 8.669652e-01,  8.319488e-01,  4.760765e-01],
 [-1.022220e+04, -7.595927e+04, -3.340164e+04],
 [ 7.597059e+03, -4.327669e+03, -1.397878e+03],
 [-4.283383e+03,  1.066747e+03, -1.129053e+03],
 [-6.412581e+02, -1.471026e+03, -1.784092e+03],
 [-3.014405e+03, -8.510958e+01,  8.312866e+01],
 [ 1.065366e+03, -8.099786e+02, -4.875754e+02],
 [-2.057134e+04,  5.285622e+04, -2.428531e+04],
 [ 2.044427e-01, -4.235582e-01,  1.688503e-01],
 [ 6.787657e-01, -4.590823e-01,  2.670954e-01],
 [-1.275551e+03,  2.108125e+03, -1.490551e+03]]
spherical_charges_l2: [[-4.642381e+01, -5.140724e+02,  1.763810e+03,  2.810510e+02, -8.405928e+02],
 [-5.040805e-01,  4.729666e-01, -5.560195e-01,  3.628422e-01,  9.330132e-02],
 [ 8.995742e-02,  4.606743e-01, -6.134646e-02, -2.498183e-01,  2.919689e-01],
 [ 1.800773e+04, -1.234260e+04, -1.519470e+05, -7.908271e+04,  5.492034e+04],
 [ 4.765593e+02,  1.078089e+04,  1.581727e+04,  7.807313e+03, -6.879367e+02],
 [ 4.822582e+03, -3.487054e+03, -1.411447e+03,  1.003769e+03, -7.577809e+02],
 [-5.050256e+03,  2.109313e+03, -6.720974e+02,  5.182770e+02, -1.846243e+03],
 [ 9.426550e+01, -3.925125e+03,  2.574439e+03, -6.863166e+03, -3.262290e+03],
 [ 1.052458e+02,  3.980804e+02, -5.118190e+03,  1.668521e+03, -7.960843e+03],
 [-1.900371e+04, -2.616575e+04,  4.058748e+04,  3.901760e+04,  1.357081e+05],
 [ 2.085788e-01, -3.494546e-01,  5.650903e-02, -1.534027e-01, -2.958550e-01],
 [-1.301575e-01, -4.532911e-03,  4.905074e-02, -1.356362e-01, -1.861436e-01],
 [-3.917394e+02, -9.623708e+01,  5.186459e+01, -1.060487e+03, -2.383948e+03]]
energy_short: [-0.253022, -0.663615, -0.672421,  0.233326,  0.357542,  0.362654,  0.251413,  0.21904 ,  0.177481,  0.097254, -0.651518, -0.660044,  0.043056]
energy_long: [ 0.035088,  0.285091,  0.285126, -0.078881,  0.055731,  0.076637,  0.054451,  0.070235,  0.058375, -0.075354,  0.285062,  0.285036,  0.032895]