step=1157445, graph_id=0, num_atoms=13
scalar_charges: [-1205.2017 , -5331.277  , -5302.2734 , -1011.3456 ,  -777.39764,  -643.44006,  -489.68787,  -568.95056,  -606.106  ,  -820.1499 , -5329.86   , -5304.7695 ,  -786.04443]
spherical_charges_l0: [[-3.187111e+01],
 [-1.937617e+00],
 [ 1.820611e+00],
 [-2.084255e+03],
 [-3.826886e+01],
 [ 1.010613e+01],
 [-3.982721e+00],
 [-4.552901e+01],
 [ 1.536479e+01],
 [-1.878292e+03],
 [-2.887155e-01],
 [ 4.290530e-01],
 [-1.945784e+01]]
spherical_charges_l1: [[    6.630778,   -22.054829,   -17.681377],
 [   11.881656,    -1.66174 ,     5.289701],
 [   -9.624027,     2.48934 ,    -2.931613],
 [ -221.49637 , -1415.212   ,  -619.2272  ],
 [  110.6329  ,   -77.557236,    -2.455265],
 [  -40.892292,   -40.746586,   -31.76263 ],
 [   -6.719225,   -32.746326,   -37.441166],
 [  -33.03297 ,    56.253765,     7.586682],
 [    4.58146 ,     7.83886 ,    -6.775753],
 [ -435.16608 ,   921.4015  ,  -460.63562 ],
 [    8.41207 ,     3.105699,    -1.644846],
 [   -7.517322,    -4.942969,     1.742247],
 [   -3.166737,    16.727417,   -18.610767]]
spherical_charges_l2: [[ 4.472784e+00,  3.952091e+00,  5.891228e+01, -5.124573e+00, -4.619509e+00],
 [ 1.963238e+00, -1.887221e+00,  3.992820e+00,  1.483992e+00, -3.483260e+00],
 [ 6.229355e-01, -2.511388e+00,  5.562953e-01, -6.678373e-01, -3.110549e+00],
 [ 3.373964e+02, -1.877933e+02, -3.710026e+03, -1.806421e+03,  1.352162e+03],
 [ 1.801968e+01,  2.322635e+02,  3.080869e+02,  1.118503e+02,  1.695158e+01],
 [ 1.440174e+02, -1.386968e+02, -5.007989e+01, -2.635343e+01, -5.779587e+00],
 [-8.739831e+01,  6.190160e+01, -3.098439e+01,  8.780638e+00, -3.118396e+01],
 [ 2.848696e+01, -6.423338e+01,  6.427649e+01, -1.511905e+02, -2.605352e+01],
 [-2.494071e+01, -1.823400e+01, -9.199378e+01,  4.811629e+01, -1.539471e+02],
 [-4.258350e+02, -6.199827e+02,  8.820106e+02,  7.961021e+02,  2.968626e+03],
 [ 2.424923e+00, -3.402407e-01,  5.072411e-02, -5.483804e-01, -1.576921e+00],
 [-7.141651e-01,  2.278521e+00, -6.866795e-01, -2.079956e+00, -2.101748e+00],
 [ 4.000346e+00,  8.625117e+00, -2.455818e+00, -1.121303e+01, -3.506431e+01]]
energy_short: [-0.080121, -0.429723, -0.440597,  0.220426,  0.213557,  0.226151,  0.119278,  0.070295,  0.037134, -0.003953, -0.414447, -0.42787 ,  0.297822]
energy_long: [ 0.070069,  0.069393,  0.069568, -0.034538,  0.081419,  0.126032,  0.101289,  0.119657,  0.08232 , -0.045261,  0.07396 ,  0.07251 ,  0.070718]