step=1181475, graph_id=0, num_atoms=13
scalar_charges: [-2110.3193 , -7019.5273 , -6916.6963 , -1515.9763 , -1025.7085 ,  -860.35754,  -590.824  ,  -673.4309 ,  -738.12134, -1003.67145, -7032.5815 , -6936.4424 , -1781.7944 ]
spherical_charges_l0: [[-5.012293e+01],
 [-4.522384e+00],
 [ 1.860807e-01],
 [-2.623508e+03],
 [-5.473088e+01],
 [ 5.570586e+00],
 [-3.852111e+00],
 [-6.812503e+01],
 [ 4.216854e+00],
 [-2.115999e+03],
 [-1.169258e+00],
 [-9.321262e-01],
 [-3.760902e+01]]
spherical_charges_l1: [[-6.193784e+00, -1.793864e+01, -1.806714e+01],
 [ 7.541661e+00, -3.019865e+00,  2.218694e+00],
 [-6.686853e+00, -5.316693e-01, -3.151646e+00],
 [-2.276791e+02, -2.041500e+03, -9.296166e+02],
 [ 1.285892e+02, -9.167703e+01,  7.023192e+00],
 [-6.003287e+01,  2.784689e+00, -4.930816e+01],
 [-2.023535e+01, -3.493312e+01, -6.850591e+01],
 [-3.777049e+01,  2.819139e+01, -6.029275e+00],
 [ 1.557730e+01, -2.160960e-01, -3.497137e+00],
 [-4.876256e+02,  1.128785e+03, -6.857392e+02],
 [ 3.778835e+00,  3.691585e+00, -1.978416e+00],
 [-6.193399e+00, -1.065099e+00,  1.920012e-02],
 [-2.402235e+00,  1.271390e+01, -1.973751e+01]]
spherical_charges_l2: [[-3.326559e+00,  1.629834e+01,  6.676750e+01, -1.852007e+01,  2.158529e+01],
 [ 1.773794e+00, -2.331118e+00,  2.545357e+00, -2.084757e-01, -3.528538e+00],
 [ 2.237658e+00, -2.626426e+00,  5.306344e-01, -1.778043e+00, -2.529794e+00],
 [ 4.938992e+02, -3.587467e+02, -4.704779e+03, -2.197734e+03,  1.656918e+03],
 [-1.364832e+01,  2.592639e+02,  3.042573e+02,  1.441620e+02,  3.335282e+01],
 [ 1.670624e+02, -1.281768e+02, -7.299700e+01,  4.698582e+00,  3.675648e+00],
 [-9.428751e+01,  8.914015e+01, -2.715909e+01,  1.890829e+01, -1.838630e+01],
 [ 4.977551e+01, -8.692088e+01,  6.941494e+01, -1.954980e+02, -3.728482e+01],
 [-2.060188e+01, -1.519263e+01, -8.058561e+01,  5.183565e+01, -1.527987e+02],
 [-4.783907e+02, -6.727713e+02,  9.584894e+02,  8.796555e+02,  3.423988e+03],
 [ 2.863939e+00,  4.798096e-02, -2.389043e-01,  1.069717e-01, -1.393874e+00],
 [-4.150606e-01,  3.103954e+00, -1.049633e+00, -1.370196e+00, -1.815643e+00],
 [ 4.029565e+00,  3.610109e+00,  1.148719e+01, -1.038592e+01, -2.248621e+01]]
energy_short: [ 0.042085, -0.46119 , -0.472266,  0.200211,  0.19855 ,  0.209693,  0.11295 ,  0.061658,  0.02742 , -0.007482, -0.44419 , -0.458161,  0.39212 ]
energy_long: [ 0.066643,  0.066065,  0.06528 , -0.034213,  0.085107,  0.118114,  0.090683,  0.108758,  0.083183, -0.048988,  0.069819,  0.069056,  0.066325]