step=692865, graph_id=0, num_atoms=13
scalar_charges: [ -68.78784 , -527.0667  , -516.79694 ,  -69.27355 ,  -62.9316  ,  -53.94428 ,  -46.670948,  -49.6818  ,  -50.6091  ,  -60.235897, -530.3824  , -520.58344 ,  -47.820488]
spherical_charges_l0: [[-4.135596e+00],
 [-3.997852e-01],
 [-8.239011e-02],
 [-2.683014e+02],
 [-2.900645e+00],
 [ 3.244569e+00],
 [-1.877518e-01],
 [-6.815176e+00],
 [ 2.286116e+00],
 [-2.255116e+02],
 [-1.626285e-01],
 [-1.161876e-01],
 [-1.815717e+00]]
spherical_charges_l1: [[ 2.324336e+00, -2.007913e+00, -6.586066e-01],
 [ 6.169873e-01, -1.086882e-01,  2.375451e-01],
 [-1.014754e+00,  1.561201e-01, -4.082372e-01],
 [-5.824018e+01, -2.123484e+02, -1.021016e+02],
 [ 1.343798e+01, -9.447119e+00,  4.115180e+00],
 [-4.080331e+00, -4.120226e+00, -6.240239e+00],
 [-1.694187e+00, -4.487684e+00, -6.729093e+00],
 [-3.983082e+00,  6.256980e+00,  2.119484e+00],
 [ 7.743531e-01, -8.725239e-02,  1.906118e-01],
 [-5.984943e+01,  1.286612e+02, -6.489376e+01],
 [ 5.955175e-01,  4.387569e-01, -2.134376e-01],
 [-7.302292e-01, -3.422435e-01,  1.193169e-01],
 [-2.357326e-01,  3.656082e-01, -2.926736e+00]]
spherical_charges_l2: [[-2.027555e-01,  1.041660e+00,  6.867985e+00, -2.222516e+00,  7.588615e-01],
 [ 4.021830e-02,  1.160569e-01,  5.338062e-02, -3.540631e-02, -6.612599e-02],
 [-2.151217e-01,  7.344235e-02,  4.331056e-02,  1.218851e-01, -1.955248e-01],
 [ 6.498053e+01, -3.118233e+01, -5.239235e+02, -2.307922e+02,  2.082457e+02],
 [ 3.478544e+00,  2.321596e+01,  3.347361e+01,  1.116223e+01, -2.433563e+00],
 [ 2.600669e+01, -1.323176e+01, -2.245054e+00, -6.565398e+00, -1.402269e+00],
 [-1.212628e+01,  1.472160e+01, -6.068226e+00,  1.524469e-02,  5.879810e-01],
 [ 6.593269e+00,  6.832568e-01,  1.010317e+01, -2.159476e+01,  6.572854e-01],
 [-1.668127e+00, -8.462648e-01, -9.024910e+00,  1.357849e+00, -2.158014e+01],
 [-3.919316e+01, -5.537036e+01,  1.174705e+02,  9.497960e+01,  3.972781e+02],
 [-5.736513e-02, -2.108222e-01,  9.104665e-02,  4.020165e-02,  7.230063e-02],
 [-1.499726e-01, -8.645479e-02,  4.206511e-02, -6.244985e-02,  1.267248e-02],
 [ 5.492002e-01,  1.645248e+00, -6.553813e-01,  1.042672e+00, -2.212863e+00]]
energy_short: [-0.189061, -0.133163, -0.147817,  0.141829,  0.070591,  0.08792 , -0.03993 , -0.068507, -0.091613, -0.087535, -0.1236  , -0.136234,  0.190414]
energy_long: [ 0.051235,  0.044376,  0.044695,  0.011386,  0.068404,  0.112034,  0.082299,  0.095938,  0.065946, -0.005432,  0.050583,  0.047825,  0.053652]