step=3039795, graph_id=0, num_atoms=13
scalar_charges: [-2345604.5, -1114443. , -1197776.4, -3163430.5, -2852084. , -2530974. , -1612620. , -2019604.8, -2306396.5, -2322488.5, -1120784. , -1159721.5, -1914242.5]
spherical_charges_l0: [[-6.095298e+02],
 [-2.891305e+00],
 [-1.380096e+00],
 [-1.036033e+05],
 [-3.254511e+03],
 [-1.826559e+03],
 [-1.679346e+03],
 [-5.025652e+03],
 [ 4.609420e+02],
 [-9.837221e+04],
 [-5.385507e-02],
 [-5.266860e-01],
 [-1.133299e+03]]
spherical_charges_l1: [[-8.969539e+02, -1.175136e+03, -1.521331e+03],
 [-2.996921e+00,  7.395359e+00,  8.115500e-03],
 [ 3.053785e+00,  3.495294e+00,  2.476310e+00],
 [-1.515466e+04, -1.121303e+05, -4.722556e+04],
 [ 1.087651e+04, -5.273078e+03, -2.318886e+03],
 [-5.553375e+03,  3.657644e+03,  4.104150e+01],
 [-1.077830e+03, -2.378667e+03, -2.104340e+03],
 [-3.574491e+03, -1.959662e+03,  9.527642e+02],
 [ 1.235724e+03, -2.466279e+03, -9.547600e+02],
 [-2.865059e+04,  7.881777e+04, -3.494637e+04],
 [ 2.496105e+00, -2.548527e+00,  1.376665e+00],
 [ 3.339333e+00, -3.030866e+00,  1.330037e+00],
 [-2.112434e+03,  3.157001e+03, -2.547899e+03]]
spherical_charges_l2: [[ 1.982367e+02, -8.363676e+02,  2.635940e+03,  4.815001e+02, -1.313875e+03],
 [-2.774912e+00,  5.054094e-01, -2.867314e+00,  4.074954e-01,  4.587779e-01],
 [-4.413324e-02,  1.292494e+00,  1.182781e-01,  1.095613e-01,  4.242852e-01],
 [ 2.536320e+04, -2.186605e+04, -1.949442e+05, -1.021457e+05,  7.245509e+04],
 [ 9.507297e+02,  1.257556e+04,  1.970987e+04,  9.002163e+03, -5.108242e+02],
 [ 5.998557e+03, -4.009276e+03, -1.250589e+03,  1.429126e+03, -1.214672e+03],
 [-7.275105e+03,  2.052086e+03, -9.688005e+02,  5.086270e+02, -3.143220e+03],
 [ 1.155188e+03, -3.945755e+03,  2.546730e+03, -8.268660e+03, -4.257950e+03],
 [ 4.746673e+02,  6.465291e+02, -6.655763e+03,  1.724894e+03, -9.744556e+03],
 [-2.289014e+04, -3.454344e+04,  5.240313e+04,  4.675674e+04,  1.743231e+05],
 [-1.516367e+00, -1.808640e+00,  7.579272e-01, -1.507095e+00, -3.354906e-01],
 [ 9.849280e-02, -1.994025e+00,  1.181141e+00, -4.637251e-01, -3.591514e-01],
 [-4.253146e+02,  1.613664e+02, -1.226812e+02, -1.357146e+03, -3.320910e+03]]
energy_short: [-0.190531, -0.604683, -0.615619,  0.200148,  0.346594,  0.353373,  0.246113,  0.206525,  0.168312,  0.059765, -0.59631 , -0.604428,  0.112222]
energy_long: [ 0.014417,  0.265333,  0.265197, -0.09603 ,  0.031039,  0.056627,  0.031181,  0.044535,  0.033428, -0.091009,  0.265162,  0.265196,  0.012362]