step=168210, graph_id=0, num_atoms=13
scalar_charges: [ 0.434978, -1.528411, -1.527351,  0.450116,  0.449108,  0.448544,  0.452989,  0.45119 ,  0.459651,  0.445843, -1.529078, -1.527413,  0.450683]
spherical_charges_l0: [[ 4.050842e-03],
 [-9.356089e-06],
 [-1.375671e-04],
 [-4.116832e+00],
 [-4.815998e-02],
 [-7.109480e-02],
 [-3.909557e-02],
 [-6.554363e-02],
 [ 2.578207e-02],
 [-2.987417e+00],
 [-2.291813e-04],
 [-1.674535e-04],
 [ 7.045791e-03]]
spherical_charges_l1: [[-1.028417e-02, -2.886479e-02, -1.677454e-02],
 [-1.820158e-05, -2.364543e-05, -1.396147e-05],
 [ 8.170354e-05, -9.088685e-05,  4.591104e-06],
 [-9.293983e-01, -3.501506e+00, -2.063844e+00],
 [ 8.044168e-02,  1.147560e-02,  1.216704e-01],
 [-2.466792e-02, -1.124238e-01, -1.585694e-02],
 [-2.248364e-02, -1.636559e-02, -6.967848e-02],
 [-6.096936e-03,  2.318768e-02,  2.496424e-02],
 [ 1.736657e-02,  4.696190e-03,  1.045771e-01],
 [-1.229965e+00,  1.828049e+00, -1.455559e+00],
 [ 3.346179e-05,  9.268033e-05, -5.209294e-05],
 [-5.340901e-05,  4.564958e-05, -3.590988e-05],
 [-2.160062e-02,  2.082034e-02, -1.209944e-02]]
spherical_charges_l2: [[-1.307921e-02, -6.899378e-03,  2.755907e-02,  6.164011e-03,  2.448818e-02],
 [ 4.401736e-05, -3.162529e-05,  1.368077e-05, -2.094035e-05, -6.284106e-05],
 [ 5.831436e-05, -9.774097e-05, -1.113635e-04, -1.386498e-04,  1.794213e-05],
 [ 1.193520e+00,  1.046294e+00, -8.022844e+00, -3.888247e+00,  4.259662e+00],
 [ 8.805838e-02,  1.344831e-01,  2.214746e-01, -3.688756e-02,  3.864794e-02],
 [ 2.926957e-01, -1.672302e-01, -1.534164e-02,  3.798883e-03,  3.016779e-02],
 [-7.190114e-02,  8.170218e-02, -2.481737e-02,  9.600658e-04,  2.293015e-02],
 [ 6.026219e-02,  5.092534e-03,  9.702120e-02, -1.559893e-01,  1.742600e-02],
 [-3.272198e-02, -7.925171e-03, -4.482862e-02,  1.052998e-01, -1.221644e-01],
 [-5.334937e-01, -2.945976e-01,  1.405430e+00,  2.450438e+00,  6.251671e+00],
 [-1.288496e-04, -4.088382e-05,  5.382166e-06,  1.106102e-04,  1.710123e-04],
 [-8.257174e-05, -4.105537e-05,  7.365314e-08,  1.291480e-04,  1.893007e-04],
 [-7.111527e-03, -8.463466e-03,  1.301713e-02,  1.909994e-02,  1.484835e-02]]
energy_short: [-0.045884, -0.313659, -0.331434,  0.312103,  0.185328,  0.190763,  0.06973 ,  0.027187,  0.023821,  0.083934, -0.300009, -0.317772,  0.332994]
energy_long: [ 0.044211, -0.09155 , -0.091456,  0.02698 ,  0.059058,  0.100374,  0.070203,  0.088655,  0.061603,  0.019514, -0.091468, -0.091463,  0.048857]