step=12015, graph_id=0, num_atoms=13
scalar_charges: [-0.055048,  0.707717,  0.717932, -0.123453, -0.086688, -0.107872, -0.142353, -0.113323, -0.099074, -0.087142,  0.69032 ,  0.714673, -0.096826]
spherical_charges_l0: [[-6.603536e-03],
 [-1.356677e-06],
 [-1.297652e-06],
 [-3.569801e-03],
 [-2.758422e-04],
 [ 1.039637e-03],
 [-1.765885e-03],
 [-6.814276e-04],
 [-2.906465e-03],
 [-1.190711e-03],
 [-8.693200e-08],
 [-3.122879e-07],
 [-5.041748e-03]]
spherical_charges_l1: [[-2.899426e-03,  1.071787e-03,  8.305393e-05],
 [ 1.072085e-06, -2.152844e-06,  4.324099e-08],
 [-5.812443e-07,  6.075009e-07,  2.986984e-07],
 [ 1.226902e-03, -3.087870e-03,  1.334377e-03],
 [-1.181232e-04,  9.263523e-04, -6.279289e-04],
 [ 9.132213e-04, -3.208063e-03, -4.308126e-04],
 [ 6.016560e-04,  1.736755e-04,  1.218315e-03],
 [-7.476344e-04,  1.254022e-03,  4.809121e-04],
 [ 6.326390e-04, -2.423096e-04, -6.345153e-06],
 [-1.514272e-03,  5.600524e-03, -2.699303e-03],
 [ 1.926201e-07,  1.135408e-07, -2.549594e-08],
 [-3.490526e-07, -2.731840e-07,  1.677533e-07],
 [-3.987516e-04, -5.683083e-04,  8.779121e-04]]
spherical_charges_l2: [[-1.057131e-02,  2.729970e-03,  9.709848e-04,  1.119769e-02, -2.923363e-03],
 [-1.895193e-06, -6.125940e-07, -1.443844e-06,  6.296315e-07, -2.821116e-07],
 [ 3.594965e-07, -1.113482e-07,  2.093407e-07,  2.399004e-08,  1.963378e-07],
 [ 1.591929e-02,  4.070810e-04, -5.994788e-03, -2.146408e-02,  1.870034e-02],
 [ 6.427288e-04, -5.536104e-05, -1.504973e-03, -1.134891e-03,  9.155035e-04],
 [ 3.698928e-03,  1.464559e-03, -9.412048e-04, -2.298170e-03,  3.087877e-03],
 [ 2.068617e-03,  5.304993e-03,  3.364471e-04,  1.172952e-03,  4.669608e-03],
 [ 1.912287e-03,  2.118503e-03, -9.572292e-05,  1.106073e-03,  2.834717e-03],
 [ 7.082015e-03,  9.909263e-03, -4.287678e-03,  4.585341e-03,  1.223401e-03],
 [-1.542499e-03,  9.479288e-03, -8.405633e-03,  3.708969e-02,  2.812646e-02],
 [-4.238151e-07,  3.614210e-07, -1.894360e-07, -3.598973e-07,  2.246713e-07],
 [ 9.672625e-07, -9.265297e-08,  2.747652e-07,  3.959606e-07, -3.363791e-09],
 [-2.352011e-03, -7.583462e-03,  3.539562e-03, -6.184553e-03, -2.606113e-03]]
energy_short: [ 0.028765, -0.298293, -0.344364, -0.023718, -0.370886, -0.329399, -0.389053, -0.463292, -0.530661, -0.364823, -0.24371 , -0.307547,  0.427392]
energy_long: [0.219825, 0.164029, 0.163916, 0.221035, 0.220516, 0.220746, 0.221216, 0.220827, 0.220695, 0.22053 , 0.164169, 0.163933, 0.22051 ]