step=3488355, graph_id=0, num_atoms=13
scalar_charges: [-2418143.  ,  -897487.94,  -981639.7 , -3384056.  , -3041543.  , -2697670.5 , -1729039.5 , -2163035.  , -2405791.  , -2410812.5 ,  -914278.4 ,  -953755.1 , -1978518.5 ]
spherical_charges_l0: [[-3.644960e+02],
 [-4.131117e+00],
 [-3.828476e+00],
 [-1.484701e+05],
 [-4.867769e+03],
 [-2.678346e+03],
 [-2.501048e+03],
 [-6.987543e+03],
 [ 7.258909e+02],
 [-1.370655e+05],
 [-7.534477e-01],
 [-1.388085e+00],
 [-1.236332e+03]]
spherical_charges_l1: [[-1.224402e+03, -1.525176e+03, -2.971874e+03],
 [-7.754562e+00,  5.132132e+00, -2.544623e+00],
 [ 4.857040e+00,  2.974818e+00,  2.888365e+00],
 [-9.689192e+03, -1.561966e+05, -6.092772e+04],
 [ 1.400823e+04, -9.143094e+03, -2.556700e+03],
 [-5.923472e+03,  6.461974e+03,  3.494628e+02],
 [-2.198816e+03, -3.152759e+03, -3.500471e+03],
 [-4.984563e+03, -5.181700e+03,  1.011314e+03],
 [ 1.310505e+03, -2.428115e+03, -4.045778e+02],
 [-3.338249e+04,  9.845616e+04, -3.922137e+04],
 [ 1.645438e+00, -2.786626e+00,  1.173660e+00],
 [ 3.086149e+00, -3.596634e+00,  1.768681e+00],
 [-3.117521e+03,  4.245062e+03, -3.941506e+03]]
spherical_charges_l2: [[ 7.376100e+02, -7.929694e+02,  3.442869e+03,  9.478427e+02, -1.435505e+03],
 [-1.952521e+00,  4.090868e-01, -2.219324e+00,  1.405704e+00,  4.547275e-02],
 [ 7.692660e-02,  1.841480e+00, -3.553620e-01, -1.359486e+00,  1.413613e+00],
 [ 3.684717e+04, -2.074123e+04, -2.544032e+05, -1.332007e+05,  9.617677e+04],
 [ 9.114807e+02,  1.613236e+04,  2.466075e+04,  1.020363e+04,  2.839833e+02],
 [ 8.043043e+03, -4.122556e+03, -2.925804e+02,  2.421602e+03, -1.966378e+03],
 [-9.477257e+03,  2.504553e+03, -1.031410e+03,  7.494406e+02, -3.948767e+03],
 [ 1.505250e+03, -4.710278e+03,  2.991594e+03, -9.703741e+03, -5.098529e+03],
 [ 1.035844e+02,  9.394897e+02, -8.020523e+03,  3.257849e+03, -1.078419e+04],
 [-3.202583e+04, -4.500145e+04,  6.379287e+04,  6.295291e+04,  2.192060e+05],
 [-6.787819e-01, -1.945224e+00,  8.395405e-01, -2.392910e-01,  7.204807e-02],
 [-4.000681e-01, -1.295501e+00,  5.484950e-01,  2.867831e-03,  2.766211e-01],
 [-2.296799e+02,  3.546830e+02, -1.719710e+02, -1.886828e+03, -4.268405e+03]]
energy_short: [-0.244769, -0.575284, -0.585785,  0.167035,  0.309251,  0.315335,  0.209605,  0.168616,  0.13308 ,  0.026917, -0.565103, -0.574468,  0.055183]
energy_long: [ 0.033966,  0.276124,  0.276208, -0.081811,  0.053637,  0.079211,  0.050212,  0.065186,  0.05543 , -0.07328 ,  0.276156,  0.276339,  0.031525]