step=2222775, graph_id=0, num_atoms=13
scalar_charges: [-484135.72, -378244.94, -390674.12, -614586.44, -539136.5 , -492068.75, -355733.44, -407126.1 , -467955.38, -468141.38, -376934.8 , -383197.2 , -417076.88]
spherical_charges_l0: [[-2.018726e+02],
 [-1.708057e-01],
 [-2.743997e-01],
 [-2.666679e+04],
 [-7.135287e+02],
 [-2.321325e+02],
 [-2.510798e+02],
 [-1.009995e+03],
 [ 2.428231e+02],
 [-2.430082e+04],
 [-1.296526e-01],
 [-1.678710e-01],
 [-2.685612e+02]]
spherical_charges_l1: [[-1.352695e+02, -2.615895e+02, -1.095452e+02],
 [-1.232246e-01,  2.807662e-01, -1.506581e-02],
 [ 2.030118e-01,  3.508247e-01,  2.221362e-01],
 [-4.771271e+03, -2.745661e+04, -1.257162e+04],
 [ 2.182939e+03, -1.042959e+03, -1.611586e+02],
 [-1.346734e+03,  2.461620e+02, -3.996843e+02],
 [-3.686569e+02, -4.832515e+02, -1.154873e+03],
 [-9.694227e+02,  1.144698e+02,  1.948692e+02],
 [ 1.970722e+02, -2.371189e+02, -1.973474e+02],
 [-7.566800e+03,  1.845541e+04, -8.631654e+03],
 [ 7.408191e-02, -1.389707e-01,  7.006846e-02],
 [ 2.313520e-01, -1.129609e-01,  7.560284e-02],
 [-3.806662e+02,  4.775080e+02, -4.336567e+02]]
spherical_charges_l2: [[ 5.478606e+01, -1.520596e+02,  8.133598e+02,  1.454927e+02, -4.535443e+02],
 [-2.615323e-01,  2.468794e-01, -2.018776e-01,  8.952738e-02,  1.437093e-01],
 [-4.847124e-04,  2.889691e-01, -2.346806e-02,  2.419780e-03,  1.519478e-01],
 [ 6.925769e+03, -6.479407e+03, -6.261813e+04, -3.223121e+04,  2.121805e+04],
 [ 1.147348e+02,  3.627483e+03,  5.652950e+03,  2.550389e+03,  9.840335e+01],
 [ 1.987412e+03, -1.213569e+03, -3.342659e+02,  3.409703e+02, -2.403387e+01],
 [-2.087097e+03,  1.017214e+03, -4.912244e+02,  2.442675e+02, -6.378201e+02],
 [ 2.667286e+02, -1.332142e+03,  7.871556e+02, -2.641049e+03, -7.661667e+02],
 [-5.975961e+01, -1.384268e+02, -1.882035e+03,  6.397758e+02, -2.758708e+03],
 [-6.775719e+03, -1.063535e+04,  1.585404e+04,  1.361716e+04,  5.082043e+04],
 [-5.015966e-02, -1.140676e-01,  1.859698e-02, -1.054426e-01, -5.451108e-02],
 [ 6.486084e-02, -1.954480e-01,  1.195989e-01, -2.989746e-02, -8.200099e-02],
 [-1.151816e+02, -2.552987e+01, -2.572703e-01, -3.495507e+02, -9.624450e+02]]
energy_short: [-0.110282, -0.757111, -0.765482,  0.242448,  0.353032,  0.354344,  0.24253 ,  0.207696,  0.166322,  0.099537, -0.745006, -0.753883,  0.191066]
energy_long: [ 0.050136,  0.276338,  0.276662, -0.080241,  0.065752,  0.094455,  0.067356,  0.082882,  0.067559, -0.081626,  0.276255,  0.276413,  0.049194]