step=2278845, graph_id=0, num_atoms=13
scalar_charges: [-503683.62, -339736.8 , -352365.56, -661891.4 , -582107.  , -522278.75, -380190.75, -444596.62, -501494.8 , -513014.75, -341987.  , -348032.12, -418293.22]
spherical_charges_l0: [[-2.905814e+02],
 [-1.893854e-01],
 [-2.548259e-01],
 [-2.712621e+04],
 [-1.079003e+03],
 [-3.815995e+02],
 [-3.624784e+02],
 [-1.250848e+03],
 [ 2.318790e+02],
 [-2.542766e+04],
 [-1.352645e-01],
 [-1.546569e-01],
 [-3.635788e+02]]
spherical_charges_l1: [[-1.622219e+02, -4.579039e+02, -2.110468e+02],
 [ 5.317366e-03,  4.487858e-01,  6.344938e-02],
 [ 2.367165e-01,  3.004087e-01,  1.839403e-01],
 [-4.026489e+03, -2.669163e+04, -1.131305e+04],
 [ 2.522778e+03, -1.534964e+03, -4.952360e+02],
 [-1.674711e+03,  3.919474e+02, -4.761871e+02],
 [-3.688387e+02, -4.559159e+02, -9.807177e+02],
 [-7.606656e+02,  1.543158e+01,  3.958427e+01],
 [ 2.845635e+02, -3.909719e+02, -2.765406e+02],
 [-7.436618e+03,  1.835067e+04, -7.117784e+03],
 [ 6.194993e-03, -1.886266e-01,  1.002492e-01],
 [ 2.355472e-01, -7.849948e-02,  6.951241e-02],
 [-5.205160e+02,  6.719017e+02, -6.638876e+02]]
spherical_charges_l2: [[-5.503304e+01, -1.082548e+02,  6.832084e+02,  3.716959e+01, -4.149669e+02],
 [-1.291472e-01,  7.596161e-02, -9.473690e-02,  1.559877e-01, -7.037879e-04],
 [-2.825976e-02,  1.829077e-01, -1.345998e-02, -3.326397e-02,  1.409501e-01],
 [ 7.856783e+03, -6.955392e+03, -5.793056e+04, -2.965599e+04,  1.945063e+04],
 [ 2.681768e+02,  4.668928e+03,  5.633509e+03,  3.000049e+03,  3.775220e+02],
 [ 2.027584e+03, -1.493426e+03, -5.443387e+02,  2.713488e+02, -2.679868e+02],
 [-1.903334e+03,  8.874553e+02, -4.846168e+02,  3.350654e+02, -6.236036e+02],
 [ 2.420898e+02, -1.203793e+03,  1.219295e+03, -2.855934e+03, -9.434271e+02],
 [ 9.484541e+01,  2.479592e+02, -1.829019e+03,  6.336230e+02, -2.653534e+03],
 [-5.572027e+03, -1.029812e+04,  1.636886e+04,  1.115133e+04,  4.867448e+04],
 [ 9.149087e-02, -9.574942e-02,  7.406539e-03, -7.431895e-02, -1.191002e-01],
 [ 3.324781e-03,  1.197673e-02,  1.333729e-02, -6.461656e-02, -1.071961e-01],
 [-2.104545e+02, -4.657476e+01, -1.229389e+02, -1.132816e+02, -9.649155e+02]]
energy_short: [-0.115573, -0.733635, -0.743035,  0.267689,  0.366287,  0.373675,  0.267139,  0.225276,  0.184335,  0.124143, -0.721825, -0.731069,  0.189103]
energy_long: [ 0.037023,  0.281018,  0.281163, -0.079686,  0.050887,  0.075821,  0.052607,  0.068558,  0.052947, -0.079911,  0.2809  ,  0.280961,  0.03558 ]