step=3204000, graph_id=0, num_atoms=13
scalar_charges: [-2780617.2, -1112110.6, -1198206.1, -2802568.5, -2411666.2, -2124493.8, -1282320.5, -1665777.4, -1922350.9, -1999947.5, -1113547.2, -1155236.5, -2307222. ]
spherical_charges_l0: [[-3.475374e+02],
 [-2.588718e+00],
 [-2.255632e+00],
 [-1.293527e+05],
 [-4.192381e+03],
 [-2.393407e+03],
 [-1.930689e+03],
 [-6.256672e+03],
 [ 5.703325e+02],
 [-1.212780e+05],
 [-2.363008e-01],
 [-6.142039e-01],
 [-1.048397e+03]]
spherical_charges_l1: [[-6.476886e+02, -1.241340e+03, -2.215852e+03],
 [-5.961123e+00,  3.985808e+00, -2.662040e+00],
 [ 3.311563e+00,  2.147027e+00,  1.838741e+00],
 [-1.311312e+04, -1.327838e+05, -4.988474e+04],
 [ 1.128492e+04, -6.083633e+03, -2.471497e+03],
 [-5.695704e+03,  4.596942e+03,  6.259454e+02],
 [-1.354848e+03, -2.764038e+03, -2.310421e+03],
 [-3.644475e+03, -3.033731e+03,  1.795257e+03],
 [ 1.372733e+03, -2.480459e+03, -9.800193e+02],
 [-3.316664e+04,  9.210702e+04, -3.457284e+04],
 [ 2.982635e+00, -2.194106e+00,  1.053987e+00],
 [ 2.213617e+00, -3.380260e+00,  1.755112e+00],
 [-2.388611e+03,  3.112106e+03, -3.151160e+03]]
spherical_charges_l2: [[ 7.012413e+02, -9.539293e+02,  3.438797e+03,  7.928225e+02, -1.851003e+03],
 [-1.400575e+00,  1.532020e+00, -2.230848e+00,  5.742247e-01,  7.022473e-01],
 [ 5.910861e-01,  1.472677e+00,  1.644090e-01, -1.106394e+00,  8.643178e-01],
 [ 2.925059e+04, -2.692488e+04, -2.275252e+05, -1.189686e+05,  8.246161e+04],
 [ 1.249949e+03,  1.480911e+04,  2.269982e+04,  9.764627e+03, -1.662473e+02],
 [ 7.942274e+03, -5.251952e+03, -1.396299e+03,  1.589779e+03, -1.421760e+03],
 [-8.160166e+03,  2.563077e+03, -9.571696e+02,  2.769142e+02, -3.476735e+03],
 [ 1.689821e+03, -4.955034e+03,  3.099642e+03, -1.008796e+04, -4.385792e+03],
 [ 4.234349e+02,  8.946682e+02, -7.721531e+03,  2.584092e+03, -1.133952e+04],
 [-2.979540e+04, -4.406162e+04,  6.083419e+04,  5.336627e+04,  1.989759e+05],
 [-7.147480e-01, -1.364473e+00,  5.406337e-01, -1.877619e-01,  1.907752e-01],
 [ 5.060373e-02, -1.070289e+00,  5.264397e-01,  2.810526e-01,  1.678180e-01],
 [-4.042886e+02,  1.549931e+02, -1.499513e+02, -1.911670e+03, -4.270173e+03]]
energy_short: [-0.261503, -0.603011, -0.612887,  0.197   ,  0.339247,  0.347014,  0.241911,  0.202063,  0.164534,  0.05817 , -0.59291 , -0.601313,  0.039266]
energy_long: [ 0.029578,  0.274216,  0.274007, -0.086732,  0.045968,  0.075305,  0.046349,  0.061285,  0.047724, -0.083731,  0.274059,  0.274177,  0.026751]