step=3187980, graph_id=0, num_atoms=13
scalar_charges: [-3002705.5, -1137495.8, -1215790.1, -2987576.8, -2617457. , -2303510. , -1406142.1, -1786480.8, -2092556.8, -2211293. , -1130651.2, -1169135.2, -2566674.5]
spherical_charges_l0: [[-5.263781e+02],
 [-3.115379e+00],
 [-2.098867e+00],
 [-1.328777e+05],
 [-4.832183e+03],
 [-2.173644e+03],
 [-2.221179e+03],
 [-6.467726e+03],
 [-2.587455e+02],
 [-1.284045e+05],
 [-2.707478e-01],
 [-9.786368e-01],
 [-1.432065e+03]]
spherical_charges_l1: [[-7.562991e+02, -1.466302e+03, -1.664981e+03],
 [-4.866229e+00,  6.193529e+00, -1.411305e+00],
 [ 1.359167e+00,  3.737578e+00,  2.151664e+00],
 [-8.931131e+03, -1.355277e+05, -5.103193e+04],
 [ 1.098283e+04, -6.864996e+03, -1.493975e+03],
 [-5.449832e+03,  5.400638e+03,  1.414104e+03],
 [-1.460398e+03, -2.403740e+03, -2.732464e+03],
 [-3.711800e+03, -5.599213e+03,  3.409720e+03],
 [ 1.470805e+03, -1.391151e+03, -2.402224e+02],
 [-3.620504e+04,  1.008964e+05, -4.292624e+04],
 [ 4.772153e+00, -1.479842e+00,  5.710671e-01],
 [ 1.414660e+00, -5.042550e+00,  2.603107e+00],
 [-2.379770e+03,  3.781867e+03, -3.465500e+03]]
spherical_charges_l2: [[ 4.276585e+02, -1.292016e+03,  3.074415e+03,  8.292446e+02, -1.859246e+03],
 [-5.865815e-01,  8.037859e-01, -2.284903e+00,  3.904798e-01,  3.163249e-01],
 [ 5.929686e-01,  9.246216e-01,  3.799735e-01, -9.963065e-01,  6.421375e-01],
 [ 2.608951e+04, -1.488219e+04, -2.317626e+05, -1.157585e+05,  8.791717e+04],
 [ 8.798082e+02,  1.359664e+04,  2.086472e+04,  8.852859e+03, -6.590811e+02],
 [ 6.551315e+03, -4.622188e+03, -1.317593e+03,  1.401269e+03, -1.324238e+03],
 [-7.193859e+03,  2.129830e+03, -7.511709e+02,  5.645061e+02, -3.373534e+03],
 [ 1.079015e+03, -3.942112e+03,  2.218784e+03, -8.627211e+03, -4.603488e+03],
 [ 4.798061e+02,  5.002074e+02, -6.485506e+03,  1.998610e+03, -1.055101e+04],
 [-3.141698e+04, -4.394041e+04,  5.960397e+04,  6.164471e+04,  2.117535e+05],
 [-3.311402e-01, -7.454771e-01,  3.964746e-01,  7.468497e-02,  1.914982e-01],
 [ 5.289379e-01, -3.533747e-01,  1.726483e-01,  3.545030e-01,  1.592003e-01],
 [-3.294788e+02,  2.857716e+02, -2.766949e+02, -2.095941e+03, -4.709488e+03]]
energy_short: [-0.272088, -0.599328, -0.609711,  0.189093,  0.338504,  0.346143,  0.242919,  0.203248,  0.16374 ,  0.04269 , -0.590896, -0.598575,  0.03235 ]
energy_long: [ 0.026877,  0.274509,  0.274349, -0.079801,  0.04696 ,  0.073857,  0.044445,  0.062019,  0.048507, -0.078673,  0.274493,  0.274535,  0.0246  ]