step=805005, graph_id=0, num_atoms=13
scalar_charges: [-397.12744, -991.2933 , -970.91516, -482.0884 , -407.46436, -348.04538, -273.47867, -302.74554, -323.31512, -400.28308, -994.9409 , -969.9618 , -304.18246]
spherical_charges_l0: [[-1.319109e+01],
 [-4.952787e-01],
 [-6.668153e-02],
 [-7.275433e+02],
 [-7.812968e+00],
 [ 2.096336e+00],
 [-2.646132e+00],
 [-1.636936e+01],
 [ 6.699994e+00],
 [-6.321886e+02],
 [-1.893473e-01],
 [-1.374806e-01],
 [-8.951739e+00]]
spherical_charges_l1: [[ 5.273853e+00,  1.287803e+00, -1.677775e+00],
 [ 7.717442e-01, -3.241022e-02,  4.114446e-01],
 [-9.895347e-01,  2.505780e-01, -2.725624e-01],
 [-1.330213e+02, -5.637194e+02, -2.692949e+02],
 [ 3.641888e+01, -2.063228e+01,  1.581176e+01],
 [-1.202035e+01, -1.255944e+01, -1.507310e+01],
 [-3.095204e+00, -9.317983e+00, -1.528900e+01],
 [-6.958821e+00,  1.576111e+01,  1.371690e+00],
 [ 2.743064e+00, -2.208117e+00, -2.015417e+00],
 [-1.739367e+02,  3.545773e+02, -1.641036e+02],
 [ 6.783611e-01,  4.719080e-01, -2.343382e-01],
 [-7.487314e-01, -3.846349e-01,  1.351933e-01],
 [ 2.913967e+00, -2.561705e+00, -3.404976e+00]]
spherical_charges_l2: [[ 2.634767e+00, -3.350323e+00,  1.811645e+01, -5.328254e+00, -2.988025e+00],
 [-1.763847e-01, -1.299852e-01,  2.087914e-01,  2.733321e-01, -3.801512e-01],
 [-3.998310e-01,  2.645328e-01,  1.162012e-01,  3.330005e-01, -1.613285e-01],
 [ 1.394545e+02, -1.200836e+02, -1.316828e+03, -6.252181e+02,  5.006311e+02],
 [ 4.880299e+00,  7.116011e+01,  7.471613e+01,  2.696106e+01,  5.593211e+00],
 [ 5.116576e+01, -3.775031e+01, -1.142502e+01, -7.637239e+00, -5.994133e+00],
 [-2.170175e+01,  3.061511e+01, -1.236572e+01,  4.439465e-01, -2.645268e+00],
 [ 1.644054e+01, -6.129707e+00,  1.756428e+01, -4.040450e+01,  4.019357e+00],
 [-1.854664e+00,  1.643243e-01, -2.705464e+01,  1.067863e+01, -4.432711e+01],
 [-1.119837e+02, -1.699252e+02,  3.095689e+02,  2.753394e+02,  1.020286e+03],
 [ 8.510408e-02, -3.057307e-01,  1.366838e-01, -8.370865e-02, -6.155291e-02],
 [-1.672577e-01, -1.302192e-01,  1.173808e-01, -2.006930e-01, -8.691410e-02],
 [ 4.114475e+00,  5.777842e+00, -1.901847e+00, -2.432199e+00, -9.806209e+00]]
energy_short: [-0.193863, -0.225166, -0.236729,  0.156465,  0.137526,  0.152727,  0.041644,  0.005473, -0.027167, -0.067237, -0.21237 , -0.224778,  0.190067]
energy_long: [ 0.066506,  0.075594,  0.074132, -0.000608,  0.090692,  0.127195,  0.100682,  0.111345,  0.082374, -0.019227,  0.077277,  0.076367,  0.066603]