step=3440295, graph_id=0, num_atoms=13
scalar_charges: [-2358557.2 ,  -890658.6 ,  -966357.2 , -3310525.2 , -2942596.5 , -2676516.5 , -1736113.5 , -2174528.2 , -2371018.5 , -2486618.5 ,  -904974.1 ,  -941750.06, -1965937.2 ]
spherical_charges_l0: [[-1.180979e+02],
 [-5.365343e+00],
 [-4.872900e+00],
 [-1.030612e+05],
 [-3.040368e+03],
 [-1.871661e+03],
 [-1.723684e+03],
 [-4.993191e+03],
 [ 5.219875e+02],
 [-9.691659e+04],
 [-8.117341e-01],
 [-1.844938e+00],
 [-9.416073e+02]]
spherical_charges_l1: [[-1.095250e+03, -4.435496e+02, -2.071994e+03],
 [-1.235194e+01,  7.005721e+00, -3.638291e+00],
 [ 7.796970e+00,  1.811767e+00,  3.884802e+00],
 [-7.633491e+03, -1.105131e+05, -4.225277e+04],
 [ 9.479388e+03, -5.862578e+03, -2.257080e+03],
 [-4.358061e+03,  4.184941e+03,  4.625813e+02],
 [-1.220602e+03, -2.238567e+03, -2.113162e+03],
 [-3.312272e+03, -3.383851e+03,  1.243604e+03],
 [ 1.237056e+03, -2.195405e+03, -5.910302e+02],
 [-2.463646e+04,  7.280947e+04, -2.860465e+04],
 [ 1.608309e+00, -3.823301e+00,  1.869351e+00],
 [ 4.258392e+00, -2.883178e+00,  1.470372e+00],
 [-1.925602e+03,  2.342205e+03, -2.600393e+03]]
spherical_charges_l2: [[ 5.391307e+02, -6.631903e+02,  2.848032e+03,  6.848325e+02, -1.387020e+03],
 [-3.586103e+00,  1.224275e+00, -3.486784e+00,  1.709173e+00,  7.739008e-01],
 [ 3.605061e-01,  2.537337e+00,  6.833535e-03, -1.124296e+00,  1.441572e+00],
 [ 2.364329e+04, -1.794319e+04, -1.782512e+05, -9.205625e+04,  6.769648e+04],
 [ 9.405741e+02,  1.055552e+04,  1.833798e+04,  8.148908e+03, -3.968613e+02],
 [ 5.730119e+03, -3.540331e+03, -8.085728e+02,  1.823534e+03, -1.555671e+03],
 [-6.969752e+03,  1.558638e+03, -7.541154e+02,  5.755427e+02, -3.006942e+03],
 [ 1.114728e+03, -3.715743e+03,  2.315245e+03, -7.850769e+03, -3.623444e+03],
 [ 4.490133e+02,  6.744065e+02, -5.685250e+03,  1.298437e+03, -8.202203e+03],
 [-2.220367e+04, -3.232995e+04,  4.628597e+04,  4.223681e+04,  1.567425e+05],
 [-1.038349e+00, -1.868270e+00,  6.972327e-01, -8.440003e-01, -1.325416e-01],
 [-2.543707e-01, -1.925514e+00,  1.003421e+00, -2.744347e-01, -7.422233e-02],
 [-2.747172e+02,  2.021882e+02, -1.346200e+02, -1.497059e+03, -3.423057e+03]]
energy_short: [-0.229653, -0.578218, -0.588724,  0.154818,  0.307349,  0.309696,  0.203036,  0.16279 ,  0.130925,  0.016852, -0.567589, -0.576934,  0.066584]
energy_long: [ 0.035474,  0.276453,  0.276254, -0.084191,  0.055576,  0.083571,  0.0533  ,  0.069174,  0.057396, -0.073455,  0.276367,  0.276399,  0.033288]