step=3564450, graph_id=0, num_atoms=13
scalar_charges: [-2956326.  , -1013183.44, -1103004.5 , -3777567.8 , -3431418.5 , -3074917.  , -1927391.1 , -2457044.5 , -2740798.2 , -2839195.8 , -1028705.56, -1072192.4 , -2428633.8 ]
spherical_charges_l0: [[-3.937289e+02],
 [-4.379996e+00],
 [-3.958692e+00],
 [-1.371887e+05],
 [-3.863317e+03],
 [-2.343654e+03],
 [-2.197352e+03],
 [-6.313528e+03],
 [ 6.900576e+02],
 [-1.334508e+05],
 [-1.163689e+00],
 [-1.489264e+00],
 [-1.298979e+03]]
spherical_charges_l1: [[-1.476656e+03, -9.903279e+02, -2.668816e+03],
 [-8.017221e+00,  2.773550e+00, -3.713044e+00],
 [ 1.771811e+00,  4.950011e+00,  1.877080e+00],
 [-4.383506e+03, -1.437014e+05, -5.064863e+04],
 [ 1.255930e+04, -8.037508e+03, -2.470655e+03],
 [-5.814248e+03,  5.420334e+03,  7.987374e+02],
 [-1.314225e+03, -2.793465e+03, -2.439218e+03],
 [-4.044054e+03, -4.260999e+03,  1.749724e+03],
 [ 1.588617e+03, -2.660132e+03, -3.391771e+02],
 [-3.387366e+04,  1.000016e+05, -3.687784e+04],
 [ 3.090107e+00, -2.552758e+00,  1.430521e+00],
 [ 1.755503e+00, -4.539920e+00,  2.488024e+00],
 [-2.325034e+03,  3.275502e+03, -3.344062e+03]]
spherical_charges_l2: [[ 6.008570e+02, -1.111251e+03,  3.597752e+03,  8.830057e+02, -1.780846e+03],
 [-2.356474e+00,  1.454991e+00, -2.779308e+00,  1.108043e+00,  6.747788e-01],
 [ 2.082518e-01,  1.694067e+00,  5.973526e-01, -6.706553e-01,  6.582100e-01],
 [ 3.144661e+04, -1.993212e+04, -2.270185e+05, -1.183548e+05,  9.405735e+04],
 [ 6.210848e+02,  1.453246e+04,  2.295847e+04,  9.668054e+03,  5.587235e+01],
 [ 6.894963e+03, -4.023402e+03, -6.283935e+02,  2.015184e+03, -1.588787e+03],
 [-8.351519e+03,  1.814047e+03, -7.956518e+02,  5.686118e+02, -3.682937e+03],
 [ 9.718972e+02, -4.256921e+03,  2.265943e+03, -9.343609e+03, -4.861765e+03],
 [ 4.883146e+02,  1.106403e+03, -7.681010e+03,  2.399873e+03, -1.066993e+04],
 [-3.190663e+04, -4.134987e+04,  6.155268e+04,  6.316645e+04,  2.122691e+05],
 [-7.748243e-01, -1.919653e+00,  8.984469e-01, -3.099857e-01,  1.782169e-02],
 [ 1.128549e-02, -1.366595e+00,  5.119649e-01, -1.338859e-02, -6.600064e-02],
 [-1.736937e+02,  3.978327e+02, -2.332667e+02, -2.145929e+03, -4.423868e+03]]
energy_short: [-0.250083, -0.575813, -0.585464,  0.163836,  0.314429,  0.319869,  0.21537 ,  0.174372,  0.139778,  0.023247, -0.565206, -0.574566,  0.049124]
energy_long: [ 0.0366  ,  0.274752,  0.274928, -0.082785,  0.056634,  0.083802,  0.054408,  0.073636,  0.058374, -0.072268,  0.274883,  0.275096,  0.034193]