step=2975715, graph_id=0, num_atoms=13
scalar_charges: [-1969394.1 ,  -991168.06, -1056377.5 , -2884964.5 , -2329091.  , -2002975.1 , -1288846.5 , -1586319.8 , -1880091.  , -2070890.2 , -1001179.75, -1033632.4 , -1674684.4 ]
spherical_charges_l0: [[-5.516359e+02],
 [-1.875834e+00],
 [-1.739905e+00],
 [-1.254628e+05],
 [-3.404024e+03],
 [-1.487767e+03],
 [-1.541162e+03],
 [-4.985039e+03],
 [ 5.366244e+02],
 [-1.144437e+05],
 [-3.142943e-01],
 [-4.367077e-01],
 [-1.328528e+03]]
spherical_charges_l1: [[-9.682191e+02, -5.360089e+02, -1.059633e+03],
 [-4.242476e+00,  3.932150e+00, -1.733222e+00],
 [ 1.868515e+00,  2.323947e+00,  1.248508e+00],
 [-7.512843e+03, -1.359272e+05, -5.157935e+04],
 [ 1.127229e+04, -5.828616e+03, -2.707997e+03],
 [-5.631242e+03,  2.941901e+03, -5.949863e+02],
 [-5.137120e+02, -2.622822e+03, -1.315907e+03],
 [-3.883181e+03, -1.571151e+03,  4.879563e+02],
 [ 1.169805e+03, -1.908154e+03, -1.460443e+03],
 [-3.620773e+04,  9.624207e+04, -3.944268e+04],
 [ 2.266560e+00, -1.996511e+00,  8.603644e-01],
 [ 2.018715e+00, -2.540204e+00,  1.132167e+00],
 [-1.803328e+03,  2.495309e+03, -2.363496e+03]]
spherical_charges_l2: [[ 1.882760e+02, -6.078617e+02,  2.925358e+03,  1.240847e+03, -1.514187e+03],
 [-9.872088e-01,  1.110878e+00, -1.619345e+00,  6.955518e-01,  6.577690e-01],
 [ 3.089368e-01,  1.532556e+00, -9.832668e-02, -8.930018e-01,  1.169451e+00],
 [ 3.087123e+04, -1.004684e+04, -2.309754e+05, -1.208961e+05,  9.295352e+04],
 [ 1.339783e+03,  1.132246e+04,  2.062543e+04,  8.589568e+03, -7.480629e+02],
 [ 6.722712e+03, -4.276527e+03, -1.065605e+03,  1.626215e+03, -8.936304e+02],
 [-6.721868e+03,  1.780030e+03, -1.079659e+03,  5.158105e+02, -3.222791e+03],
 [ 5.929515e+02, -4.436321e+03,  2.646166e+03, -8.553253e+03, -3.958562e+03],
 [ 5.861532e+02,  5.290475e+02, -6.367573e+03,  1.532188e+03, -1.021797e+04],
 [-2.866706e+04, -3.678907e+04,  5.398235e+04,  6.293421e+04,  2.022347e+05],
 [-6.608156e-01, -1.614291e+00,  6.521307e-01, -5.538707e-01, -1.086943e-01],
 [-1.006001e-01, -1.055213e+00,  6.132276e-01, -8.640569e-02, -6.918919e-02],
 [-5.953124e+02, -1.059929e+02,  8.597260e+01, -1.979229e+03, -3.834943e+03]]
energy_short: [-0.209502, -0.613886, -0.624106,  0.201898,  0.348405,  0.356964,  0.246333,  0.211531,  0.170796,  0.063035, -0.605028, -0.613085,  0.091706]
energy_long: [ 0.021337,  0.274193,  0.274021, -0.120198,  0.038493,  0.068198,  0.039778,  0.053686,  0.038568, -0.11628 ,  0.274006,  0.274174,  0.019627]