step=396495, graph_id=0, num_atoms=13
scalar_charges: [  0.902473, -41.39243 , -40.949142,   0.420897,   0.612295,   0.765562,   1.086616,   0.855612,   0.797064,   0.570627, -41.468872, -40.951996,   1.272972]
spherical_charges_l0: [[-6.575648e-01],
 [-3.619693e-02],
 [-1.588645e-02],
 [-5.555788e+01],
 [-1.247497e-01],
 [ 4.537397e-01],
 [ 3.951796e-01],
 [-5.979789e-01],
 [ 1.155629e+00],
 [-4.021484e+01],
 [-3.369662e-03],
 [-4.394970e-03],
 [-5.210173e-01]]
spherical_charges_l1: [[-1.724335e-01, -4.931208e-01, -1.656915e-02],
 [ 7.987804e-02, -5.544339e-02,  1.716891e-02],
 [-9.110706e-02, -3.858046e-03, -4.096255e-02],
 [-2.032482e+01, -5.349419e+01, -3.325411e+01],
 [ 2.725595e+00, -5.919042e-01,  1.088287e+00],
 [-1.519423e-01, -1.661154e+00, -1.399338e+00],
 [-8.918834e-01, -1.068708e+00, -3.312667e+00],
 [-3.979770e-01, -5.228564e-01, -6.087930e-01],
 [ 6.733675e-02, -6.091359e-02, -4.753434e-02],
 [-1.625787e+01,  2.865289e+01, -1.594415e+01],
 [ 5.613943e-02,  5.640372e-02, -2.341444e-02],
 [-8.026242e-02, -2.119761e-02,  1.123682e-02],
 [-2.084130e-01,  2.894022e-01, -2.856780e-01]]
spherical_charges_l2: [[ 2.254429e-04,  2.493290e-01,  1.152031e+00, -5.136651e-01,  1.099130e-01],
 [ 1.782638e-02, -2.683530e-02, -9.527992e-03, -1.957689e-02, -1.293126e-02],
 [ 2.323955e-02,  1.590707e-03, -3.865230e-03, -7.618953e-03,  6.599850e-03],
 [ 2.068655e+01,  2.203954e+00, -1.377369e+02, -6.973045e+01,  5.426637e+01],
 [ 3.872986e-01,  6.061074e+00,  6.276684e+00,  8.088715e-01,  1.565243e+00],
 [ 6.387934e+00, -4.629933e+00, -1.173883e+00, -1.869561e+00, -6.242046e-01],
 [-2.349381e+00,  3.415580e+00, -1.231617e+00, -9.126136e-02,  2.184099e-01],
 [ 2.322910e+00, -7.257735e-01,  2.052788e+00, -3.870134e+00,  7.091867e-01],
 [-5.335683e-01,  3.074323e-01, -2.057626e+00,  2.108790e+00, -3.893993e+00],
 [-9.850955e+00, -1.325624e+01,  2.804691e+01,  2.920777e+01,  9.447009e+01],
 [-1.307146e-02,  1.137517e-02, -2.166906e-03, -1.176953e-02, -8.574604e-04],
 [ 1.481741e-02, -1.469068e-03,  1.987076e-03,  3.719743e-03,  1.857786e-03],
 [ 6.581280e-02,  2.055813e-03,  1.667500e-01,  2.587572e-01, -2.378909e-02]]
energy_short: [-0.162981, -0.233029, -0.252092,  0.171823,  0.122684,  0.12277 ,  0.022559, -0.026378, -0.054227, -0.021327, -0.222237, -0.238742,  0.204105]
energy_long: [ 0.034878,  0.026465,  0.027531, -0.006876,  0.059033,  0.114112,  0.078108,  0.082707,  0.052051, -0.025701,  0.030512,  0.031195,  0.036414]