step=1321650, graph_id=0, num_atoms=13
scalar_charges: [ -4850.1855,  -9927.402 ,  -9926.105 , -12615.422 , -12855.3   , -13040.588 , -13374.232 , -13281.562 , -13168.365 , -13174.664 ,  -9919.494 ,  -9922.017 ,  -3421.4106]
spherical_charges_l0: [[-3.542999e+01],
 [-9.837481e-03],
 [-1.104319e-02],
 [-2.082700e+03],
 [-3.822062e+01],
 [ 1.722102e+01],
 [-8.271630e+00],
 [-7.204289e+01],
 [ 1.307603e+01],
 [-1.920023e+03],
 [-2.796912e-02],
 [-2.041513e-02],
 [-2.777594e+01]]
spherical_charges_l1: [[-3.017668e+00, -1.862985e+01, -2.598037e+00],
 [-5.170039e-03, -4.383076e-03, -1.491842e-03],
 [-2.379579e-03,  1.272966e-02,  5.073752e-03],
 [-2.002459e+02, -1.563509e+03, -6.520126e+02],
 [ 1.206724e+02, -9.030262e+01, -6.155133e+00],
 [-5.780613e+01, -4.134104e+01, -5.575732e+01],
 [-9.129498e+00, -2.811638e+01, -4.742391e+01],
 [-2.909206e+01,  2.092441e+01,  5.475595e+00],
 [ 3.966605e+00,  5.317138e+00, -1.105808e+01],
 [-4.864330e+02,  1.070611e+03, -4.779965e+02],
 [-3.241306e-03,  1.984506e-02, -9.233777e-03],
 [-6.061313e-03,  2.109378e-02, -8.641940e-03],
 [-3.765705e+00,  1.613448e+01, -1.039315e+01]]
spherical_charges_l2: [[ 8.564884e+00, -7.663701e+00,  6.153986e+01, -1.253745e+01, -1.987230e+01],
 [-6.109872e-03,  8.119463e-04,  3.351061e-03,  8.577108e-03, -7.947218e-04],
 [-2.565488e-03,  1.466725e-03, -1.019367e-02, -5.003836e-04,  7.686202e-03],
 [ 4.193688e+02, -4.337004e+02, -3.771802e+03, -1.829013e+03,  1.358485e+03],
 [ 1.898636e+01,  2.292527e+02,  2.864889e+02,  1.454796e+02,  1.525265e+01],
 [ 1.834903e+02, -1.417891e+02, -2.834299e+01, -1.160298e+01, -6.705942e+00],
 [-9.922892e+01,  7.799322e+01, -2.102059e+01,  1.561507e+01, -1.351399e+01],
 [ 3.906220e+01, -7.998919e+01,  6.520351e+01, -2.025370e+02, -4.659032e+01],
 [-2.017002e+01,  5.280539e-01, -9.906760e+01,  4.298206e+01, -1.559066e+02],
 [-3.614895e+02, -6.575315e+02,  9.545866e+02,  7.879190e+02,  3.194123e+03],
 [-1.402673e-02, -1.958030e-02, -1.959157e-03,  1.279235e-02,  1.775789e-02],
 [-7.243610e-03, -8.023277e-03,  3.814764e-03,  1.214518e-02,  4.728762e-03],
 [ 1.971621e+00,  1.146971e+01, -1.871849e+00, -1.210034e+01, -4.559092e+01]]
energy_short: [-0.307513, -0.485377, -0.490787,  0.224616,  0.177163,  0.186253,  0.081332,  0.0326  ,  0.000775,  0.01331 , -0.468672, -0.478151,  0.051338]
energy_long: [ 0.079868,  0.244713,  0.245008,  0.003481,  0.089333,  0.131077,  0.110826,  0.128003,  0.090333, -0.011614,  0.244932,  0.244725,  0.08097 ]