step=977220, graph_id=0, num_atoms=13
scalar_charges: [-651.2757 , -882.9141 , -860.84235, -293.13412, -152.66774, -235.82515, -386.7733 , -311.79346, -297.07315, -452.9252 , -892.4328 , -865.515  , -506.725  ]
spherical_charges_l0: [[-8.154019e+00],
 [-9.219538e-01],
 [ 2.389344e-01],
 [-6.813267e+02],
 [-1.033676e+01],
 [ 4.474628e+00],
 [ 1.259660e+00],
 [-1.917746e+01],
 [ 5.649116e+00],
 [-5.893544e+02],
 [-2.769155e-01],
 [-8.227949e-02],
 [-8.054486e+00]]
spherical_charges_l1: [[-5.895261e-01, -2.540502e+00, -1.450955e+00],
 [ 3.321661e+00, -6.837826e-01,  1.390213e+00],
 [-3.204376e+00,  5.879167e-01, -9.922158e-01],
 [-1.091095e+02, -4.821940e+02, -2.249381e+02],
 [ 3.256845e+01, -1.473767e+01,  6.936792e+00],
 [-1.334902e+01, -9.706090e+00, -9.000886e+00],
 [-2.259610e+00, -6.717222e+00, -1.291395e+01],
 [-4.211661e+00,  1.429767e+01,  4.718320e+00],
 [ 4.008967e+00, -4.478978e+00, -5.051474e+00],
 [-1.487847e+02,  3.200335e+02, -1.428255e+02],
 [ 2.389276e+00,  1.388230e+00, -6.602271e-01],
 [-2.606198e+00, -1.357356e+00,  4.984097e-01],
 [ 1.332765e+00,  4.514204e-01, -3.080389e+00]]
spherical_charges_l2: [[ 2.570971e+00,  1.546267e+00,  1.417538e+01, -3.659523e+00, -4.573078e-01],
 [ 7.946945e-01, -7.139248e-01,  5.709690e-01, -3.339948e-01, -7.419887e-01],
 [ 3.739820e-01, -6.545492e-01,  2.795174e-01, -4.187211e-01, -8.155161e-01],
 [ 9.458025e+01, -5.181855e+01, -1.148750e+03, -5.534409e+02,  4.466500e+02],
 [ 2.477633e-01,  5.411597e+01,  6.830614e+01,  2.913148e+01,  3.480358e+00],
 [ 5.238163e+01, -2.583854e+01,  1.796859e+00, -2.986917e+00,  1.062573e-01],
 [-2.343650e+01,  2.068777e+01, -7.985554e+00,  6.506747e-02, -5.026024e+00],
 [ 1.119863e+01, -6.447396e+00,  1.531356e+01, -4.132587e+01, -4.214240e+00],
 [-6.375466e+00, -5.982424e+00, -1.873643e+01,  8.921842e+00, -4.068337e+01],
 [-1.155572e+02, -1.642763e+02,  2.492015e+02,  2.416230e+02,  9.103026e+02],
 [ 9.352770e-01,  3.840747e-02, -8.118074e-02,  3.046263e-01, -1.864699e-01],
 [-2.731780e-01,  1.100831e+00, -4.128498e-01, -3.773796e-01, -3.799580e-01],
 [ 2.097557e+00,  2.143034e+00,  1.144562e+00, -5.006674e+00, -9.386054e+00]]
energy_short: [-0.25781 , -0.483403, -0.496156,  0.342964,  0.314411,  0.315694,  0.209193,  0.165425,  0.14107 ,  0.15196 , -0.470652, -0.485115,  0.102539]
energy_long: [ 0.046605,  0.045963,  0.046696, -0.042699,  0.06551 ,  0.109202,  0.074809,  0.094216,  0.059586, -0.060885,  0.049665,  0.048198,  0.047399]