step=2479095, graph_id=0, num_atoms=13
scalar_charges: [-1375670.5 ,  -806730.1 ,  -839927.4 , -1578226.1 , -1419585.6 , -1240820.4 ,  -836709.06, -1015378.75, -1211658.5 , -1211181.  ,  -799073.9 ,  -818629.1 , -1110716.  ]
spherical_charges_l0: [[-6.336648e+02],
 [-5.976333e-01],
 [-4.441832e-01],
 [-6.438938e+04],
 [-2.317688e+03],
 [-1.239820e+03],
 [-9.121825e+02],
 [-2.929901e+03],
 [ 4.824644e+02],
 [-6.110068e+04],
 [-1.091401e-01],
 [-1.221673e-01],
 [-7.833641e+02]]
spherical_charges_l1: [[ 7.907812e+01, -1.145768e+03, -1.229149e+03],
 [-3.271909e-01,  1.635859e+00,  2.078683e-03],
 [ 7.456077e-01,  8.235048e-01,  6.253703e-01],
 [-5.320355e+03, -7.907696e+04, -3.205725e+04],
 [ 6.336699e+03, -4.391820e+03, -1.175890e+03],
 [-4.175723e+03,  1.593777e+03, -8.746830e+02],
 [-6.837042e+02, -1.209473e+03, -1.553296e+03],
 [-2.322927e+03, -3.162802e+02,  6.322144e+01],
 [ 1.044542e+03, -8.646908e+02,  9.313338e+01],
 [-2.412121e+04,  5.543622e+04, -2.611659e+04],
 [ 9.500967e-03, -6.713372e-01,  3.448751e-01],
 [ 7.213851e-01, -4.072352e-01,  2.783816e-01],
 [-1.083449e+03,  1.454290e+03, -1.797458e+03]]
spherical_charges_l2: [[ 4.231790e+02, -1.982212e+02,  1.696806e+03,  2.674556e+01, -7.043416e+02],
 [-4.890850e-01,  3.702117e-01, -4.301392e-01,  3.329428e-01,  8.797588e-02],
 [-6.074006e-02,  2.710819e-01, -1.195378e-01, -1.405946e-01,  3.063970e-01],
 [ 1.783507e+04, -8.554012e+03, -1.375411e+05, -7.075898e+04,  5.265279e+04],
 [ 8.304835e+02,  9.108777e+03,  1.330730e+04,  6.301433e+03,  1.474306e+02],
 [ 4.758630e+03, -3.666781e+03, -7.472321e+02,  5.869066e+02, -5.135864e+02],
 [-4.272775e+03,  1.308756e+03, -6.681740e+02,  6.461125e+02, -1.615095e+03],
 [ 1.343320e+02, -3.198693e+03,  2.048761e+03, -5.943984e+03, -2.567452e+03],
 [ 1.147506e+02,  4.177435e+02, -3.852629e+03,  9.584837e+02, -5.985503e+03],
 [-1.672276e+04, -2.479054e+04,  3.853229e+04,  3.448257e+04,  1.244161e+05],
 [-4.110425e-02, -3.832093e-01,  8.001676e-02, -3.267936e-01, -2.603194e-01],
 [-5.451650e-02, -2.418923e-01,  2.070862e-01, -1.921515e-01, -2.031143e-01],
 [-1.383633e+02,  7.705756e+01, -3.181311e+01, -5.865036e+02, -1.845214e+03]]
energy_short: [-0.141034, -0.682494, -0.691245,  0.220156,  0.33136 ,  0.339197,  0.23047 ,  0.193444,  0.149869,  0.078353, -0.67046 , -0.678875,  0.159598]
energy_long: [ 0.028757,  0.288476,  0.288293, -0.099518,  0.05289 ,  0.072154,  0.047588,  0.066334,  0.056698, -0.094432,  0.288344,  0.288356,  0.027532]