step=1670085, graph_id=0, num_atoms=13
scalar_charges: [-34667.21 , -86982.05 , -87719.625, -56858.203, -56963.953, -54320.914, -47573.07 , -51127.758, -53477.68 , -51006.914, -87177.59 , -87510.44 , -28960.902]
spherical_charges_l0: [[-1.063591e+02],
 [-3.562657e-02],
 [-2.516245e-02],
 [-5.946585e+03],
 [-1.538674e+02],
 [-1.920292e+01],
 [-4.134195e+01],
 [-2.235389e+02],
 [ 5.011518e+01],
 [-5.728280e+03],
 [-4.117817e-02],
 [-2.669045e-02],
 [-6.704588e+01]]
spherical_charges_l1: [[ 8.879238e+00,  5.612768e+00,  3.132114e-01],
 [-1.983715e-03,  1.931624e-02,  8.589756e-03],
 [-4.885447e-03,  9.368222e-03,  6.748231e-03],
 [-7.946925e+02, -5.311539e+03, -2.381683e+03],
 [ 4.588027e+02, -2.570336e+02, -1.386392e+01],
 [-2.741241e+02,  1.451766e+01, -1.175255e+02],
 [-6.281536e+01, -7.595144e+01, -2.287560e+02],
 [-1.075262e+02,  1.259889e+01,  7.152645e+00],
 [ 6.464286e+01, -2.138808e+01, -2.986228e+01],
 [-1.600526e+03,  3.676194e+03, -1.709205e+03],
 [ 7.388860e-03,  7.073425e-03,  1.330357e-04],
 [-1.246285e-02,  1.633753e-02, -3.596212e-03],
 [-2.195802e+01,  2.564668e+01, -7.381876e+01]]
spherical_charges_l2: [[-6.367156e+00, -2.381313e+01,  1.592988e+02, -2.722505e+01, -3.243065e+01],
 [ 2.181288e-02,  3.267807e-03, -4.117356e-03, -6.532411e-03, -1.098542e-03],
 [ 3.145490e-03, -2.713902e-02,  2.587759e-03, -8.898495e-03, -1.223795e-02],
 [ 1.282488e+03, -1.291914e+03, -1.246519e+04, -5.890961e+03,  4.348686e+03],
 [ 8.437553e+01,  8.735662e+02,  1.092592e+03,  5.016560e+02,  2.036370e+01],
 [ 4.903847e+02, -3.817182e+02, -1.434347e+02,  9.795216e+00, -8.240000e+00],
 [-3.777669e+02,  1.889183e+02, -8.346899e+01,  6.808121e+01, -8.803767e+01],
 [ 7.480666e+01, -2.678604e+02,  2.417411e+02, -6.485279e+02, -1.625393e+02],
 [-1.733163e+01,  2.160425e+01, -3.751507e+02,  1.836961e+02, -6.030724e+02],
 [-1.390087e+03, -2.218983e+03,  3.448765e+03,  2.616222e+03,  1.089840e+04],
 [ 7.218014e-03, -8.600154e-03, -8.866355e-03,  1.418517e-02,  1.333759e-02],
 [-1.106284e-02,  3.088076e-02, -1.022769e-02,  5.450442e-03, -1.608975e-03],
 [-1.094425e+01,  1.822994e+01,  3.420069e+00, -1.837268e+01, -9.783970e+01]]
energy_short: [-0.13982 , -0.886392, -0.894526,  0.314163,  0.360737,  0.370548,  0.26256 ,  0.218013,  0.177982,  0.148314, -0.874255, -0.882595,  0.177249]
energy_long: [ 0.093683,  0.272808,  0.272668, -0.04111 ,  0.10328 ,  0.135733,  0.115459,  0.13247 ,  0.107174, -0.044162,  0.272686,  0.272689,  0.093856]