step=3151935, graph_id=0, num_atoms=13
scalar_charges: [-2650873.8, -1082656.9, -1147879. , -2684432. , -2220349.2, -1939653.4, -1218622.9, -1540006. , -1745948.8, -1954689. , -1095271.2, -1126321.8, -2209720. ]
spherical_charges_l0: [[-4.068179e+02],
 [-1.925572e+00],
 [-1.573573e+00],
 [-9.521517e+04],
 [-3.212533e+03],
 [-1.668273e+03],
 [-1.481195e+03],
 [-4.626399e+03],
 [ 4.377143e+02],
 [-8.963542e+04],
 [-2.067779e-01],
 [-4.777891e-01],
 [-9.774363e+02]]
spherical_charges_l1: [[-1.003365e+03, -5.638843e+02, -1.525098e+03],
 [-4.545809e+00,  4.058339e+00, -2.147015e+00],
 [ 2.371684e+00,  2.126515e+00,  1.376289e+00],
 [-6.363381e+03, -9.784431e+04, -3.508711e+04],
 [ 9.219681e+03, -4.376534e+03, -1.382274e+03],
 [-4.617885e+03,  3.906001e+03,  8.128754e+02],
 [-1.049238e+03, -1.831487e+03, -1.762120e+03],
 [-3.048822e+03, -2.768636e+03,  1.031964e+03],
 [ 1.088561e+03, -2.144161e+03, -8.020449e+02],
 [-2.272176e+04,  6.752006e+04, -2.687248e+04],
 [ 1.654333e+00, -1.898025e+00,  9.229819e-01],
 [ 2.176512e+00, -2.443832e+00,  1.391599e+00],
 [-1.671543e+03,  2.405690e+03, -2.632696e+03]]
spherical_charges_l2: [[ 4.488858e+02, -6.364620e+02,  2.942855e+03,  8.420114e+02, -1.403535e+03],
 [-1.269174e+00,  1.507373e+00, -1.771186e+00,  9.987268e-01,  5.409127e-01],
 [ 2.700533e-01,  9.620646e-01,  5.288644e-02, -8.481571e-01,  8.059479e-01],
 [ 2.511117e+04, -1.709538e+04, -1.777781e+05, -9.336275e+04,  6.697639e+04],
 [ 1.300901e+03,  1.123760e+04,  1.811607e+04,  7.569331e+03, -4.420928e+02],
 [ 5.264910e+03, -3.485047e+03, -1.207712e+03,  1.648441e+03, -1.128908e+03],
 [-6.308704e+03,  2.001639e+03, -6.844955e+02,  4.288574e+02, -2.715281e+03],
 [ 6.066329e+02, -3.704490e+03,  2.613517e+03, -7.559887e+03, -3.812507e+03],
 [ 2.354380e+02,  5.824650e+02, -5.972213e+03,  1.604991e+03, -8.606429e+03],
 [-2.319492e+04, -3.339127e+04,  4.807871e+04,  4.235426e+04,  1.580737e+05],
 [-6.499489e-01, -9.726976e-01,  4.090849e-01, -2.498661e-01,  1.409714e-01],
 [ 2.364722e-01, -7.770348e-01,  4.374688e-01,  3.057690e-01,  1.532881e-01],
 [-3.063416e+02,  1.854557e+02, -1.057488e+02, -1.678462e+03, -3.582838e+03]]
energy_short: [-0.264749, -0.611785, -0.621866,  0.188739,  0.338942,  0.347387,  0.238175,  0.201023,  0.164792,  0.047895, -0.601705, -0.6102  ,  0.036833]
energy_long: [ 0.033334,  0.26942 ,  0.269348, -0.079962,  0.051666,  0.079156,  0.051778,  0.066884,  0.052797, -0.073529,  0.269386,  0.269432,  0.031072]