step=3163950, graph_id=0, num_atoms=13
scalar_charges: [-2170565.8,  -913427.1,  -985042.5, -2375865.5, -2114925.5, -1770128.6, -1121155.2, -1388268.4, -1659435.8, -1668238.8,  -910960.6,  -947940.5, -1825350.9]
spherical_charges_l0: [[-6.374828e+02],
 [-2.588995e+00],
 [-1.982412e+00],
 [-1.647205e+05],
 [-4.674775e+03],
 [-2.493387e+03],
 [-2.278416e+03],
 [-7.234476e+03],
 [ 8.092397e+02],
 [-1.587313e+05],
 [-3.077332e-01],
 [-7.027602e-01],
 [-1.594162e+03]]
spherical_charges_l1: [[-9.943391e+02, -2.445438e+03, -2.174070e+03],
 [-5.735003e+00,  6.059127e+00, -2.181914e+00],
 [ 2.839962e+00,  2.822567e+00,  2.068113e+00],
 [-1.289290e+04, -1.561509e+05, -5.799357e+04],
 [ 1.347396e+04, -7.700059e+03, -2.428584e+03],
 [-7.280192e+03,  3.847791e+03,  7.852650e+02],
 [-8.994618e+02, -3.226903e+03, -1.999853e+03],
 [-5.113647e+03, -2.092962e+03,  2.417313e+03],
 [ 1.722415e+03, -2.122212e+03, -6.304316e+02],
 [-3.836196e+04,  1.086750e+05, -4.111040e+04],
 [ 2.395605e+00, -1.836186e+00,  8.401729e-01],
 [ 1.982574e+00, -2.723296e+00,  1.452751e+00],
 [-2.912559e+03,  4.440950e+03, -3.784884e+03]]
spherical_charges_l2: [[ 6.009366e+02, -1.416189e+03,  4.701894e+03,  1.676033e+03, -2.590849e+03],
 [-1.757114e+00,  1.443901e+00, -2.252899e+00,  1.111400e+00,  6.282339e-01],
 [ 3.696025e-01,  1.475814e+00,  1.049491e-01, -9.530137e-01,  9.866582e-01],
 [ 3.273069e+04, -3.085050e+04, -2.843302e+05, -1.413957e+05,  1.085775e+05],
 [-7.077103e+02,  1.774208e+04,  2.668639e+04,  1.205494e+04, -4.081710e+02],
 [ 9.488797e+03, -6.764548e+03, -1.379940e+03,  2.378571e+03, -1.778370e+03],
 [-9.874756e+03,  2.343741e+03, -1.344169e+03,  3.887742e+02, -4.677168e+03],
 [ 1.794295e+03, -6.606822e+03,  4.631872e+03, -1.248441e+04, -5.904597e+03],
 [-5.128071e+02,  2.628453e+01, -9.257618e+03,  3.209626e+03, -1.463704e+04],
 [-4.225354e+04, -6.026120e+04,  7.785713e+04,  6.852170e+04,  2.527128e+05],
 [-9.225726e-01, -9.932599e-01,  3.755090e-01, -4.414756e-01,  8.364908e-02],
 [ 3.948826e-01, -1.130308e+00,  6.158113e-01,  3.711235e-01,  8.545372e-02],
 [-2.975237e+02,  1.117883e+02, -1.295602e+01, -3.176754e+03, -5.803080e+03]]
energy_short: [-0.275898, -0.616829, -0.626741,  0.209349,  0.356984,  0.369129,  0.255247,  0.222297,  0.181437,  0.06575 , -0.60695 , -0.615406,  0.028978]
energy_long: [ 0.029663,  0.270912,  0.270739, -0.094572,  0.047682,  0.074824,  0.050315,  0.065269,  0.04892 , -0.086458,  0.270743,  0.270849,  0.027354]