step=1750185, graph_id=0, num_atoms=13
scalar_charges: [ -49334.09 , -149179.75 , -150987.6  ,  -73966.16 ,  -61440.586,  -56963.64 ,  -47970.29 ,  -52323.363,  -55918.703,  -60301.875, -149632.02 , -150427.19 ,  -42231.67 ]
spherical_charges_l0: [[-1.228510e+02],
 [-3.288227e-02],
 [-3.408506e-02],
 [-8.684335e+03],
 [-1.706240e+02],
 [-8.352090e+01],
 [-2.776557e+01],
 [-2.861508e+02],
 [ 1.275702e+02],
 [-7.651000e+03],
 [-4.139129e-02],
 [-3.200922e-02],
 [-8.951840e+01]]
spherical_charges_l1: [[-2.595531e+01,  3.210501e+01, -1.986789e+01],
 [-3.456216e-02,  3.874348e-02, -1.803899e-02],
 [ 2.213805e-02,  7.724451e-03,  3.118250e-03],
 [-1.129892e+03, -8.384425e+03, -3.588432e+03],
 [ 5.567927e+02, -4.050361e+02, -1.429479e+02],
 [-3.488066e+02,  5.787539e+01, -2.071846e+02],
 [-8.917388e+01, -1.041768e+02, -2.933195e+02],
 [-1.859471e+02,  1.119116e+01, -1.097467e+02],
 [ 7.342393e+01, -5.668041e+01, -7.113673e+01],
 [-2.352975e+03,  5.149065e+03, -2.337230e+03],
 [-1.999131e-02,  1.252756e-02, -1.074996e-02],
 [ 2.779027e-03,  3.433061e-02, -1.726667e-02],
 [-5.996852e+01,  7.308569e+01, -6.442198e+01]]
spherical_charges_l2: [[-1.440622e+01, -6.423811e+00,  2.220275e+02,  3.835485e+00, -8.923074e+01],
 [-1.868433e-02,  1.099676e-02, -2.951317e-02,  1.205525e-02,  1.192160e-02],
 [-2.263868e-02,  6.093701e-03, -5.727241e-03,  1.088395e-02,  1.130536e-02],
 [ 1.978007e+03, -1.219212e+03, -1.702312e+04, -8.381308e+03,  5.902502e+03],
 [ 8.871796e+01,  1.036333e+03,  1.429313e+03,  7.781899e+02,  4.187092e+01],
 [ 5.246650e+02, -4.321873e+02, -1.647253e+02,  5.488809e+01, -8.371011e+01],
 [-4.935804e+02,  2.201709e+02, -8.729479e+01,  7.850660e+01, -1.201255e+02],
 [ 1.191831e+02, -3.521529e+02,  2.348392e+02, -8.100875e+02, -2.108141e+02],
 [ 3.769943e+01,  1.203591e+00, -4.723199e+02,  1.279924e+02, -7.203371e+02],
 [-1.812040e+03, -2.640572e+03,  4.126477e+03,  3.986877e+03,  1.378437e+04],
 [-1.556219e-02, -3.761105e-02, -1.795361e-03,  8.887988e-03,  2.839963e-02],
 [-2.154351e-02, -1.491776e-02,  1.355591e-02,  1.320850e-02,  1.005894e-02],
 [-2.590106e+01, -3.609901e+00, -3.897278e+00, -4.791568e+01, -2.024099e+02]]
energy_short: [-0.145474, -0.879378, -0.886204,  0.315266,  0.384021,  0.394929,  0.282124,  0.24153 ,  0.202598,  0.159091, -0.866027, -0.873843,  0.172782]
energy_long: [ 0.073933,  0.275522,  0.275486, -0.036402,  0.088133,  0.11916 ,  0.099948,  0.113105,  0.091317, -0.041472,  0.275376,  0.275326,  0.07586 ]