step=2947680, graph_id=0, num_atoms=13
scalar_charges: [-2685883. , -1203873.8, -1273442.2, -3196115.5, -2565900. , -2259757.2, -1401860.6, -1789190. , -2073579.5, -2301796. , -1196315.5, -1234811.2, -2298282.2]
spherical_charges_l0: [[-5.636984e+02],
 [-1.545830e+00],
 [-1.356073e+00],
 [-9.506423e+04],
 [-2.881653e+03],
 [-1.320186e+03],
 [-1.360803e+03],
 [-4.352297e+03],
 [ 5.463351e+02],
 [-8.899887e+04],
 [-3.268226e-01],
 [-4.776171e-01],
 [-9.378727e+02]]
spherical_charges_l1: [[-7.816490e+02, -8.272102e+02, -1.285054e+03],
 [-3.145503e+00,  3.087152e+00, -1.277722e+00],
 [ 1.020541e+00,  2.232391e+00,  1.013654e+00],
 [-8.060959e+03, -1.017845e+05, -3.852780e+04],
 [ 9.995240e+03, -5.274057e+03, -2.193165e+03],
 [-4.948973e+03,  2.786001e+03,  6.241003e+01],
 [-5.051491e+02, -2.294541e+03, -1.177772e+03],
 [-3.679302e+03, -1.493166e+03,  5.307748e+02],
 [ 1.111486e+03, -2.049444e+03, -7.421056e+02],
 [-2.656746e+04,  7.265620e+04, -2.927653e+04],
 [ 2.312850e+00, -1.425195e+00,  8.720988e-01],
 [ 1.412994e+00, -2.188198e+00,  1.186818e+00],
 [-1.749974e+03,  2.530937e+03, -2.300276e+03]]
spherical_charges_l2: [[ 2.790847e+02, -5.912795e+02,  2.442660e+03,  5.796619e+02, -1.276427e+03],
 [-1.096924e+00,  8.788196e-01, -1.553713e+00,  4.258900e-01,  3.946545e-01],
 [ 3.705575e-01,  1.206005e+00,  1.952644e-01, -5.305052e-01,  7.898627e-01],
 [ 2.559874e+04, -1.629999e+04, -1.775465e+05, -9.352673e+04,  6.798712e+04],
 [ 5.995251e+02,  1.189146e+04,  1.859820e+04,  8.347372e+03, -5.213008e+02],
 [ 6.243169e+03, -4.203713e+03, -9.253028e+02,  9.191913e+02, -7.805609e+02],
 [-5.964986e+03,  2.151377e+03, -8.766387e+02,  5.952964e+02, -2.472673e+03],
 [ 1.019833e+03, -3.737028e+03,  2.547594e+03, -7.431979e+03, -3.404551e+03],
 [ 1.852982e+02,  3.240272e+02, -6.031348e+03,  1.591414e+03, -9.295323e+03],
 [-2.255118e+04, -3.172829e+04,  4.711396e+04,  4.440974e+04,  1.572569e+05],
 [-8.399086e-01, -1.149467e+00,  4.452432e-01, -5.137032e-01, -8.821144e-02],
 [ 1.666883e-01, -1.063475e+00,  5.453768e-01,  9.750152e-02, -8.408740e-02],
 [-3.511804e+02,  1.825262e+02, -1.482069e+02, -1.284064e+03, -3.040095e+03]]
energy_short: [-0.22177 , -0.629085, -0.639079,  0.205339,  0.351109,  0.358021,  0.24971 ,  0.210542,  0.171291,  0.064199, -0.619406, -0.62746 ,  0.078508]
energy_long: [ 0.026118,  0.27116 ,  0.271248, -0.088866,  0.043853,  0.071069,  0.044825,  0.059647,  0.045561, -0.078827,  0.271188,  0.271277,  0.024027]