step=1477845, graph_id=0, num_atoms=13
scalar_charges: [ 4.156706,  4.155715,  4.158079, -1.683284, -1.633132, -1.613552, -1.639622, -1.603325, -1.635232, -1.688391,  4.156579,  4.157059,  4.149125]
spherical_charges_l0: [[ 2.495799e-02],
 [ 1.048867e-03],
 [ 1.841845e-04],
 [-9.273246e-03],
 [ 3.041454e-02],
 [ 1.595484e+00],
 [ 5.037588e-03],
 [ 1.086270e+00],
 [-1.632548e-02],
 [-1.138091e-02],
 [-1.561891e-03],
 [-1.369751e-03],
 [ 3.507241e-02]]
spherical_charges_l1: [[-0.013983, -0.054045, -0.055197],
 [-0.010662,  0.007996, -0.001705],
 [ 0.013193,  0.005218,  0.010555],
 [-0.081136, -0.003135, -0.104632],
 [-0.038758,  0.006884, -0.01636 ],
 [ 0.013168, -0.152207,  0.098825],
 [-0.004431, -0.014396, -0.018301],
 [-0.345278,  0.218179, -0.11803 ],
 [ 0.00503 ,  0.053549,  0.017014],
 [-0.01076 ,  0.024223, -0.059335],
 [-0.008204, -0.010511,  0.004662],
 [ 0.015278,  0.001566, -0.000723],
 [-0.026173,  0.025649, -0.020405]]
spherical_charges_l2: [[ 1.068952e-01, -4.027699e-02,  4.930180e-02, -6.171542e-03,  2.955214e-03],
 [-4.531882e-03,  9.062664e-03, -2.640260e-03,  4.782239e-03,  6.047624e-03],
 [-1.254350e-02,  6.315842e-03, -9.875786e-03,  4.208526e-03,  7.861716e-03],
 [-5.286446e-02, -1.107982e-02, -2.599952e-01, -4.475560e-02, -4.774342e-02],
 [ 3.740812e-02, -1.945530e-01,  1.455971e-01, -4.877291e-02, -5.090639e-02],
 [ 9.501824e-01,  2.179452e+00,  5.907454e+00,  3.680059e+00, -1.759337e+00],
 [ 2.940726e-02, -2.327898e-02,  2.590466e-03, -4.651001e-02, -4.335682e-02],
 [ 1.817486e+00,  2.716374e+00, -2.024190e+00, -1.179197e+00, -3.416663e+00],
 [-5.448125e-04, -1.348570e-01,  2.367391e-03, -3.619276e-02,  1.388772e-01],
 [ 2.060399e-02, -5.366389e-02,  4.467030e-02, -8.171269e-02, -3.151087e-02],
 [-2.101355e-03, -9.648888e-03,  4.292765e-03,  1.543329e-03,  2.316319e-03],
 [-7.074446e-03, -7.409950e-03,  2.649830e-03,  3.447811e-03,  7.146375e-03],
 [ 7.232181e-02,  1.163618e-01, -2.259589e-02, -3.760669e-03,  2.552446e-03]]
energy_short: [-0.366699, -0.435502, -0.439788,  0.230766,  0.365846,  0.378071,  0.211933,  0.25129 ,  0.193686,  0.035708, -0.421094, -0.427725, -0.037182]
energy_long: [ 0.052951,  0.046172,  0.047848,  0.069826,  0.075206, -0.012482,  0.032023,  0.013377,  0.065848,  0.066174,  0.04912 ,  0.048882,  0.055009]