step=2695365, graph_id=0, num_atoms=13
scalar_charges: [0.485366, 1.433468, 1.450971, 0.338957, 0.34405 , 0.23442 , 0.174485, 0.120169, 0.234698, 0.260268, 1.415873, 1.450334, 0.412489]
spherical_charges_l0: [[ 5.172014e-03],
 [ 4.689831e-04],
 [ 5.677675e-05],
 [-7.415961e-03],
 [ 7.258307e-03],
 [ 9.801815e-01],
 [ 5.477725e-03],
 [ 7.406147e-01],
 [-1.683790e-03],
 [-1.217263e-02],
 [-2.244398e-04],
 [-3.283133e-04],
 [ 4.785217e-03]]
spherical_charges_l1: [[-6.751355e-03, -7.647601e-03, -1.602162e-02],
 [-6.115665e-03,  4.178406e-03, -1.570037e-03],
 [ 5.176423e-03,  4.771199e-04,  2.982425e-03],
 [-3.522231e-02,  1.142970e-02, -4.247108e-02],
 [-6.897600e-03, -4.485438e-03, -2.318667e-03],
 [ 5.791425e-02, -1.142089e-01,  9.931392e-02],
 [-1.799165e-03, -1.306940e-02, -1.456727e-02],
 [-2.015010e-01,  1.621778e-01, -5.519720e-02],
 [-8.309747e-04,  3.549441e-02,  5.828212e-03],
 [ 1.118498e-03,  5.090375e-03, -2.002059e-02],
 [-6.479032e-03, -4.348363e-03,  1.690773e-03],
 [ 6.884825e-03,  2.814360e-03, -1.369484e-03],
 [-2.274086e-03, -2.317199e-05, -1.738305e-03]]
spherical_charges_l2: [[ 7.929188e-03, -4.750180e-03, -1.254498e-02, -1.147080e-03,  1.879451e-02],
 [-7.693122e-03,  8.886982e-03, -6.271947e-03,  6.536232e-03,  6.889174e-03],
 [-1.525383e-02,  1.666094e-02, -9.874891e-03,  3.772141e-03,  1.569450e-02],
 [-5.597908e-02,  2.424583e-02, -2.540906e-01, -8.747387e-02,  4.132518e-02],
 [ 1.820723e-02, -1.714909e-01, -3.369212e-02, -8.784683e-02, -1.766040e-02],
 [ 9.511067e-01,  2.041291e+00,  5.389859e+00,  3.462882e+00, -1.673870e+00],
 [ 2.645060e-02, -3.220251e-02,  8.434981e-03, -5.038018e-02, -6.486705e-02],
 [ 1.700559e+00,  2.450860e+00, -1.983225e+00, -1.265182e+00, -3.355759e+00],
 [-3.174436e-02, -1.464073e-01,  3.377131e-02, -7.116849e-02,  1.440866e-01],
 [-6.020323e-02, -1.128468e-01,  6.131413e-02, -2.093381e-02,  6.118829e-02],
 [-7.176192e-03, -1.013287e-02,  4.573985e-03, -5.003164e-05,  5.241111e-03],
 [-4.081571e-03, -1.335152e-02,  6.148994e-03,  5.010067e-03,  8.066899e-03],
 [ 8.346261e-03,  3.228582e-02,  6.829365e-03,  8.453508e-03,  3.210545e-02]]
energy_short: [-0.081728, -0.603664, -0.611886,  0.249129,  0.421749,  0.429345,  0.252434,  0.290506,  0.236345,  0.077242, -0.592867, -0.600573,  0.240338]
energy_long: [ 0.03706 ,  0.027401,  0.029672,  0.051358,  0.056848, -0.016714,  0.023922,  0.005048,  0.052662,  0.052667,  0.031327,  0.030705,  0.038304]