step=2298870, graph_id=0, num_atoms=13
scalar_charges: [-1.672761e-02,  1.998914e+00,  2.027326e+00, -2.176592e-01, -7.590266e-02, -1.760617e-01, -2.183845e-01, -3.064145e-01, -1.884091e-01, -3.004023e-01,  1.988889e+00,  2.033031e+00, -3.647420e-04]
spherical_charges_l0: [[ 3.113925e-03],
 [-5.371594e-04],
 [-6.621681e-04],
 [-8.959376e-03],
 [ 1.087016e-02],
 [ 1.031548e+00],
 [ 4.559338e-03],
 [ 7.615247e-01],
 [-6.732938e-03],
 [-1.074239e-02],
 [-1.589745e-03],
 [-1.730868e-03],
 [ 2.779377e-03]]
spherical_charges_l1: [[-0.006848, -0.01102 , -0.016768],
 [-0.006101,  0.005911, -0.001193],
 [ 0.006586,  0.002151,  0.004744],
 [-0.033447,  0.015958, -0.040791],
 [-0.009153,  0.001175, -0.003639],
 [ 0.025796, -0.114543,  0.079032],
 [-0.002401, -0.013977, -0.017469],
 [-0.210408,  0.154136, -0.065685],
 [ 0.001235,  0.034801,  0.016071],
 [ 0.007067,  0.00268 , -0.017591],
 [-0.006716, -0.006379,  0.002645],
 [ 0.009832,  0.002171, -0.000995],
 [-0.004463,  0.002966, -0.002109]]
spherical_charges_l2: [[-5.753487e-03,  1.070983e-02, -2.697196e-02, -1.024224e-02,  2.642961e-02],
 [-8.595491e-03,  1.513075e-02, -4.597795e-03,  7.861579e-03,  8.640615e-03],
 [-1.761804e-02,  1.501845e-02, -1.381035e-02,  2.939572e-03,  1.578592e-02],
 [-6.007698e-02,  3.377311e-02, -2.412898e-01, -6.450708e-02,  2.664699e-02],
 [ 2.831827e-02, -1.565019e-01,  3.360254e-02, -8.232962e-02, -1.936465e-02],
 [ 1.040517e+00,  2.030016e+00,  5.389795e+00,  3.286660e+00, -1.600841e+00],
 [ 3.084997e-02, -2.791550e-02,  1.329444e-03, -4.258416e-02, -5.474984e-02],
 [ 1.620552e+00,  2.559236e+00, -2.006865e+00, -1.107158e+00, -3.322717e+00],
 [-2.490918e-02, -1.427731e-01,  3.481648e-03, -4.447778e-02,  1.459938e-01],
 [-3.773873e-02, -8.803844e-02,  4.287650e-02, -3.647242e-02,  2.718608e-02],
 [-6.371881e-03, -1.451808e-02,  6.335557e-03,  2.104355e-03,  6.615489e-03],
 [-9.541665e-03, -1.552238e-02,  6.635428e-03,  4.629198e-03,  1.055918e-02],
 [-6.010763e-03,  4.956469e-03,  7.571361e-03,  3.547875e-02,  5.172878e-02]]
energy_short: [-0.137922, -0.607572, -0.614326,  0.314326,  0.445933,  0.453218,  0.288085,  0.31821 ,  0.2656  ,  0.124731, -0.596448, -0.603433,  0.194752]
energy_long: [ 0.032769,  0.019763,  0.022036,  0.051831,  0.056463, -0.020867,  0.016268,  0.001462,  0.053815,  0.050946,  0.02413 ,  0.023513,  0.033415]