step=3556440, graph_id=0, num_atoms=13
scalar_charges: [0.567435, 1.510033, 1.529565, 0.429234, 0.430674, 0.290749, 0.233525, 0.174334, 0.289661, 0.364106, 1.462219, 1.513959, 0.468969]
spherical_charges_l0: [[ 4.722886e-03],
 [-7.128934e-04],
 [-1.179345e-03],
 [-7.803039e-03],
 [ 1.097153e-02],
 [ 9.298450e-01],
 [ 5.616760e-03],
 [ 6.989946e-01],
 [-1.966954e-03],
 [-6.296109e-03],
 [-1.733187e-03],
 [-1.937413e-03],
 [ 5.833358e-03]]
spherical_charges_l1: [[-0.007032, -0.004978, -0.015073],
 [-0.006959,  0.004166, -0.002561],
 [ 0.007224,  0.001163,  0.004014],
 [-0.025477,  0.016844, -0.041419],
 [-0.003083, -0.004629,  0.000651],
 [ 0.054831, -0.115839,  0.105052],
 [-0.001649, -0.010589, -0.011902],
 [-0.186729,  0.138131, -0.036091],
 [-0.001925,  0.028615,  0.005695],
 [-0.006656,  0.014104, -0.025514],
 [-0.008046, -0.005923,  0.002143],
 [ 0.009186,  0.004374, -0.002226],
 [-0.000512, -0.004602, -0.004436]]
spherical_charges_l2: [[ 8.326000e-03, -9.961234e-03, -9.354339e-03, -2.487008e-04,  1.764007e-02],
 [-1.267069e-02,  1.648878e-02, -6.693772e-03,  8.077846e-03,  1.120014e-02],
 [-2.634278e-02,  2.129373e-02, -1.760752e-02,  8.035294e-03,  1.851203e-02],
 [-3.994391e-02,  3.545920e-02, -2.759556e-01, -8.140517e-02,  2.147802e-02],
 [ 2.247721e-03, -1.721041e-01, -1.534663e-02, -7.785330e-02, -8.909462e-03],
 [ 1.023293e+00,  1.924814e+00,  5.552429e+00,  3.379926e+00, -1.599565e+00],
 [ 2.430801e-02, -2.988231e-02,  6.895397e-03, -4.854638e-02, -6.756362e-02],
 [ 1.664798e+00,  2.353639e+00, -2.024446e+00, -1.183017e+00, -3.360968e+00],
 [-2.935841e-02, -1.305013e-01,  3.145500e-02, -7.100189e-02,  1.533844e-01],
 [-3.660991e-02, -1.161377e-01,  6.808992e-02, -4.316248e-02,  4.180756e-02],
 [-1.094943e-02, -1.587706e-02,  6.962427e-03,  2.685640e-03,  9.694763e-03],
 [-8.534429e-03, -1.817199e-02,  8.039089e-03,  8.635296e-03,  1.396786e-02],
 [ 1.151303e-02,  4.031856e-02,  6.897666e-03,  1.179465e-02,  4.159529e-02]]
energy_short: [-0.018651, -0.569934, -0.578721,  0.244699,  0.424708,  0.433979,  0.248418,  0.295383,  0.243086,  0.075882, -0.557428, -0.566948,  0.30316 ]
energy_long: [ 0.019756,  0.010103,  0.01263 ,  0.036677,  0.041086, -0.031271,  0.008864, -0.014193,  0.035987,  0.035016,  0.01379 ,  0.012853,  0.021285]