step=2979720, graph_id=0, num_atoms=13
scalar_charges: [0.402875, 1.282851, 1.308967, 0.336804, 0.340001, 0.242449, 0.19953 , 0.145815, 0.241249, 0.277364, 1.254111, 1.295488, 0.335882]
spherical_charges_l0: [[ 4.310552e-03],
 [-1.555378e-04],
 [-6.077945e-04],
 [-6.477742e-03],
 [ 5.550225e-03],
 [ 8.261450e-01],
 [ 3.900040e-03],
 [ 6.265997e-01],
 [-2.214448e-03],
 [-5.950651e-03],
 [-9.428269e-04],
 [-1.105504e-03],
 [ 4.949073e-03]]
spherical_charges_l1: [[-0.007025, -0.004879, -0.013179],
 [-0.005373,  0.003564, -0.001553],
 [ 0.005287,  0.000462,  0.003009],
 [-0.025871,  0.015688, -0.036604],
 [-0.002522, -0.001643,  0.002093],
 [ 0.043155, -0.105804,  0.095784],
 [-0.000782, -0.011297, -0.010962],
 [-0.182325,  0.123381, -0.043911],
 [-0.000852,  0.02912 ,  0.008028],
 [ 0.002085,  0.001889, -0.015045],
 [-0.006476, -0.004779,  0.001792],
 [ 0.007452,  0.002861, -0.001411],
 [-0.001518, -0.002363, -0.002966]]
spherical_charges_l2: [[ 1.002028e-02, -8.482762e-03, -2.989298e-03,  8.101674e-03,  1.734680e-02],
 [-9.236449e-03,  1.212006e-02, -6.300580e-03,  6.870410e-03,  8.392038e-03],
 [-1.946698e-02,  1.789404e-02, -1.310488e-02,  5.334099e-03,  1.631889e-02],
 [-5.822603e-02,  3.074203e-02, -2.463056e-01, -7.068472e-02,  4.316404e-02],
 [ 1.614092e-02, -1.495465e-01, -1.172689e-02, -6.567107e-02, -7.050319e-03],
 [ 8.298274e-01,  1.824409e+00,  4.971835e+00,  3.138035e+00, -1.465419e+00],
 [ 2.372925e-02, -2.572219e-02,  1.099632e-02, -4.430675e-02, -5.710260e-02],
 [ 1.524072e+00,  2.190380e+00, -1.857064e+00, -1.080793e+00, -3.068164e+00],
 [-2.050183e-02, -1.248400e-01,  3.303478e-02, -7.504315e-02,  1.432883e-01],
 [-4.391936e-02, -1.031328e-01,  6.388225e-02, -2.744579e-02,  6.168014e-02],
 [-8.325807e-03, -1.273787e-02,  5.527747e-03,  1.915861e-03,  7.554917e-03],
 [-6.009853e-03, -1.580670e-02,  7.143367e-03,  6.737794e-03,  1.070367e-02],
 [ 1.620692e-02,  3.478030e-02,  9.453164e-03,  5.403599e-03,  3.381437e-02]]
energy_short: [-0.064591, -0.5716  , -0.580281,  0.238984,  0.415325,  0.420331,  0.23652 ,  0.279671,  0.229182,  0.066807, -0.559605, -0.56841 ,  0.25745 ]
energy_long: [ 0.032892,  0.023198,  0.025757,  0.049845,  0.05248 , -0.018107,  0.022392,  0.000776,  0.048486,  0.049356,  0.027375,  0.026567,  0.034052]