step=3484350, graph_id=0, num_atoms=13
scalar_charges: [0.597552, 1.449448, 1.467367, 0.394076, 0.424878, 0.289294, 0.228131, 0.173392, 0.284283, 0.340064, 1.41448 , 1.458448, 0.491682]
spherical_charges_l0: [[ 4.938577e-03],
 [-4.333784e-04],
 [-1.020347e-03],
 [-5.100709e-03],
 [ 1.144450e-02],
 [ 9.033256e-01],
 [ 5.180243e-03],
 [ 6.842982e-01],
 [-2.555850e-03],
 [-4.641510e-03],
 [-1.319752e-03],
 [-1.539614e-03],
 [ 6.379148e-03]]
spherical_charges_l1: [[-6.218508e-03, -3.885722e-03, -1.453925e-02],
 [-6.258260e-03,  3.395837e-03, -2.578406e-03],
 [ 6.313163e-03,  9.565020e-04,  3.378517e-03],
 [-2.533888e-02,  2.700022e-02, -3.618266e-02],
 [-1.962347e-03, -3.448304e-03,  4.644338e-03],
 [ 6.426853e-02, -1.190748e-01,  1.043554e-01],
 [-1.636581e-03, -1.060655e-02, -1.299589e-02],
 [-1.832685e-01,  1.353779e-01, -3.397361e-02],
 [ 3.464465e-05,  2.648279e-02,  8.285975e-03],
 [-3.186461e-03,  7.279700e-03, -2.101468e-02],
 [-7.507064e-03, -4.886954e-03,  1.665447e-03],
 [ 7.953102e-03,  4.000483e-03, -2.077099e-03],
 [-9.335448e-04, -3.725831e-03, -5.086268e-03]]
spherical_charges_l2: [[ 8.060208e-03, -1.132961e-02, -9.959783e-03,  7.312163e-04,  1.660411e-02],
 [-9.973375e-03,  1.436853e-02, -5.568389e-03,  6.513410e-03,  9.935656e-03],
 [-2.311494e-02,  1.824424e-02, -1.624091e-02,  6.434422e-03,  1.655741e-02],
 [-2.720599e-02,  2.390533e-02, -2.586061e-01, -8.746893e-02,  2.364682e-02],
 [ 1.753181e-02, -1.837752e-01, -1.712452e-02, -8.824253e-02, -1.972391e-02],
 [ 9.556944e-01,  1.977957e+00,  5.410497e+00,  3.326106e+00, -1.542151e+00],
 [ 2.352450e-02, -3.268782e-02,  2.696821e-03, -4.926370e-02, -6.786759e-02],
 [ 1.655865e+00,  2.360492e+00, -2.006540e+00, -1.141521e+00, -3.307178e+00],
 [-2.413876e-02, -1.290632e-01,  2.994247e-02, -7.045304e-02,  1.553043e-01],
 [-3.266947e-02, -9.331322e-02,  5.693624e-02, -3.356199e-02,  4.432999e-02],
 [-9.346943e-03, -1.357670e-02,  5.947791e-03,  2.569213e-03,  8.557956e-03],
 [-7.255420e-03, -1.547808e-02,  6.815384e-03,  7.713293e-03,  1.230204e-02],
 [ 9.872260e-03,  3.848398e-02,  9.849411e-03,  7.762984e-03,  4.170147e-02]]
energy_short: [-0.030996, -0.570359, -0.57902 ,  0.249447,  0.428467,  0.437245,  0.251795,  0.298254,  0.246853,  0.078607, -0.557807, -0.567273,  0.291699]
energy_long: [ 0.021877,  0.012416,  0.01479 ,  0.040291,  0.044487, -0.030393,  0.010579, -0.011059,  0.039327,  0.038708,  0.016268,  0.015253,  0.023414]