step=308385, graph_id=0, num_atoms=13
scalar_charges: [-2.130273,  7.846072,  7.846738, -2.14764 , -2.160067, -2.148998, -2.163069, -2.141361, -2.158942, -2.14342 ,  7.844243,  7.843886, -2.138174]
spherical_charges_l0: [[6.894607e-02],
 [3.600588e-04],
 [2.112954e-04],
 [2.141230e-01],
 [2.203853e-01],
 [3.932882e+00],
 [3.818335e-02],
 [2.374357e+00],
 [1.089534e-01],
 [8.619612e-02],
 [1.025825e-04],
 [1.513007e-04],
 [7.915220e-02]]
spherical_charges_l1: [[ 3.006732e-02, -1.393477e-01, -1.235373e-01],
 [ 8.729825e-05,  1.215374e-04,  1.118028e-04],
 [-1.416958e-04,  1.004852e-04,  4.816122e-06],
 [-8.907304e-02, -4.012117e-01, -2.598289e-01],
 [-1.305527e-01,  3.850171e-02, -8.538524e-02],
 [-1.231257e-01, -2.252417e-01, -1.504879e-01],
 [ 1.083575e-02, -4.548440e-03,  2.759370e-02],
 [-6.655753e-01,  5.221466e-01, -1.504818e-01],
 [ 9.937914e-03,  7.416748e-02,  7.363960e-02],
 [-9.437195e-02,  1.388883e-01, -1.625469e-01],
 [-3.132287e-04, -2.683540e-04,  1.174224e-04],
 [ 1.582801e-04,  5.755906e-05, -2.865345e-05],
 [-1.099767e-01,  9.969650e-02, -3.603105e-02]]
spherical_charges_l2: [[ 3.145419e-01, -2.022703e-01,  2.072374e-01, -1.075399e-01, -1.087414e-01],
 [ 2.299372e-04, -1.840295e-04,  8.647648e-05, -5.053999e-04,  1.805446e-04],
 [-1.357055e-04, -8.925478e-05, -1.136590e-04,  1.544640e-04, -7.733048e-05],
 [ 1.467253e-01,  8.434286e-02,  2.400441e-01,  1.006423e-01, -1.080960e-01],
 [ 2.658370e-01, -6.311294e-02,  5.636382e-01,  8.874197e-02, -1.164845e-01],
 [ 1.015712e+00,  3.528627e+00,  7.317126e+00,  4.357341e+00, -1.934133e+00],
 [ 2.039054e-02, -1.281417e-01, -1.063780e-02, -1.285357e-04, -4.403854e-02],
 [ 2.043203e+00,  3.071758e+00, -2.481554e+00, -7.456364e-01, -3.599900e+00],
 [ 2.738419e-01,  5.927754e-02, -1.447216e-01, -1.068568e-01, -1.461188e-01],
 [ 2.021989e-01,  1.356037e-01, -3.318207e-02, -5.834876e-02, -1.341893e-01],
 [ 6.966434e-06, -2.410959e-05,  6.497983e-05,  1.878676e-04,  1.662796e-04],
 [-1.128802e-04,  5.443338e-05, -6.709496e-05,  5.471491e-05,  1.610949e-04],
 [ 2.146125e-01,  3.068064e-01, -1.402640e-01, -3.397186e-02, -1.536769e-01]]
energy_short: [-0.203292, -0.189335, -0.204657,  0.178611,  0.207782,  0.208213,  0.031492,  0.070456,  0.017494, -0.051431, -0.179848, -0.194131,  0.203117]
energy_long: [-0.013846,  0.08862 ,  0.088719,  0.039329,  0.029733, -0.033395, -0.046004, -0.025656,  0.00112 ,  0.028092,  0.08862 ,  0.088622, -0.012475]