step=104130, graph_id=0, num_atoms=13
scalar_charges: [-1.780219,  6.675891,  6.667485, -1.914499, -1.806875, -1.753953, -1.701535, -1.717326, -1.744249, -1.897774,  6.670131,  6.668554, -1.723161]
spherical_charges_l0: [[1.611992e-01],
 [7.435313e-05],
 [6.564306e-05],
 [7.577284e-01],
 [6.183285e-01],
 [1.842805e+00],
 [1.486282e-02],
 [1.429774e+00],
 [6.047196e-01],
 [4.474915e-01],
 [5.611307e-05],
 [7.432530e-05],
 [1.607191e-01]]
spherical_charges_l1: [[ 4.907932e-02,  4.319513e-02,  5.096759e-02],
 [ 9.939643e-05,  1.797159e-04,  1.245952e-04],
 [ 5.367546e-05,  5.030492e-05,  4.455067e-05],
 [-1.656772e-01, -6.030009e-01, -2.056868e-01],
 [ 5.736548e-02,  4.562804e-03,  5.144164e-02],
 [ 1.238129e-01,  2.145630e-02,  1.057686e-01],
 [ 5.011586e-03, -5.292429e-03,  7.397054e-03],
 [-1.688656e-01,  1.474343e-01,  5.566178e-02],
 [ 5.483506e-02, -7.609220e-03,  7.764167e-02],
 [-2.338008e-01,  3.589624e-01, -1.933103e-01],
 [-8.071349e-05, -6.668745e-05,  3.108885e-05],
 [ 9.798669e-05, -2.225623e-05,  1.614268e-05],
 [ 7.817160e-03, -2.273984e-02,  1.856984e-02]]
spherical_charges_l2: [[ 3.284000e-01, -1.641918e-01,  2.422948e-01, -7.967724e-02, -1.494627e-01],
 [ 3.069750e-05,  1.294083e-04, -2.930656e-06, -5.777862e-05,  4.435432e-05],
 [-6.592379e-05, -2.179493e-05, -3.208657e-05,  1.299106e-05, -4.750370e-05],
 [ 8.646359e-01,  2.176928e-01,  1.371132e+00,  2.604887e-01, -5.584220e-02],
 [ 7.171828e-01,  2.011653e-01,  1.017854e+00,  2.082632e-01, -2.133040e-01],
 [-3.288612e-01,  1.828347e+00,  2.193589e+00,  2.072017e+00, -5.934923e-01],
 [-2.138430e-03, -1.943654e-02,  5.923307e-03, -4.646123e-03,  9.082827e-03],
 [ 8.640821e-01,  1.493919e+00, -1.007585e+00, -4.888957e-01, -1.526614e+00],
 [ 8.299651e-01,  6.878499e-01, -4.125282e-01, -1.746022e-01, -7.267780e-01],
 [ 6.800530e-01,  5.861351e-01, -2.578734e-01, -1.523906e-01, -4.797107e-01],
 [ 7.364483e-05,  8.304351e-06, -4.939254e-06,  1.485083e-05, -2.370469e-05],
 [-7.366067e-05,  4.956447e-05, -2.149969e-05, -2.865128e-05,  8.067447e-06],
 [ 2.084801e-01,  3.323125e-01, -1.563125e-01, -7.927340e-02, -1.944413e-01]]
energy_short: [ 1.108795e-04, -3.454437e-01, -3.576897e-01,  2.574930e-01,  1.914569e-01,  1.978070e-01,  5.198276e-02,  4.978266e-02,  1.525789e-02,  2.529548e-02, -3.280730e-01, -3.461762e-01,  3.752490e-01]
energy_long: [-0.012084,  0.037523,  0.037343,  0.043506,  0.051019,  0.003648, -0.03376 ,  0.000756,  0.023635,  0.040256,  0.037423,  0.037324, -0.005843]