step=3548430, graph_id=0, num_atoms=13
scalar_charges: [0.563039, 1.493351, 1.510151, 0.429042, 0.452582, 0.305073, 0.242307, 0.184014, 0.300881, 0.363443, 1.452659, 1.499344, 0.457322]
spherical_charges_l0: [[ 5.415181e-03],
 [-7.812104e-04],
 [-1.477721e-03],
 [-6.948620e-03],
 [ 1.361126e-02],
 [ 9.029697e-01],
 [ 5.726378e-03],
 [ 6.783499e-01],
 [-3.044019e-03],
 [-6.087792e-03],
 [-1.819426e-03],
 [-2.100029e-03],
 [ 6.631304e-03]]
spherical_charges_l1: [[-0.008064, -0.005337, -0.015655],
 [-0.00693 ,  0.004779, -0.002082],
 [ 0.007986,  0.001588,  0.00475 ],
 [-0.027245,  0.019408, -0.041197],
 [-0.003757, -0.002464,  0.001498],
 [ 0.056477, -0.110392,  0.105288],
 [-0.002183, -0.010135, -0.013218],
 [-0.173808,  0.126778, -0.040828],
 [-0.001123,  0.027968,  0.006981],
 [-0.003632,  0.008474, -0.021227],
 [-0.008091, -0.00622 ,  0.002232],
 [ 0.009752,  0.004172, -0.002146],
 [-0.001398, -0.004699, -0.004124]]
spherical_charges_l2: [[ 1.211136e-02, -1.711851e-02, -3.246393e-03,  4.377577e-03,  1.505560e-02],
 [-1.215011e-02,  1.761360e-02, -7.524213e-03,  7.534672e-03,  1.267368e-02],
 [-2.803735e-02,  2.208222e-02, -2.010979e-02,  7.190300e-03,  2.023767e-02],
 [-4.584936e-02,  2.718308e-02, -2.815413e-01, -8.747230e-02,  2.189720e-02],
 [ 4.401781e-03, -1.737430e-01,  8.920471e-03, -6.893323e-02, -9.781414e-03],
 [ 9.309297e-01,  1.950223e+00,  5.376996e+00,  3.331528e+00, -1.563360e+00],
 [ 2.290387e-02, -3.378792e-02,  2.138407e-03, -4.753878e-02, -6.903645e-02],
 [ 1.633855e+00,  2.320609e+00, -1.953867e+00, -1.138404e+00, -3.279815e+00],
 [-3.051845e-02, -1.389722e-01,  2.607955e-02, -6.180493e-02,  1.636145e-01],
 [-3.939814e-02, -1.079868e-01,  6.292976e-02, -3.265033e-02,  4.855654e-02],
 [-1.045496e-02, -1.589483e-02,  6.975134e-03,  4.131573e-03,  1.069569e-02],
 [-9.558684e-03, -1.824090e-02,  7.861231e-03,  9.857567e-03,  1.573313e-02],
 [ 1.456543e-02,  4.388994e-02,  7.394469e-03,  7.218050e-03,  3.883713e-02]]
energy_short: [-0.025903, -0.569851, -0.57855 ,  0.24211 ,  0.421491,  0.431625,  0.246391,  0.292526,  0.240797,  0.073116, -0.557326, -0.56681 ,  0.296459]
energy_long: [ 0.01985 ,  0.009792,  0.012199,  0.0375  ,  0.041312, -0.030936,  0.007879, -0.014946,  0.036411,  0.035131,  0.013624,  0.012678,  0.021352]