step=252315, graph_id=0, num_atoms=13
scalar_charges: [-2.305139,  9.281935,  9.284236, -2.32481 , -2.334054, -2.322556, -2.327106, -2.313071, -2.329623, -2.318666,  9.281693,  9.283363, -2.323155]
spherical_charges_l0: [[7.676776e-02],
 [2.078525e-04],
 [1.700708e-04],
 [3.048126e-01],
 [3.491170e-01],
 [3.674685e+00],
 [3.011495e-02],
 [2.415064e+00],
 [2.095468e-01],
 [1.172031e-01],
 [8.453607e-05],
 [8.972543e-05],
 [7.223681e-02]]
spherical_charges_l1: [[ 5.369038e-02, -1.764681e-01, -1.052566e-01],
 [-5.667714e-05, -8.652794e-06, -1.712287e-05],
 [ 8.583347e-05, -1.113236e-04, -5.307826e-05],
 [-7.804552e-02, -8.228301e-01, -3.647443e-01],
 [-1.273979e-01, -1.339718e-03, -7.904533e-02],
 [-1.509706e-02, -4.787322e-01, -8.347800e-02],
 [ 6.579665e-03, -7.949963e-03,  9.635000e-03],
 [-6.304241e-01,  6.722742e-01, -6.649309e-02],
 [-6.081772e-03,  1.290730e-01,  8.362253e-02],
 [-1.936107e-01,  2.984004e-01, -2.173850e-01],
 [-1.294840e-04,  5.068509e-05, -4.852815e-05],
 [-1.109752e-05,  1.005973e-04, -6.650291e-05],
 [-1.091182e-01,  1.249337e-01, -6.552709e-02]]
spherical_charges_l2: [[ 3.185949e-01, -1.884965e-01,  2.067341e-01, -1.243508e-01, -1.068643e-01],
 [ 2.649973e-04, -1.145746e-04,  1.595082e-04, -1.973367e-04, -1.971243e-05],
 [ 8.006788e-05, -1.618883e-04, -1.320468e-05, -4.868488e-05, -1.169987e-04],
 [ 2.868416e-01,  8.902430e-02,  5.426530e-01,  9.907310e-02, -4.160389e-02],
 [ 4.997581e-01, -4.790631e-02,  7.590827e-01,  1.164845e-01, -1.912580e-01],
 [ 4.999316e-01,  3.620050e+00,  6.264448e+00,  4.177007e+00, -1.712721e+00],
 [ 1.785625e-02, -9.726088e-02,  6.544269e-03, -1.697394e-03, -1.630438e-02],
 [ 1.635405e+00,  3.138887e+00, -2.359358e+00, -8.069254e-01, -3.512935e+00],
 [ 4.462327e-01,  2.603367e-01, -2.713584e-01, -1.394532e-01, -3.532813e-01],
 [ 3.182172e-01,  2.161231e-01, -7.921280e-02, -3.996478e-02, -1.957470e-01],
 [ 1.559708e-04,  1.496358e-05,  1.139186e-05,  3.536014e-05, -7.214915e-05],
 [-3.575608e-05,  9.577027e-05, -5.681737e-05, -5.445595e-05, -3.113369e-05],
 [ 1.720304e-01,  2.711261e-01, -1.349772e-01, -8.759726e-03, -1.172039e-01]]
energy_short: [-0.141525, -0.226706, -0.243423,  0.187126,  0.222081,  0.205114,  0.040186,  0.063609,  0.027592, -0.048213, -0.213635, -0.230101,  0.248266]
energy_long: [-0.023003,  0.084097,  0.084338,  0.032435,  0.019896, -0.030937, -0.052086, -0.024848, -0.000277,  0.019948,  0.084204,  0.084216, -0.022272]