step=1305630, graph_id=0, num_atoms=13
scalar_charges: [ 3.031739,  3.801655,  3.812562, -1.640668, -1.590654, -1.534179, -1.543501, -1.465204, -1.5281  , -1.596928,  3.807093,  3.813856,  3.01112 ]
spherical_charges_l0: [[ 2.901104e-02],
 [ 1.313913e-04],
 [ 4.471966e-04],
 [-1.975744e-02],
 [-3.710695e-03],
 [ 1.709418e+00],
 [ 4.792781e-03],
 [ 1.151208e+00],
 [ 7.087715e-03],
 [-2.002788e-02],
 [-2.229130e-03],
 [-1.890586e-03],
 [ 2.914428e-02]]
spherical_charges_l1: [[ 1.509714e-04, -3.120565e-02, -3.924678e-02],
 [-1.947747e-02,  6.045877e-03, -6.035646e-03],
 [ 1.638651e-02,  2.135796e-03,  9.944997e-03],
 [-1.087668e-01,  2.274266e-02, -1.112990e-01],
 [-2.271520e-02,  1.091388e-02,  1.927498e-03],
 [-2.538576e-02, -3.488633e-01,  2.312667e-02],
 [-5.478068e-03, -1.519726e-02, -1.372440e-02],
 [-4.086083e-01,  2.433634e-01, -1.038743e-01],
 [ 2.037758e-03,  4.748524e-02,  1.879978e-02],
 [ 1.876338e-02, -1.795980e-02, -3.496196e-02],
 [-8.662537e-03, -1.008289e-02,  4.648121e-03],
 [ 1.303107e-02,  3.042259e-03, -1.335397e-03],
 [-2.135174e-02,  3.705928e-02, -1.376252e-02]]
spherical_charges_l2: [[ 7.357097e-02,  1.338044e-02,  5.090080e-02,  2.460629e-02,  8.953718e-03],
 [-3.335629e-03,  7.450279e-03, -4.367136e-03,  1.126732e-03,  5.552774e-03],
 [-5.916222e-04,  3.923481e-03, -3.894836e-03, -2.180992e-03,  6.200334e-03],
 [-6.106632e-02,  4.484729e-02, -3.948265e-01, -3.688356e-02,  3.283484e-02],
 [ 9.118753e-03, -1.509811e-01, -2.235990e-02, -5.059206e-02, -4.626468e-02],
 [ 1.149244e+00,  2.295337e+00,  6.370756e+00,  3.532140e+00, -2.026227e+00],
 [ 3.848788e-02, -2.041226e-02,  6.203576e-03, -4.208962e-02, -2.045951e-02],
 [ 1.700449e+00,  2.796992e+00, -2.307943e+00, -1.107802e+00, -3.581573e+00],
 [ 1.006381e-02, -7.204080e-02,  2.524544e-02, -9.638133e-02,  5.972001e-02],
 [-1.745212e-02, -1.008183e-01,  6.215572e-02, -3.510095e-02,  5.055818e-02],
 [-6.345464e-03, -4.836846e-03,  1.849126e-03,  9.291983e-04,  3.627724e-03],
 [ 1.639363e-03, -7.261264e-03,  2.967459e-03,  6.796685e-03,  5.070809e-03],
 [ 5.280173e-02,  5.381674e-02,  7.026169e-03,  8.581453e-03,  2.796061e-02]]
energy_short: [-0.197199, -0.578216, -0.581707,  0.260262,  0.403751,  0.406421,  0.238479,  0.265911,  0.225104,  0.050839, -0.56651 , -0.571165,  0.153756]
energy_long: [ 0.065973,  0.055683,  0.058199,  0.083978,  0.088946, -0.004858,  0.04948 ,  0.028473,  0.079932,  0.080774,  0.060641,  0.060523,  0.06795 ]