step=2923650, graph_id=0, num_atoms=13
scalar_charges: [0.486146, 1.348071, 1.36758 , 0.287329, 0.337716, 0.224707, 0.161203, 0.124017, 0.225239, 0.240639, 1.324352, 1.362373, 0.410373]
spherical_charges_l0: [[ 4.944038e-03],
 [-4.946612e-04],
 [-7.960696e-04],
 [-1.021144e-02],
 [ 3.938485e-03],
 [ 8.991987e-01],
 [ 3.314077e-03],
 [ 6.793333e-01],
 [-2.220563e-03],
 [-9.571095e-03],
 [-8.816122e-04],
 [-1.077703e-03],
 [ 4.032737e-03]]
spherical_charges_l1: [[-7.680563e-03, -3.832746e-03, -1.323590e-02],
 [-6.539550e-03,  3.547739e-03, -1.909765e-03],
 [ 6.884312e-03, -4.277123e-04,  3.446617e-03],
 [-2.535554e-02,  2.838106e-02, -3.140585e-02],
 [-1.498610e-03, -3.412751e-03,  2.805548e-03],
 [ 4.210893e-02, -9.711399e-02,  1.030513e-01],
 [-1.864079e-03, -9.804076e-03, -1.314172e-02],
 [-1.741755e-01,  1.452044e-01, -4.474556e-02],
 [-1.382766e-04,  2.839545e-02,  9.105375e-03],
 [ 9.282467e-03, -3.885808e-03, -1.008289e-02],
 [-7.402740e-03, -5.427333e-03,  2.134913e-03],
 [ 8.742900e-03,  3.941551e-03, -1.834609e-03],
 [-3.794527e-04, -3.465632e-03, -1.988118e-03]]
spherical_charges_l2: [[ 8.801530e-03, -1.402423e-04, -1.081484e-02,  2.270399e-03,  1.623903e-02],
 [-7.960810e-03,  1.495705e-02, -5.057102e-03,  6.023237e-03,  1.026529e-02],
 [-1.961688e-02,  1.716393e-02, -1.542328e-02,  3.936016e-03,  1.660707e-02],
 [-9.242759e-02,  2.165684e-02, -2.801459e-01, -8.798577e-02,  4.780683e-02],
 [ 1.322285e-02, -1.440436e-01, -2.939282e-02, -7.518227e-02, -6.633369e-03],
 [ 1.029642e+00,  1.993032e+00,  5.423659e+00,  3.353838e+00, -1.599212e+00],
 [ 1.640852e-02, -3.401588e-02,  1.074925e-02, -4.348121e-02, -6.000192e-02],
 [ 1.655248e+00,  2.390014e+00, -1.965547e+00, -1.199058e+00, -3.333677e+00],
 [-1.920748e-02, -1.242928e-01,  2.533039e-02, -7.576972e-02,  1.307065e-01],
 [-6.298368e-02, -1.250555e-01,  7.886389e-02, -1.978504e-02,  9.379311e-02],
 [-5.977157e-03, -1.365215e-02,  6.300022e-03,  3.389028e-03,  7.553740e-03],
 [-9.188461e-03, -1.405774e-02,  5.872100e-03,  6.461563e-03,  1.233720e-02],
 [ 7.178435e-03,  2.456666e-02,  9.236390e-03,  2.169816e-02,  4.589639e-02]]
energy_short: [-0.084456, -0.574413, -0.582618,  0.239686,  0.414984,  0.423861,  0.245297,  0.28396 ,  0.230802,  0.06977 , -0.562513, -0.571194,  0.238501]
energy_long: [ 0.031695,  0.023186,  0.025412,  0.052469,  0.055028, -0.018251,  0.020543, -0.000587,  0.049825,  0.051643,  0.026683,  0.025964,  0.033059]