step=1401750, graph_id=0, num_atoms=13
scalar_charges: [ 3.506226,  3.673035,  3.674487, -1.510724, -1.566525, -1.543802, -1.559858, -1.520743, -1.55393 , -1.511253,  3.671019,  3.673846,  3.45035 ]
spherical_charges_l0: [[ 1.385776e-02],
 [-5.562355e-04],
 [-1.068705e-03],
 [-2.013615e-02],
 [-4.900498e-03],
 [ 1.802073e+00],
 [ 8.735604e-03],
 [ 1.250841e+00],
 [ 7.940442e-03],
 [-1.782282e-02],
 [-2.495429e-03],
 [-2.061295e-03],
 [ 1.704090e-02]]
spherical_charges_l1: [[-0.008849, -0.008347, -0.022987],
 [-0.013626,  0.007949, -0.001956],
 [ 0.014915,  0.000582,  0.009474],
 [-0.051428,  0.034154, -0.05806 ],
 [ 0.002207, -0.001742,  0.015455],
 [-0.047542, -0.186669,  0.104375],
 [-0.001864, -0.008661, -0.001295],
 [-0.366276,  0.23131 , -0.101842],
 [-0.0063  ,  0.054767,  0.030653],
 [ 0.034589,  0.027415, -0.024693],
 [-0.01006 , -0.010338,  0.004643],
 [ 0.014899,  0.004047, -0.001753],
 [-0.003554,  0.010274, -0.002601]]
spherical_charges_l2: [[ 2.735261e-02,  8.780893e-03,  4.227154e-02,  1.565537e-02,  6.140647e-03],
 [-4.003576e-03,  8.666560e-03, -1.533984e-03,  1.901579e-03,  5.595506e-03],
 [-8.142182e-03,  5.860049e-03, -8.977317e-03,  1.234014e-03,  5.559979e-03],
 [-1.608383e-01, -1.416819e-02, -3.521908e-01, -4.656219e-02, -5.581400e-03],
 [ 1.112871e-02, -1.522329e-01, -9.766985e-02, -5.425238e-02, -5.976756e-02],
 [ 8.070859e-01,  2.600898e+00,  6.691870e+00,  4.130622e+00, -2.107514e+00],
 [ 3.194025e-02, -7.497524e-02, -9.009459e-04, -5.350874e-02, -6.275548e-02],
 [ 1.759037e+00,  2.946955e+00, -2.305982e+00, -1.354237e+00, -3.954051e+00],
 [-1.026334e-02, -9.224686e-02,  4.985123e-02, -1.484696e-01,  7.512777e-02],
 [-2.461011e-02, -1.478056e-01,  8.819856e-02, -9.713565e-02,  1.388244e-02],
 [-3.096098e-03, -7.163114e-03,  3.309254e-03,  2.072335e-03,  3.359156e-03],
 [-4.498863e-03, -5.409390e-03,  1.714466e-03,  4.281758e-03,  6.535998e-03],
 [ 2.355706e-02,  2.468219e-02,  8.547056e-03,  6.037598e-03,  1.977760e-02]]
energy_short: [-0.436997, -0.507013, -0.511848,  0.269698,  0.430455,  0.431002,  0.264974,  0.301093,  0.253322,  0.07314 , -0.495001, -0.501222, -0.104216]
energy_long: [ 0.066003,  0.060529,  0.062127,  0.082401,  0.087372, -0.019862,  0.046763,  0.003806,  0.077214,  0.080285,  0.063616,  0.063402,  0.067291]