step=2583225, graph_id=0, num_atoms=13
scalar_charges: [0.760165, 1.552374, 1.572425, 0.173277, 0.215224, 0.123154, 0.074325, 0.019495, 0.118173, 0.102831, 1.538854, 1.57006 , 0.70395 ]
spherical_charges_l0: [[ 5.408713e-03],
 [ 2.805889e-04],
 [-3.149302e-04],
 [-1.197875e-02],
 [ 1.866398e-03],
 [ 8.696831e-01],
 [ 5.210748e-03],
 [ 6.325327e-01],
 [ 1.917614e-03],
 [-1.680719e-02],
 [-8.215626e-04],
 [-9.537382e-04],
 [ 4.405560e-03]]
spherical_charges_l1: [[-0.0041  , -0.008991, -0.01407 ],
 [-0.007253,  0.005796, -0.001551],
 [ 0.007119,  0.00249 ,  0.004943],
 [-0.045047, -0.005198, -0.050393],
 [-0.00307 , -0.003829, -0.007892],
 [ 0.045213, -0.132885,  0.099687],
 [-0.000911, -0.014487, -0.014185],
 [-0.191795,  0.159682, -0.052375],
 [-0.002386,  0.032039,  0.012319],
 [ 0.001934,  0.011674, -0.010577],
 [-0.007132, -0.006463,  0.002703],
 [ 0.009988,  0.002718, -0.001233],
 [ 0.000991, -0.001298, -0.002171]]
spherical_charges_l2: [[ 1.264622e-02,  7.103258e-04, -1.907043e-02, -4.262892e-04,  1.894527e-02],
 [-4.817257e-03,  1.337312e-02, -3.011705e-03,  5.653385e-03,  8.610295e-03],
 [-1.759307e-02,  1.557555e-02, -1.463419e-02,  2.185106e-03,  1.652497e-02],
 [-7.826975e-02,  4.951653e-02, -3.105365e-01, -1.060542e-01,  3.391459e-02],
 [ 1.610672e-02, -1.609244e-01, -2.026759e-02, -7.573246e-02, -2.785379e-03],
 [ 8.157437e-01,  1.734902e+00,  4.856646e+00,  3.055973e+00, -1.447098e+00],
 [ 3.062515e-02, -3.077773e-02,  1.059983e-02, -4.781267e-02, -5.920388e-02],
 [ 1.452508e+00,  2.034024e+00, -1.741032e+00, -1.036545e+00, -2.875903e+00],
 [-3.025555e-02, -1.262742e-01,  3.517586e-02, -8.245975e-02,  1.314827e-01],
 [-8.930710e-02, -1.471524e-01,  7.358406e-02,  4.662729e-04,  8.898439e-02],
 [-3.618035e-03, -1.012588e-02,  4.579393e-03,  3.613607e-03,  6.323941e-03],
 [-7.760844e-03, -1.115743e-02,  4.661716e-03,  6.965355e-03,  1.172628e-02],
 [ 1.081727e-03,  1.878002e-02,  8.867853e-03,  2.932722e-02,  4.666367e-02]]
energy_short: [-0.176571, -0.600745, -0.607821,  0.280303,  0.437763,  0.44367 ,  0.266373,  0.30218 ,  0.251974,  0.108496, -0.589463, -0.596796,  0.143449]
energy_long: [ 0.042498,  0.033268,  0.035629,  0.060363,  0.062464, -0.012632,  0.029602,  0.011156,  0.057731,  0.058133,  0.037129,  0.036508,  0.04307 ]