step=1053315, graph_id=0, num_atoms=13
scalar_charges: [-1.585889,  5.640531,  5.65258 , -1.55839 , -1.580868, -1.571611, -1.593305, -1.581072, -1.590662, -1.575946,  5.638334,  5.654431, -1.585839]
spherical_charges_l0: [[ 3.545095e-02],
 [-1.954941e-02],
 [-1.696021e-02],
 [ 4.338853e-03],
 [ 1.301013e-03],
 [ 2.192272e+00],
 [ 5.681244e-03],
 [ 1.421603e+00],
 [-1.516824e-02],
 [-1.590336e-02],
 [-1.762005e-02],
 [-1.849649e-02],
 [ 5.264891e-02]]
spherical_charges_l1: [[ 6.824445e-03, -7.492541e-02, -5.040722e-02],
 [-9.041185e-03,  3.404969e-03,  1.387061e-04],
 [ 6.621096e-03,  2.386688e-02,  1.868300e-02],
 [-5.791496e-02, -2.205773e-02, -1.207579e-01],
 [-5.165678e-02, -1.134965e-02, -1.804424e-02],
 [-1.360919e-01, -3.298206e-02,  3.579645e-02],
 [-6.163639e-03, -5.911548e-03, -5.404553e-03],
 [-3.914621e-01,  1.974611e-01, -1.748161e-01],
 [ 7.116596e-03,  6.355712e-02,  3.142807e-03],
 [ 5.077219e-02,  6.324213e-03, -3.166113e-02],
 [ 4.770137e-03, -2.488409e-02,  1.438788e-02],
 [ 1.491728e-02, -1.076132e-02,  7.302785e-03],
 [-5.098162e-02,  6.985822e-02, -2.585114e-02]]
spherical_charges_l2: [[ 1.218408e-01, -2.651506e-02,  7.181109e-02,  1.350774e-02, -1.024624e-02],
 [-3.012054e-02,  2.500197e-02, -3.265891e-02,  7.486248e-04,  2.103465e-02],
 [-2.091447e-02,  3.910810e-02, -1.444832e-02,  3.998576e-03,  2.654427e-02],
 [-1.334595e-01, -1.797133e-02, -2.497258e-01, -3.203376e-02, -4.075984e-02],
 [-1.178103e-02, -1.615766e-01, -2.162893e-03, -1.044131e-01,  1.442894e-02],
 [ 1.265028e+00,  2.866444e+00,  7.453996e+00,  4.499686e+00, -2.282617e+00],
 [ 2.819356e-02, -5.477499e-02,  1.054124e-02, -5.929373e-02, -4.900676e-02],
 [ 1.976863e+00,  3.114130e+00, -2.672557e+00, -1.373854e+00, -4.096673e+00],
 [-4.649349e-02, -1.644698e-01, -1.291902e-02, -5.124218e-02,  1.216268e-01],
 [-4.144815e-02, -1.086358e-01,  4.167574e-02, -2.946365e-02,  1.543541e-02],
 [-1.432683e-02, -2.611325e-02,  1.227937e-02,  8.039323e-03,  1.340721e-02],
 [-4.195496e-03, -2.526897e-02,  9.715497e-03,  1.171714e-02,  1.572043e-02],
 [ 7.059167e-02,  1.251465e-01, -2.828213e-02,  2.497610e-02,  4.647039e-02]]
energy_short: [-0.132535, -0.208887, -0.229031,  0.13937 ,  0.250378,  0.237975,  0.064881,  0.100432,  0.062888, -0.080367, -0.201349, -0.21925 ,  0.239091]
energy_long: [ 0.019423,  0.013549,  0.017663,  0.034895,  0.042482, -0.050316,  0.004069, -0.019083,  0.032612,  0.033992,  0.016875,  0.016443,  0.020614]