step=2779470, graph_id=0, num_atoms=13
scalar_charges: [0.47337 , 1.323904, 1.348912, 0.297866, 0.264825, 0.177728, 0.139433, 0.082312, 0.17585 , 0.239337, 1.308884, 1.344649, 0.395653]
spherical_charges_l0: [[ 5.515998e-03],
 [ 3.602329e-04],
 [-2.500163e-04],
 [-7.772796e-03],
 [ 4.345370e-03],
 [ 8.813916e-01],
 [ 5.131642e-03],
 [ 6.534793e-01],
 [ 1.094364e-03],
 [-1.250371e-02],
 [-7.480068e-04],
 [-8.333533e-04],
 [ 6.389183e-03]]
spherical_charges_l1: [[-0.008351, -0.009635, -0.018688],
 [-0.008613,  0.006537, -0.001958],
 [ 0.008501,  0.001795,  0.005333],
 [-0.048253,  0.005731, -0.04797 ],
 [-0.000577, -0.004278,  0.007012],
 [ 0.041307, -0.118682,  0.106713],
 [-0.001169, -0.013398, -0.01357 ],
 [-0.1886  ,  0.145844, -0.043337],
 [-0.001241,  0.035042,  0.011853],
 [-0.00162 ,  0.005141, -0.010146],
 [-0.008309, -0.007759,  0.003289],
 [ 0.011521,  0.003237, -0.00139 ],
 [-0.002104, -0.001452, -0.003649]]
spherical_charges_l2: [[ 1.870079e-02, -1.094083e-02, -4.065493e-03,  6.096832e-03,  1.476888e-02],
 [-1.236842e-02,  1.555224e-02, -8.361570e-03,  9.192199e-03,  1.008229e-02],
 [-2.358324e-02,  2.359558e-02, -1.669743e-02,  5.638818e-03,  2.157866e-02],
 [-8.099726e-02,  3.706763e-02, -3.015475e-01, -1.038653e-01,  4.912248e-02],
 [ 2.483982e-02, -1.534154e-01, -4.071282e-02, -8.460276e-02, -1.473471e-02],
 [ 8.129577e-01,  1.804036e+00,  5.023236e+00,  3.111332e+00, -1.462109e+00],
 [ 2.864601e-02, -3.377976e-02,  7.857162e-03, -5.056686e-02, -6.790868e-02],
 [ 1.472694e+00,  2.126563e+00, -1.889353e+00, -1.064095e+00, -2.992462e+00],
 [-1.732796e-02, -1.149411e-01,  3.253672e-02, -8.637010e-02,  1.242332e-01],
 [-8.050149e-02, -1.398918e-01,  7.445688e-02,  2.266817e-03,  9.103286e-02],
 [-7.614322e-03, -1.755341e-02,  7.919664e-03,  2.086595e-03,  7.661875e-03],
 [-9.901001e-03, -1.871176e-02,  8.298544e-03,  6.296752e-03,  1.288887e-02],
 [ 2.056560e-02,  4.491386e-02,  5.069839e-03,  6.127732e-03,  2.967646e-02]]
energy_short: [-0.057182, -0.584304, -0.592947,  0.258813,  0.42383 ,  0.427944,  0.242256,  0.290032,  0.238561,  0.084693, -0.573007, -0.581603,  0.263524]
energy_long: [ 0.028437,  0.018906,  0.020863,  0.046101,  0.048769, -0.021932,  0.017429,  0.00254 ,  0.044013,  0.04571 ,  0.022898,  0.022318,  0.029687]