step=3968955, graph_id=0, num_atoms=13
scalar_charges: [0.668305, 1.640611, 1.654947, 0.486957, 0.504915, 0.330747, 0.275989, 0.207217, 0.344773, 0.433291, 1.582425, 1.638309, 0.54299 ]
spherical_charges_l0: [[ 5.854063e-03],
 [-1.236438e-03],
 [-2.016122e-03],
 [-9.372028e-03],
 [ 1.287708e-02],
 [ 9.658520e-01],
 [ 6.313966e-03],
 [ 7.310517e-01],
 [-9.622021e-04],
 [-6.934262e-03],
 [-2.439538e-03],
 [-2.832742e-03],
 [ 6.131983e-03]]
spherical_charges_l1: [[-0.007677, -0.004123, -0.015049],
 [-0.006891,  0.005053, -0.002178],
 [ 0.007208,  0.002004,  0.00427 ],
 [-0.025985,  0.025795, -0.039878],
 [-0.003075, -0.003602,  0.004047],
 [ 0.06446 , -0.113724,  0.107188],
 [-0.002065, -0.009971, -0.012782],
 [-0.184825,  0.126132, -0.042207],
 [-0.000897,  0.028122,  0.008297],
 [-0.008716,  0.012593, -0.026619],
 [-0.007959, -0.005524,  0.001839],
 [ 0.009053,  0.004291, -0.002273],
 [-0.000715, -0.004927, -0.005636]]
spherical_charges_l2: [[ 1.174304e-02, -1.665120e-02, -7.696655e-04,  3.035456e-03,  1.562411e-02],
 [-1.123373e-02,  1.788856e-02, -5.389032e-03,  7.904098e-03,  1.237190e-02],
 [-3.032103e-02,  2.026928e-02, -2.066587e-02,  8.733655e-03,  1.882383e-02],
 [-3.882538e-02,  4.076585e-02, -2.884889e-01, -9.208369e-02,  3.634663e-02],
 [ 7.086754e-03, -1.808207e-01, -2.412038e-02, -7.497111e-02, -1.414165e-02],
 [ 1.002123e+00,  1.994482e+00,  5.632764e+00,  3.436034e+00, -1.622674e+00],
 [ 2.312616e-02, -3.714043e-02,  6.045484e-03, -5.084809e-02, -7.344403e-02],
 [ 1.686502e+00,  2.431061e+00, -2.063080e+00, -1.186932e+00, -3.441473e+00],
 [-2.749219e-02, -1.276273e-01,  3.554019e-02, -7.759636e-02,  1.645760e-01],
 [-3.789444e-02, -1.210405e-01,  6.814347e-02, -3.508056e-02,  4.435946e-02],
 [-1.084397e-02, -1.725154e-02,  7.806093e-03,  3.309455e-03,  1.024880e-02],
 [-1.047540e-02, -1.815884e-02,  7.977244e-03,  8.098555e-03,  1.489844e-02],
 [ 1.300404e-02,  4.356069e-02,  7.478656e-03,  8.600439e-03,  4.025783e-02]]
energy_short: [ 5.189031e-04, -5.766633e-01, -5.851143e-01,  2.602012e-01,  4.363731e-01,  4.492143e-01,  2.592303e-01,  3.102797e-01,  2.552403e-01,  9.054878e-02, -5.633332e-01, -5.732808e-01,  3.217869e-01]
energy_long: [ 0.012337,  0.002435,  0.005202,  0.030264,  0.034116, -0.040168,  0.001172, -0.022436,  0.028614,  0.028291,  0.006389,  0.005464,  0.013677]