step=2719395, graph_id=0, num_atoms=13
scalar_charges: [0.457396, 1.372992, 1.38625 , 0.22219 , 0.301345, 0.201612, 0.15776 , 0.09723 , 0.205903, 0.16918 , 1.349266, 1.382916, 0.380657]
spherical_charges_l0: [[ 4.395445e-03],
 [ 1.172999e-04],
 [-1.523593e-04],
 [-7.517336e-03],
 [ 1.274855e-02],
 [ 9.656118e-01],
 [ 6.630216e-03],
 [ 7.221107e-01],
 [-6.388008e-04],
 [-9.997867e-03],
 [-5.008356e-04],
 [-5.488328e-04],
 [ 3.759250e-03]]
spherical_charges_l1: [[-6.539988e-03, -7.226125e-03, -1.635954e-02],
 [-4.824201e-03,  3.509860e-03, -7.586268e-04],
 [ 5.103592e-03, -1.097136e-04,  2.682137e-03],
 [-2.245629e-02,  5.672609e-03, -4.173066e-02],
 [ 2.265575e-04,  1.825681e-03, -7.153021e-04],
 [ 4.861128e-02, -1.300275e-01,  8.610918e-02],
 [-1.634684e-03, -1.225678e-02, -1.234461e-02],
 [-1.907856e-01,  1.520631e-01, -4.872682e-02],
 [ 1.349573e-03,  3.125107e-02,  1.605259e-02],
 [ 4.663679e-03,  5.912357e-03, -1.946224e-02],
 [-6.041567e-03, -4.125039e-03,  1.613938e-03],
 [ 6.766224e-03,  3.423396e-03, -1.628721e-03],
 [-9.023707e-04, -1.407836e-03, -2.029183e-04]]
spherical_charges_l2: [[ 7.412391e-03, -2.899033e-03, -2.025705e-03,  8.086847e-03,  1.953949e-02],
 [-4.641186e-03,  9.269277e-03, -4.895527e-03,  3.510814e-03,  7.458676e-03],
 [-1.239326e-02,  1.209362e-02, -9.641912e-03,  1.826725e-03,  1.246390e-02],
 [-4.496320e-02,  2.133659e-02, -2.551148e-01, -7.227056e-02,  7.608015e-03],
 [ 2.090258e-02, -1.702778e-01,  2.377268e-02, -7.177550e-02, -2.575923e-02],
 [ 9.390582e-01,  2.070381e+00,  5.384584e+00,  3.353832e+00, -1.716315e+00],
 [ 2.842909e-02, -3.019010e-02,  6.601204e-03, -4.232699e-02, -5.891937e-02],
 [ 1.642230e+00,  2.429337e+00, -2.015133e+00, -1.177952e+00, -3.344908e+00],
 [-1.823713e-02, -1.323854e-01,  2.265497e-02, -5.834436e-02,  1.303580e-01],
 [-2.795942e-02, -9.083354e-02,  6.433257e-02, -4.937213e-02,  2.622719e-02],
 [-4.523973e-03, -7.977117e-03,  3.686854e-03,  1.491771e-03,  4.705628e-03],
 [-4.352453e-03, -9.102468e-03,  3.933230e-03,  5.012204e-03,  7.955922e-03],
 [ 1.258120e-02,  2.434964e-02,  9.530200e-03,  1.528135e-02,  3.527150e-02]]
energy_short: [-0.090054, -0.585292, -0.593386,  0.256208,  0.424082,  0.432638,  0.24871 ,  0.292786,  0.237574,  0.08365 , -0.573832, -0.581807,  0.235032]
energy_long: [ 3.390159e-02,  2.536862e-02,  2.799639e-02,  5.300075e-02,  5.612608e-02, -1.800081e-02,  2.232271e-02, -7.579802e-06,  5.180018e-02,  5.228250e-02,  2.917219e-02,  2.863573e-02,  3.557485e-02]