step=3432285, graph_id=0, num_atoms=13
scalar_charges: [0.574213, 1.433887, 1.455255, 0.373084, 0.40183 , 0.268195, 0.215836, 0.16191 , 0.269179, 0.322037, 1.404861, 1.450103, 0.467641]
spherical_charges_l0: [[ 4.598576e-03],
 [-6.164809e-04],
 [-1.184934e-03],
 [-6.435632e-03],
 [ 8.122873e-03],
 [ 8.681185e-01],
 [ 4.806802e-03],
 [ 6.603711e-01],
 [-1.809555e-03],
 [-6.622481e-03],
 [-1.724543e-03],
 [-1.906718e-03],
 [ 6.147406e-03]]
spherical_charges_l1: [[-0.006151, -0.005237, -0.013092],
 [-0.006686,  0.003563, -0.00258 ],
 [ 0.006628,  0.000886,  0.00358 ],
 [-0.026841,  0.018875, -0.036315],
 [-0.002747, -0.003855,  0.003192],
 [ 0.06156 , -0.104561,  0.105104],
 [-0.001358, -0.0093  , -0.01086 ],
 [-0.169227,  0.131426, -0.037442],
 [-0.001116,  0.027164,  0.00566 ],
 [-0.005401,  0.008478, -0.019695],
 [-0.007559, -0.00515 ,  0.001758],
 [ 0.008314,  0.004067, -0.002126],
 [-0.000246, -0.00383 , -0.003685]]
spherical_charges_l2: [[ 7.132953e-03, -1.039495e-02, -6.546132e-03,  6.459178e-04,  1.448183e-02],
 [-1.108679e-02,  1.580263e-02, -5.457877e-03,  8.412413e-03,  1.009858e-02],
 [-2.538470e-02,  2.019615e-02, -1.643577e-02,  8.019138e-03,  1.755257e-02],
 [-5.269621e-02,  2.727413e-02, -2.540658e-01, -7.480399e-02,  2.655324e-02],
 [ 7.483948e-03, -1.535328e-01, -2.633968e-02, -6.585322e-02, -1.101874e-02],
 [ 8.501366e-01,  1.854050e+00,  5.142750e+00,  3.205015e+00, -1.501561e+00],
 [ 1.963574e-02, -2.772313e-02,  4.308408e-03, -4.532674e-02, -6.464820e-02],
 [ 1.538811e+00,  2.222026e+00, -1.905213e+00, -1.110113e+00, -3.188602e+00],
 [-2.826414e-02, -1.222359e-01,  3.475424e-02, -7.338464e-02,  1.446525e-01],
 [-4.363518e-02, -1.120989e-01,  6.431319e-02, -3.280478e-02,  4.618518e-02],
 [-9.506168e-03, -1.517929e-02,  6.640846e-03,  1.522721e-03,  7.844739e-03],
 [-8.391545e-03, -1.723984e-02,  7.758520e-03,  6.648191e-03,  1.192351e-02],
 [ 6.926716e-03,  3.310529e-02,  8.303637e-03,  9.039751e-03,  3.852980e-02]]
energy_short: [-0.029184, -0.571328, -0.57983 ,  0.255459,  0.434131,  0.443602,  0.256492,  0.303393,  0.252447,  0.086331, -0.558797, -0.568228,  0.29227 ]
energy_long: [ 0.021558,  0.012111,  0.014578,  0.039866,  0.043208, -0.029093,  0.010989, -0.010572,  0.038145,  0.038454,  0.015979,  0.015023,  0.022847]