step=2374965, graph_id=0, num_atoms=13
scalar_charges: [ 0.915411,  1.573523,  1.591303,  0.035021,  0.200103,  0.083418,  0.026723, -0.049344,  0.090027, -0.048449,  1.561788,  1.594249,  0.831383]
spherical_charges_l0: [[ 5.337506e-03],
 [ 2.807556e-04],
 [ 7.283322e-05],
 [-3.659393e-03],
 [ 3.615743e-03],
 [ 1.053104e+00],
 [ 4.613657e-03],
 [ 7.984579e-01],
 [-2.859868e-03],
 [-1.099641e-02],
 [-1.067714e-03],
 [-8.792148e-04],
 [ 6.702300e-03]]
spherical_charges_l1: [[-5.512656e-03, -7.877856e-03, -1.332386e-02],
 [-6.987249e-03,  6.990058e-03, -1.101839e-03],
 [ 6.795997e-03,  3.219880e-03,  5.415911e-03],
 [-3.925364e-02,  1.282065e-04, -3.937717e-02],
 [-6.779578e-03, -1.813647e-03,  1.136335e-03],
 [ 7.308969e-02, -1.513068e-01,  1.084100e-01],
 [-5.455911e-04, -1.341151e-02, -1.194296e-02],
 [-2.196851e-01,  1.658915e-01, -5.586852e-02],
 [-8.169514e-04,  3.559348e-02,  1.379476e-02],
 [ 6.396126e-03,  5.711337e-03, -1.263622e-02],
 [-4.978909e-03, -6.759504e-03,  2.957137e-03],
 [ 9.192875e-03,  8.012093e-04, -2.799050e-04],
 [-5.279955e-04,  2.795894e-03, -2.790311e-03]]
spherical_charges_l2: [[ 1.228656e-02, -8.499347e-03, -1.442402e-02,  3.592668e-03,  1.863574e-02],
 [-5.697618e-03,  1.087476e-02, -2.271622e-03,  6.968246e-03,  6.165263e-03],
 [-1.581513e-02,  1.376026e-02, -1.256445e-02,  2.828976e-03,  1.488675e-02],
 [-6.599354e-02,  2.662884e-02, -2.485284e-01, -6.670500e-02,  3.157291e-02],
 [ 3.381961e-02, -1.583402e-01, -3.501339e-02, -8.407480e-02, -2.160041e-02],
 [ 9.903420e-01,  2.123331e+00,  5.478050e+00,  3.343455e+00, -1.633689e+00],
 [ 2.938458e-02, -2.989119e-02,  7.074458e-03, -4.590834e-02, -5.237912e-02],
 [ 1.689003e+00,  2.527836e+00, -2.049580e+00, -1.219649e+00, -3.419955e+00],
 [-1.805870e-02, -1.170855e-01,  2.497276e-02, -7.518412e-02,  1.242599e-01],
 [-5.711532e-02, -1.041816e-01,  6.083820e-02, -2.589647e-02,  6.171011e-02],
 [-4.739705e-03, -1.277203e-02,  5.750144e-03,  2.437530e-03,  5.747598e-03],
 [-8.534802e-03, -1.249466e-02,  5.093217e-03,  4.322604e-03,  9.844193e-03],
 [ 1.169166e-02,  3.195238e-02,  5.811003e-03,  5.686953e-03,  3.117338e-02]]
energy_short: [-0.155164, -0.577178, -0.585218,  0.301373,  0.411555,  0.420178,  0.250676,  0.283772,  0.22745 ,  0.115573, -0.566782, -0.574147,  0.175865]
energy_long: [ 0.042092,  0.032763,  0.034751,  0.058146,  0.063101, -0.012272,  0.028473,  0.009102,  0.058475,  0.060434,  0.036801,  0.036122,  0.043592]