step=456570, graph_id=0, num_atoms=13
scalar_charges: [-2.202667,  8.325357,  8.327351, -2.210056, -2.21947 , -2.204179, -2.218703, -2.199301, -2.220877, -2.222664,  8.326416,  8.322807, -2.203417]
spherical_charges_l0: [[4.742314e-02],
 [6.220208e-05],
 [1.559989e-04],
 [1.022432e-01],
 [2.165974e-02],
 [5.155266e+00],
 [1.221598e-02],
 [3.256298e+00],
 [5.066542e-03],
 [4.936745e-03],
 [2.072803e-04],
 [1.744865e-04],
 [4.985340e-02]]
spherical_charges_l1: [[ 2.263716e-02, -1.066317e-01, -4.664111e-02],
 [-8.651349e-05, -2.458083e-04, -1.536128e-04],
 [-4.834507e-04,  5.540372e-04,  4.039185e-05],
 [-9.037263e-02,  6.287019e-02, -1.335534e-01],
 [-6.539618e-03, -1.383026e-02, -4.862442e-02],
 [ 6.983624e-02, -2.406715e-01,  1.153382e-02],
 [ 4.220231e-03, -9.781977e-03,  5.634471e-03],
 [-9.203370e-01,  5.271868e-01, -1.825528e-01],
 [ 2.339260e-02,  8.527998e-02,  4.556055e-02],
 [ 7.131888e-02, -4.268917e-02, -6.491285e-02],
 [ 1.427730e-04,  2.476716e-04, -1.316169e-04],
 [-2.552471e-04, -2.351947e-04,  7.722682e-05],
 [-3.632855e-02,  4.388256e-02,  2.264385e-04]]
spherical_charges_l2: [[ 7.724882e-02, -6.919821e-02,  1.069605e-01,  1.499502e-02, -5.081121e-02],
 [-1.781359e-04,  2.644265e-04, -2.006098e-06,  2.632099e-04,  5.255365e-05],
 [-1.167029e-04, -1.494866e-05, -6.358908e-05,  5.341789e-05,  1.092942e-05],
 [-3.727436e-02,  4.547459e-02, -6.833076e-02,  8.407434e-02, -6.409537e-02],
 [ 2.817263e-02, -3.524574e-02,  1.630421e-01,  7.438642e-03,  2.253076e-02],
 [ 1.684099e+00,  3.919580e+00,  1.058669e+01,  6.169170e+00, -3.584278e+00],
 [ 1.406531e-02, -7.248566e-02, -2.942970e-03, -2.443022e-02, -3.974403e-02],
 [ 2.655301e+00,  4.394523e+00, -3.421483e+00, -2.016184e+00, -5.964733e+00],
 [ 1.533194e-02, -6.607872e-02, -1.907923e-02, -3.545884e-02,  5.520150e-02],
 [ 5.062078e-02, -5.820220e-02,  5.593265e-02, -6.881513e-02, -3.860255e-02],
 [-2.860535e-04,  1.720935e-05, -4.581866e-05,  8.108721e-05,  2.441119e-04],
 [-4.461948e-05, -2.317556e-04,  9.360015e-05,  1.895018e-04,  1.831404e-04],
 [ 6.261151e-02,  7.352169e-02, -1.986594e-02, -4.896915e-02, -6.283010e-02]]
energy_short: [-0.258006, -0.026268, -0.041825,  0.052866,  0.105006,  0.08642 , -0.075862, -0.049562, -0.091106, -0.18036 , -0.01681 , -0.031303,  0.13292 ]
energy_long: [ 0.019784,  0.112017,  0.111988,  0.065228,  0.055772, -0.010756, -0.001913,  0.003863,  0.044638,  0.061969,  0.111938,  0.11193 ,  0.018856]