step=3692610, graph_id=0, num_atoms=13
scalar_charges: [0.579272, 1.519919, 1.536105, 0.432331, 0.44089 , 0.292031, 0.23704 , 0.177038, 0.297933, 0.371647, 1.473155, 1.521085, 0.470427]
spherical_charges_l0: [[ 0.005181],
 [-0.000981],
 [-0.001606],
 [-0.006892],
 [ 0.011778],
 [ 0.91774 ],
 [ 0.005315],
 [ 0.69313 ],
 [-0.001465],
 [-0.006258],
 [-0.002034],
 [-0.002351],
 [ 0.005757]]
spherical_charges_l1: [[-0.006748, -0.005459, -0.014629],
 [-0.006524,  0.00461 , -0.002125],
 [ 0.00704 ,  0.001805,  0.004136],
 [-0.023994,  0.024648, -0.036805],
 [-0.000933, -0.003621,  0.002749],
 [ 0.063882, -0.10417 ,  0.107956],
 [-0.0017  , -0.009376, -0.010915],
 [-0.177909,  0.126464, -0.034781],
 [-0.001405,  0.027145,  0.007947],
 [-0.006479,  0.008658, -0.022507],
 [-0.00776 , -0.005548,  0.001909],
 [ 0.008935,  0.004035, -0.002106],
 [-0.000848, -0.004049, -0.005271]]
spherical_charges_l2: [[ 1.127522e-02, -1.331278e-02, -3.543167e-03,  2.415071e-03,  1.593523e-02],
 [-1.134476e-02,  1.666118e-02, -6.320036e-03,  7.619889e-03,  1.172023e-02],
 [-2.704695e-02,  2.032769e-02, -1.847697e-02,  7.721752e-03,  1.853367e-02],
 [-3.810241e-02,  2.793054e-02, -2.672730e-01, -8.967856e-02,  2.807862e-02],
 [ 7.352661e-03, -1.710047e-01, -2.375558e-02, -7.121864e-02, -1.034983e-02],
 [ 9.870636e-01,  1.889421e+00,  5.420705e+00,  3.300931e+00, -1.557642e+00],
 [ 2.390368e-02, -2.885506e-02,  3.969620e-03, -4.681154e-02, -6.593671e-02],
 [ 1.624230e+00,  2.325047e+00, -1.978362e+00, -1.165900e+00, -3.298411e+00],
 [-2.624107e-02, -1.274894e-01,  3.254576e-02, -6.978384e-02,  1.585394e-01],
 [-3.503519e-02, -1.106234e-01,  6.256359e-02, -3.032983e-02,  4.349186e-02],
 [-1.090719e-02, -1.499509e-02,  6.539396e-03,  3.007102e-03,  9.839374e-03],
 [-8.468619e-03, -1.735767e-02,  7.652499e-03,  8.831812e-03,  1.409747e-02],
 [ 1.433516e-02,  4.137810e-02,  7.787948e-03,  8.101698e-03,  3.852807e-02]]
energy_short: [-0.008256, -0.572282, -0.580836,  0.25677 ,  0.433883,  0.444784,  0.258136,  0.306264,  0.252936,  0.087831, -0.559253, -0.569055,  0.313226]
energy_long: [ 0.018043,  0.008076,  0.010734,  0.03609 ,  0.040101, -0.03503 ,  0.006669, -0.017776,  0.034827,  0.034238,  0.012172,  0.011112,  0.019318]