step=1317645, graph_id=0, num_atoms=13
scalar_charges: [ 3.095759,  4.201296,  4.221819, -1.542065, -1.491907, -1.439998, -1.451338, -1.381281, -1.451136, -1.519103,  4.221268,  4.233102,  3.062218]
spherical_charges_l0: [[ 4.573220e-02],
 [-1.580416e-03],
 [ 2.224398e-05],
 [-6.195409e-03],
 [ 6.599893e-02],
 [ 1.767725e+00],
 [ 7.559565e-03],
 [ 1.143247e+00],
 [ 1.069302e-02],
 [-1.319786e-02],
 [-3.058990e-03],
 [-2.603737e-03],
 [ 4.699777e-02]]
spherical_charges_l1: [[-0.007752, -0.066726, -0.051996],
 [-0.019276,  0.012779, -0.001035],
 [ 0.015703,  0.01023 ,  0.01496 ],
 [-0.045161,  0.045534, -0.076634],
 [-0.036236, -0.031805, -0.041233],
 [-0.112423, -0.148627,  0.069954],
 [-0.002799, -0.009097, -0.004077],
 [-0.370828,  0.207948, -0.006998],
 [ 0.006742,  0.084902,  0.018692],
 [ 0.029405,  0.009282, -0.039716],
 [-0.005131, -0.013054,  0.006376],
 [ 0.014658, -0.002942,  0.00193 ],
 [-0.035684,  0.051596, -0.026123]]
spherical_charges_l2: [[ 1.523459e-01, -1.529550e-02,  4.802931e-02, -2.604845e-02,  4.679054e-02],
 [-4.566786e-03,  1.476303e-02, -6.019433e-03,  8.010005e-04,  9.661078e-03],
 [-8.409804e-03,  4.267034e-03, -9.889157e-03, -3.067170e-03,  8.413798e-03],
 [-1.429967e-01, -5.029064e-02, -3.650179e-01, -8.706837e-02, -5.421075e-02],
 [ 2.677048e-02, -1.738388e-01,  3.076243e-01, -2.569222e-02, -6.788984e-02],
 [ 1.102919e+00,  2.153061e+00,  6.513586e+00,  3.633724e+00, -2.026172e+00],
 [ 1.952952e-02, -2.651625e-02,  1.663706e-02, -4.444387e-02, -3.967019e-02],
 [ 1.806253e+00,  2.625657e+00, -2.261006e+00, -1.120324e+00, -3.514249e+00],
 [ 4.378004e-02, -1.302337e-01, -2.819969e-02, -1.279958e-02,  8.098311e-02],
 [-4.425008e-03, -7.270342e-02,  3.292758e-02, -1.828917e-02,  6.961654e-03],
 [-4.102091e-03, -9.426323e-03,  4.001809e-03,  5.058310e-03,  6.787572e-03],
 [-3.135696e-03, -8.620170e-03,  3.353998e-03,  9.417216e-03,  1.034898e-02],
 [ 9.892170e-02,  1.267957e-01, -1.672220e-02,  1.689159e-02,  2.857967e-02]]
energy_short: [-0.099029, -0.553109, -0.55758 ,  0.230559,  0.379435,  0.386525,  0.22265 ,  0.256222,  0.203811,  0.032964, -0.542764, -0.547779,  0.237165]
energy_long: [ 0.053039,  0.042697,  0.045224,  0.065564,  0.074418, -0.008819,  0.034175,  0.004463,  0.063764,  0.06053 ,  0.048589,  0.047902,  0.054403]