step=1433790, graph_id=0, num_atoms=13
scalar_charges: [ 4.11836 ,  3.849498,  3.850173, -1.695957, -1.567856, -1.556966, -1.596796, -1.544977, -1.572659, -1.684543,  3.853954,  3.852097,  4.101538]
spherical_charges_l0: [[ 1.712916e-02],
 [-7.875164e-05],
 [-8.585788e-04],
 [-1.433355e-02],
 [ 2.428946e-03],
 [ 1.579691e+00],
 [ 6.821261e-03],
 [ 1.053594e+00],
 [ 1.373036e-03],
 [-1.005904e-02],
 [-2.672957e-03],
 [-2.673794e-03],
 [ 1.330413e-02]]
spherical_charges_l1: [[-8.952790e-03, -3.311399e-02, -4.375590e-02],
 [-1.719586e-02,  1.002774e-02, -3.805372e-03],
 [ 1.797681e-02,  6.122039e-03,  1.319348e-02],
 [-6.170487e-02, -1.446757e-02, -8.450086e-02],
 [ 5.034380e-03, -3.950069e-03,  4.086384e-03],
 [ 6.200248e-02, -1.338464e-01,  1.540174e-01],
 [-2.996123e-03, -1.362747e-02, -1.034931e-02],
 [-3.221158e-01,  2.534508e-01, -3.992243e-02],
 [-4.147497e-03,  5.168813e-02,  1.152201e-02],
 [ 2.164910e-02,  3.270731e-02, -3.872443e-02],
 [-1.006401e-02, -1.365496e-02,  6.301529e-03],
 [ 1.925053e-02,  1.161114e-03, -2.873346e-04],
 [-1.483853e-02,  1.658324e-02, -8.211783e-03]]
spherical_charges_l2: [[ 5.103276e-02,  2.013996e-02, -5.229425e-03, -2.287308e-02,  3.429472e-02],
 [-1.522689e-03,  9.349022e-03, -3.510389e-03,  2.479759e-04,  7.393028e-03],
 [-9.740549e-03,  8.976080e-03, -1.045929e-02, -9.258511e-05,  1.020396e-02],
 [-6.293935e-02, -1.690209e-03, -3.104756e-01, -4.130519e-02,  3.845942e-02],
 [-7.759178e-03, -1.677929e-01, -3.463613e-02, -4.729037e-02, -2.267417e-02],
 [ 1.116499e+00,  1.616809e+00,  5.609267e+00,  3.270024e+00, -1.788838e+00],
 [ 3.324392e-02, -2.340075e-02,  4.730669e-03, -4.550198e-02, -4.155747e-02],
 [ 1.525337e+00,  2.389866e+00, -1.939790e+00, -1.107632e+00, -3.149621e+00],
 [-8.677269e-03, -1.257093e-01,  3.667098e-02, -7.586098e-02,  9.672091e-02],
 [ 3.848949e-03, -8.244161e-02,  6.330608e-02, -3.487413e-02,  6.726845e-02],
 [-4.274381e-03, -9.170566e-03,  4.064417e-03,  3.261871e-03,  5.246883e-03],
 [-5.672771e-03, -9.007836e-03,  3.268354e-03,  6.650562e-03,  9.645764e-03],
 [ 1.319380e-02,  2.092755e-02, -1.765877e-03,  5.457541e-02,  5.053802e-02]]
energy_short: [-0.330213, -0.490358, -0.494855,  0.265189,  0.418884,  0.414367,  0.246422,  0.283107,  0.238569,  0.07733 , -0.476691, -0.482808, -0.00184 ]
energy_long: [ 0.049901,  0.041841,  0.043788,  0.06466 ,  0.070522, -0.020912,  0.029003,  0.005121,  0.062833,  0.06198 ,  0.045012,  0.04482 ,  0.052061]