step=2499120, graph_id=0, num_atoms=13
scalar_charges: [1.123442, 1.745119, 1.764021, 0.150476, 0.425452, 0.29938 , 0.20935 , 0.151232, 0.288436, 0.094072, 1.728337, 1.765684, 0.964645]
spherical_charges_l0: [[ 9.736956e-03],
 [ 4.793788e-04],
 [ 6.240929e-05],
 [-2.152789e-03],
 [ 7.947470e-03],
 [ 1.063627e+00],
 [ 5.940220e-03],
 [ 7.921529e-01],
 [-5.183989e-03],
 [-1.033262e-02],
 [-2.884732e-04],
 [-3.804316e-04],
 [ 9.004007e-03]]
spherical_charges_l1: [[-1.154085e-02, -1.056538e-02, -2.585503e-02],
 [-6.497514e-03,  4.443071e-03, -1.589719e-03],
 [ 6.118292e-03,  6.265944e-04,  3.782404e-03],
 [-4.361534e-02,  7.472211e-03, -4.693851e-02],
 [-6.232720e-03, -1.532957e-04, -4.119945e-03],
 [ 5.423915e-02, -1.348545e-01,  1.183809e-01],
 [-1.320101e-03, -1.495039e-02, -1.341706e-02],
 [-2.275341e-01,  1.859007e-01, -7.355343e-02],
 [-4.293179e-03,  4.016002e-02,  1.506884e-02],
 [ 8.047609e-03, -6.057744e-03, -1.259803e-02],
 [-6.902381e-03, -5.045587e-03,  2.063036e-03],
 [ 8.086095e-03,  3.041432e-03, -1.366491e-03],
 [-4.689529e-03,  1.712954e-03, -5.149871e-03]]
spherical_charges_l2: [[ 2.329136e-02, -1.925850e-02, -7.911706e-03,  1.519769e-02,  1.154078e-02],
 [-3.766784e-03,  7.047040e-03, -1.143268e-03,  6.032739e-03,  4.320952e-03],
 [-1.266764e-02,  1.251370e-02, -8.656284e-03,  3.000104e-03,  1.250297e-02],
 [-3.274095e-02,  6.414897e-02, -2.589466e-01, -7.968202e-02,  3.705753e-02],
 [ 3.718583e-02, -1.886700e-01, -2.873474e-02, -1.115001e-01, -3.039224e-02],
 [ 8.911814e-01,  2.159386e+00,  5.728985e+00,  3.577219e+00, -1.790774e+00],
 [ 3.107511e-02, -3.123262e-02,  4.860943e-03, -5.700392e-02, -6.969588e-02],
 [ 1.744310e+00,  2.552846e+00, -2.131762e+00, -1.239228e+00, -3.567252e+00],
 [-2.524893e-02, -1.621313e-01,  3.416177e-02, -7.803147e-02,  1.671530e-01],
 [-3.981660e-02, -8.358875e-02,  5.831763e-02, -3.916005e-02,  4.990688e-02],
 [-3.737506e-03, -8.450380e-03,  3.960652e-03, -8.853585e-04,  2.304330e-03],
 [-4.654718e-03, -9.265793e-03,  4.233413e-03,  2.576429e-03,  5.831902e-03],
 [ 2.435060e-02,  5.510139e-02,  3.006432e-03,  6.918414e-04,  3.024000e-02]]
energy_short: [-0.169672, -0.586313, -0.594225,  0.274616,  0.410388,  0.419551,  0.25314 ,  0.280948,  0.229628,  0.094341, -0.575107, -0.582844,  0.157023]
energy_long: [ 0.042413,  0.036166,  0.038505,  0.059168,  0.063902, -0.011517,  0.030888,  0.01331 ,  0.060537,  0.061299,  0.039639,  0.03925 ,  0.044022]