step=989235, graph_id=0, num_atoms=13
scalar_charges: [-1.965462,  8.592526,  8.671849, -1.895351, -1.923617, -1.932179, -1.994986, -1.99571 , -1.968641, -1.923338,  8.631921,  8.678832, -2.005869]
spherical_charges_l0: [[ 6.808063e-02],
 [-4.252497e-02],
 [-4.660539e-02],
 [-4.363717e-04],
 [-1.132679e-02],
 [ 4.186192e+00],
 [ 6.281385e-03],
 [ 2.476366e+00],
 [-8.156996e-04],
 [-2.255078e-02],
 [-3.166682e-02],
 [-4.184978e-02],
 [ 1.083205e-01]]
spherical_charges_l1: [[-3.152793e-02, -1.152810e-01, -1.075485e-01],
 [-6.916135e-03,  1.036656e-02,  9.248284e-03],
 [ 5.560049e-04,  5.344767e-02,  3.547113e-02],
 [-2.176914e-01, -8.434597e-02, -2.400051e-01],
 [-4.042414e-02, -5.538621e-02, -9.712469e-03],
 [-3.236300e-01, -5.800631e-02,  5.026225e-02],
 [-8.656230e-03, -6.803119e-03, -7.561265e-03],
 [-6.310626e-01,  2.581860e-01, -1.047976e-01],
 [-1.337619e-03,  1.212358e-01,  5.863985e-02],
 [ 7.327335e-04,  4.005420e-02, -5.724295e-02],
 [ 2.521911e-02, -3.823162e-02,  2.674996e-02],
 [ 1.378139e-02, -3.057553e-02,  2.127606e-02],
 [-9.120132e-02,  1.080358e-01, -3.689209e-02]]
spherical_charges_l2: [[ 1.748453e-01, -6.007943e-02,  1.731871e-01,  8.360144e-02, -1.700372e-02],
 [-9.142835e-02,  1.113034e-01, -1.114782e-01,  5.891901e-03,  7.935533e-02],
 [-7.692545e-02,  1.031879e-01, -5.378575e-02,  2.866869e-03,  8.150274e-02],
 [-2.375645e-01, -5.177474e-04, -4.325222e-01,  8.895103e-02, -1.661463e-01],
 [ 1.631657e-02, -2.722059e-01, -1.802476e-01, -1.185017e-01, -4.524041e-02],
 [ 1.101855e+00,  5.193681e+00,  1.278757e+01,  8.412357e+00, -4.151304e+00],
 [ 5.365714e-02, -1.366838e-01, -1.649229e-02, -7.812884e-02, -7.902103e-02],
 [ 2.903661e+00,  5.197211e+00, -4.123240e+00, -2.302371e+00, -6.879734e+00],
 [ 1.671169e-02, -1.263882e-01,  1.309330e-01, -2.254722e-01,  2.126070e-01],
 [ 2.876096e-02, -1.642581e-01,  8.247967e-02, -2.185216e-01, -1.044406e-01],
 [-2.521278e-02, -8.620140e-02,  3.858465e-02,  3.673654e-02,  4.461876e-02],
 [-4.643838e-02, -8.089342e-02,  3.225857e-02,  2.225011e-02,  5.163883e-02],
 [ 1.496587e-01,  2.004429e-01,  4.271924e-03, -7.649233e-02,  2.615369e-02]]
energy_short: [-0.188566, -0.221268, -0.23803 ,  0.112647,  0.234591,  0.226736,  0.040501,  0.089147,  0.046914, -0.104972, -0.215605, -0.228358,  0.185659]
energy_long: [ 0.031992,  0.030672,  0.035598,  0.054175,  0.062877, -0.044785,  0.020371, -0.011237,  0.045805,  0.047343,  0.035006,  0.033485,  0.034471]