step=1137420, graph_id=0, num_atoms=13
scalar_charges: [ 5.364001,  4.557926,  4.55554 , -1.799884, -1.747377, -1.762039, -1.826473, -1.733064, -1.727252, -1.805664,  4.572326,  4.565714,  5.30387 ]
spherical_charges_l0: [[ 0.050105],
 [-0.011494],
 [-0.006633],
 [ 0.008252],
 [-0.003653],
 [ 1.986641],
 [ 0.002022],
 [ 1.244308],
 [-0.012666],
 [-0.015676],
 [-0.007693],
 [-0.007555],
 [ 0.04037 ]]
spherical_charges_l1: [[ 0.002374, -0.052015, -0.056922],
 [-0.045905, -0.009478, -0.021697],
 [ 0.018226,  0.010097,  0.016336],
 [-0.052081,  0.017463, -0.128642],
 [-0.030954, -0.007295, -0.007147],
 [-0.22933 , -0.113213,  0.016392],
 [-0.003327, -0.007045, -0.004616],
 [-0.364193,  0.19312 , -0.121042],
 [ 0.000842,  0.063189,  0.0071  ],
 [ 0.022993,  0.001143, -0.058501],
 [-0.014272, -0.007009,  0.004602],
 [ 0.010101,  0.00561 , -0.001942],
 [-0.03341 ,  0.036205, -0.019037]]
spherical_charges_l2: [[ 1.215000e-01, -1.151238e-02,  7.069801e-02, -2.033155e-03,  2.889293e-02],
 [-5.212354e-03,  1.733109e-02, -2.788712e-02, -1.816870e-02,  2.613679e-02],
 [-1.855147e-02,  3.033865e-02, -3.226028e-02, -1.172515e-02,  3.510885e-02],
 [-8.155648e-02,  3.618478e-02, -2.504170e-01, -2.684077e-02, -1.027143e-01],
 [-1.568983e-02, -1.746206e-01, -6.548027e-02, -7.322581e-02, -3.025210e-02],
 [ 1.154832e+00,  2.620041e+00,  7.114539e+00,  4.245740e+00, -2.112196e+00],
 [ 2.024767e-02, -5.663993e-02, -8.159370e-04, -4.650407e-02, -4.549064e-02],
 [ 1.861283e+00,  2.992161e+00, -2.380949e+00, -1.286805e+00, -3.822200e+00],
 [-8.457894e-03, -1.215731e-01,  1.803314e-02, -9.067699e-02,  8.079076e-02],
 [ 3.114049e-02, -3.667048e-02,  1.392690e-02, -6.552763e-02, -7.618168e-02],
 [-1.020281e-02, -1.400416e-02,  6.317937e-03,  2.088651e-02,  2.349283e-02],
 [-8.492374e-03, -1.836708e-02,  4.783138e-03,  3.132086e-02,  3.444100e-02],
 [ 5.365902e-02,  6.952247e-02, -2.760380e-03,  4.870329e-02,  5.953072e-02]]
energy_short: [-0.228959, -0.753962, -0.760878,  0.211789,  0.534264,  0.499168,  0.308726,  0.36327 ,  0.357993,  0.01567 , -0.739931, -0.747051,  0.087419]
energy_long: [0.083394, 0.075077, 0.079227, 0.103063, 0.104003, 0.005694, 0.067714, 0.040315, 0.095026, 0.1024  , 0.082753, 0.082524, 0.086877]