step=2943675, graph_id=0, num_atoms=13
scalar_charges: [0.384048, 1.34764 , 1.375791, 0.264179, 0.263845, 0.181212, 0.150663, 0.092713, 0.177128, 0.20126 , 1.330129, 1.369305, 0.327485]
spherical_charges_l0: [[ 3.747320e-03],
 [-3.685266e-04],
 [-1.129178e-03],
 [-6.441157e-03],
 [ 4.120022e-03],
 [ 8.458835e-01],
 [ 3.344890e-03],
 [ 6.494642e-01],
 [ 1.839292e-03],
 [-9.853251e-03],
 [-1.788680e-03],
 [-1.885183e-03],
 [ 4.834494e-03]]
spherical_charges_l1: [[-0.004869, -0.008024, -0.013236],
 [-0.008218,  0.00603 , -0.002514],
 [ 0.008186,  0.001716,  0.004944],
 [-0.028925,  0.000651, -0.035587],
 [-0.001628, -0.003586,  0.005655],
 [ 0.043353, -0.084585,  0.094308],
 [-0.001583, -0.009359, -0.01254 ],
 [-0.177867,  0.121948, -0.04384 ],
 [ 0.000816,  0.025843,  0.008909],
 [-0.003709,  0.010684, -0.017431],
 [-0.009409, -0.007311,  0.002805],
 [ 0.010984,  0.003825, -0.001893],
 [-0.000773,  0.000762, -0.004965]]
spherical_charges_l2: [[-1.218132e-03, -1.057653e-03, -8.987078e-03,  3.465298e-03,  1.334497e-02],
 [-1.669731e-02,  1.918758e-02, -1.091014e-02,  1.180654e-02,  1.212646e-02],
 [-3.143159e-02,  2.888811e-02, -2.061248e-02,  9.270388e-03,  2.535735e-02],
 [-8.393908e-02,  2.331061e-02, -2.511629e-01, -6.376757e-02,  4.312706e-02],
 [ 2.722241e-02, -1.239726e-01, -5.166599e-02, -5.901331e-02, -2.402034e-02],
 [ 8.993854e-01,  1.937989e+00,  5.053291e+00,  3.137005e+00, -1.469477e+00],
 [ 2.086718e-02, -3.008003e-02,  1.273768e-02, -4.061316e-02, -5.953708e-02],
 [ 1.537077e+00,  2.274360e+00, -1.913387e+00, -1.074777e+00, -3.169741e+00],
 [-5.553526e-03, -9.651174e-02,  2.770195e-02, -8.075152e-02,  9.988900e-02],
 [-4.707119e-02, -1.160703e-01,  6.370716e-02, -2.078132e-02,  5.611608e-02],
 [-1.158506e-02, -2.042501e-02,  8.726239e-03,  2.634859e-03,  1.072575e-02],
 [-1.100729e-02, -2.388679e-02,  1.078278e-02,  8.926474e-03,  1.583544e-02],
 [ 2.542569e-03,  2.002568e-02,  1.222214e-02,  9.711402e-03,  3.502799e-02]]
energy_short: [-0.083812, -0.573326, -0.58183 ,  0.253568,  0.422652,  0.425733,  0.238835,  0.285966,  0.2364  ,  0.083436, -0.562039, -0.570363,  0.238592]
energy_long: [ 0.032465,  0.022298,  0.024527,  0.051153,  0.054965, -0.019874,  0.021997,  0.000902,  0.049928,  0.051739,  0.026115,  0.025574,  0.034142]