step=760950, graph_id=0, num_atoms=13
scalar_charges: [-1.358104,  4.383536,  4.376926, -1.368892, -1.376442, -1.358138, -1.354556, -1.340109, -1.366459, -1.376712,  4.383858,  4.376007, -1.331185]
spherical_charges_l0: [[ 1.755472e-02],
 [ 2.711956e-04],
 [ 9.134095e-05],
 [ 1.893133e-02],
 [ 3.138079e-02],
 [ 2.878691e+00],
 [ 1.140880e-02],
 [ 1.801468e+00],
 [-1.517481e-02],
 [-7.322317e-03],
 [ 2.327666e-04],
 [ 1.679709e-04],
 [ 2.861732e-02]]
spherical_charges_l1: [[-3.329416e-03, -7.986917e-02, -4.387483e-02],
 [-2.092938e-03, -1.679312e-03, -1.877499e-03],
 [ 1.734648e-05, -9.632189e-04, -4.029760e-04],
 [-1.208468e-01,  1.060190e-02, -1.085090e-01],
 [-5.275676e-02,  7.360001e-03, -2.040575e-02],
 [-2.650909e-03, -2.859112e-01,  5.848194e-03],
 [-9.668606e-03,  6.937946e-04, -6.265198e-04],
 [-6.425195e-01,  4.498836e-01, -2.034475e-01],
 [ 1.034876e-02,  7.463907e-02,  1.738844e-02],
 [ 1.190475e-02,  2.007642e-02, -6.485158e-02],
 [-3.024528e-04,  2.194201e-04, -1.302692e-04],
 [-3.742539e-04,  5.066071e-04, -2.796651e-04],
 [-5.066280e-02,  5.722302e-02, -3.147807e-02]]
spherical_charges_l2: [[ 1.030202e-01, -4.102451e-02,  7.838263e-02, -2.417791e-02, -7.744282e-03],
 [ 1.366606e-04,  5.965778e-04, -3.749930e-05, -3.573184e-04,  5.991381e-04],
 [ 5.889315e-05, -2.508993e-04,  1.379351e-04,  8.599513e-05, -3.343903e-04],
 [-1.010277e-01,  9.709446e-02, -2.020013e-01,  2.890678e-02, -5.266201e-02],
 [ 2.485038e-02, -1.346076e-01,  1.041179e-01, -9.124087e-02, -4.534782e-02],
 [ 1.527565e+00,  3.228236e+00,  7.649926e+00,  4.526658e+00, -2.391503e+00],
 [ 2.938445e-02, -8.515935e-02, -6.025389e-03, -3.952099e-02, -4.236971e-02],
 [ 2.246362e+00,  3.314096e+00, -2.539719e+00, -1.340999e+00, -4.130356e+00],
 [ 1.003605e-02, -6.625522e-02, -2.748535e-02, -3.583610e-02,  6.404644e-02],
 [ 2.776203e-02, -4.544579e-02,  4.293587e-02, -9.738873e-02, -6.108135e-02],
 [ 1.113542e-04, -3.895222e-04,  1.712724e-04,  6.283362e-04,  4.987264e-04],
 [-3.701553e-04,  3.726139e-05, -6.263176e-05,  2.424782e-04,  4.635738e-04],
 [ 6.793489e-02,  1.033243e-01, -2.097485e-02, -1.103429e-02,  2.214212e-03]]
energy_short: [-0.278278, -0.06822 , -0.08518 ,  0.029114,  0.126327,  0.117487, -0.055147, -0.021389, -0.06021 , -0.184659, -0.058808, -0.074576,  0.094137]
energy_long: [ 0.040012,  0.110745,  0.110724,  0.065757,  0.074926, -0.018174,  0.01084 ,  0.005592,  0.055756,  0.058362,  0.110726,  0.11073 ,  0.040532]