step=2987730, graph_id=0, num_atoms=13
scalar_charges: [0.461866, 1.350595, 1.380341, 0.353105, 0.346214, 0.247357, 0.208389, 0.145494, 0.241995, 0.276516, 1.326607, 1.371264, 0.390773]
spherical_charges_l0: [[ 4.180040e-03],
 [-3.830419e-04],
 [-9.498100e-04],
 [-4.050476e-03],
 [ 6.138762e-03],
 [ 8.939226e-01],
 [ 4.357853e-03],
 [ 6.675665e-01],
 [-1.417763e-03],
 [-6.981531e-03],
 [-1.180697e-03],
 [-1.363969e-03],
 [ 4.460959e-03]]
spherical_charges_l1: [[-0.005279, -0.007947, -0.014248],
 [-0.006385,  0.004746, -0.001802],
 [ 0.006777,  0.001162,  0.003835],
 [-0.025675,  0.012358, -0.039858],
 [-0.003881, -0.004383, -0.000446],
 [ 0.053531, -0.103059,  0.103756],
 [-0.00148 , -0.010811, -0.011129],
 [-0.179264,  0.129339, -0.037849],
 [-0.001444,  0.028687,  0.006716],
 [ 0.000675,  0.007069, -0.017656],
 [-0.007882, -0.006261,  0.002479],
 [ 0.009339,  0.003325, -0.001581],
 [-0.000662, -0.002667, -0.003098]]
spherical_charges_l2: [[ 8.214047e-03, -2.041798e-03, -1.468253e-02,  1.841355e-04,  1.983600e-02],
 [-9.751135e-03,  1.546493e-02, -6.352649e-03,  7.440469e-03,  1.026950e-02],
 [-2.290859e-02,  1.989934e-02, -1.681510e-02,  5.407975e-03,  1.882826e-02],
 [-6.090748e-02,  2.231271e-02, -2.529485e-01, -7.584610e-02,  4.281116e-02],
 [ 2.102932e-02, -1.547979e-01, -3.907521e-02, -7.395954e-02, -1.352012e-02],
 [ 1.024844e+00,  1.970550e+00,  5.444191e+00,  3.340214e+00, -1.592010e+00],
 [ 2.480361e-02, -3.564442e-02,  8.587873e-03, -4.606611e-02, -6.146449e-02],
 [ 1.628137e+00,  2.355647e+00, -1.996758e+00, -1.174312e+00, -3.288547e+00],
 [-1.880799e-02, -1.223554e-01,  2.638700e-02, -7.848150e-02,  1.324944e-01],
 [-5.057162e-02, -1.147071e-01,  6.498946e-02, -1.591627e-02,  7.181010e-02],
 [-8.613256e-03, -1.528695e-02,  6.642554e-03,  3.443735e-03,  9.198140e-03],
 [-8.431405e-03, -1.721224e-02,  7.508103e-03,  8.235857e-03,  1.343377e-02],
 [ 9.110491e-03,  3.171520e-02,  9.377863e-03,  1.283836e-02,  4.084625e-02]]
energy_short: [-0.056758, -0.57827 , -0.586691,  0.250504,  0.42406 ,  0.429006,  0.244918,  0.290436,  0.241135,  0.080102, -0.566694, -0.575473,  0.265892]
energy_long: [ 0.032607,  0.022713,  0.024911,  0.05239 ,  0.057171, -0.017517,  0.021506,  0.002382,  0.050484,  0.051559,  0.026646,  0.025696,  0.033943]