step=2042550, graph_id=0, num_atoms=13
scalar_charges: [ 1.858225,  2.310211,  2.318577,  1.75017 , -1.49243 , -1.454826, -1.477588, -1.434337, -1.48656 ,  1.594745,  2.303916,  2.323092,  1.81461 ]
spherical_charges_l0: [[ 9.550245e-03],
 [ 1.012187e-03],
 [ 1.034159e-03],
 [-3.152406e-03],
 [ 6.435833e-03],
 [ 1.182735e+00],
 [ 7.160105e-03],
 [ 8.910739e-01],
 [-5.853436e-04],
 [-1.137589e-02],
 [ 3.971100e-05],
 [ 1.101854e-04],
 [ 5.778120e-03]]
spherical_charges_l1: [[-5.830038e-03, -1.459657e-02, -2.251109e-02],
 [-9.057946e-03,  2.667269e-03, -4.373737e-03],
 [ 5.464291e-03,  6.564280e-04,  3.362262e-03],
 [-5.029793e-02, -2.070568e-02, -4.218499e-02],
 [-9.805619e-03, -3.835802e-03, -1.032652e-04],
 [ 4.774394e-02, -1.794488e-01,  1.059169e-01],
 [-1.858790e-03, -1.327160e-02, -1.137901e-02],
 [-2.778044e-01,  2.059947e-01, -5.774743e-02],
 [-8.328009e-04,  4.295126e-02,  1.148165e-02],
 [ 6.617205e-03,  5.781807e-03, -1.028608e-02],
 [-6.280884e-03, -4.327461e-03,  1.681630e-03],
 [ 7.551062e-03,  2.793975e-03, -1.464148e-03],
 [-4.041815e-03,  7.228311e-03, -4.159540e-03]]
spherical_charges_l2: [[ 3.585041e-03, -6.938287e-03, -2.317476e-02,  8.651573e-03,  1.867593e-02],
 [-4.784117e-03,  4.314847e-03,  5.805502e-04,  7.693388e-03,  3.513349e-04],
 [-9.890100e-03,  7.545268e-03, -4.829337e-03,  3.932496e-03,  7.178717e-03],
 [-8.572973e-02, -1.221919e-02, -2.600547e-01, -5.888615e-02,  4.789648e-02],
 [ 4.589631e-02, -1.851724e-01, -3.755049e-02, -8.271271e-02, -3.638519e-02],
 [ 1.039270e+00,  2.096098e+00,  5.660248e+00,  3.423286e+00, -1.668880e+00],
 [ 3.314028e-02, -3.303638e-02,  1.129256e-02, -4.889245e-02, -5.422130e-02],
 [ 1.840410e+00,  2.586607e+00, -2.140513e+00, -1.208128e+00, -3.453775e+00],
 [-1.408716e-02, -1.292036e-01,  3.537102e-02, -1.004621e-01,  1.476422e-01],
 [-4.223260e-02, -1.253115e-01,  8.673280e-02, -2.705489e-02,  7.882880e-02],
 [-2.953924e-03, -4.688498e-03,  1.597836e-03, -8.020655e-04,  9.749978e-04],
 [-3.120024e-03, -6.385432e-03,  3.069735e-03,  1.377837e-03,  2.744098e-03],
 [ 1.087170e-02,  2.059160e-02,  7.911927e-03,  4.332044e-03,  2.647213e-02]]
energy_short: [-0.318121, -0.582703, -0.588774,  0.035295,  0.54716 ,  0.569523,  0.412281,  0.437789,  0.371318, -0.182019, -0.569119, -0.578291,  0.038713]
energy_long: [ 0.047323,  0.037791,  0.039571,  0.060767,  0.070185, -0.012343,  0.027008,  0.011951,  0.065277,  0.063474,  0.042127,  0.041263,  0.04796 ]