step=3900870, graph_id=0, num_atoms=13
scalar_charges: [0.654288, 1.601781, 1.616128, 0.470465, 0.487777, 0.31877 , 0.265684, 0.199087, 0.332079, 0.412337, 1.547071, 1.600584, 0.530562]
spherical_charges_l0: [[ 0.005722],
 [-0.00114 ],
 [-0.001875],
 [-0.008064],
 [ 0.013151],
 [ 0.960262],
 [ 0.006277],
 [ 0.724285],
 [-0.001789],
 [-0.006321],
 [-0.002285],
 [-0.002655],
 [ 0.005881]]
spherical_charges_l1: [[-0.007784, -0.003727, -0.014983],
 [-0.006778,  0.004883, -0.002217],
 [ 0.007136,  0.001992,  0.004231],
 [-0.026202,  0.024049, -0.039794],
 [-0.002973, -0.003826,  0.003857],
 [ 0.064953, -0.112581,  0.107557],
 [-0.002107, -0.009961, -0.012616],
 [-0.18413 ,  0.126453, -0.039688],
 [-0.000931,  0.028088,  0.008508],
 [-0.00829 ,  0.012108, -0.025488],
 [-0.007759, -0.005586,  0.00189 ],
 [ 0.009052,  0.004106, -0.002168],
 [-0.000778, -0.005006, -0.005594]]
spherical_charges_l2: [[ 1.115251e-02, -1.607378e-02, -7.610732e-04,  2.514406e-03,  1.540771e-02],
 [-1.147544e-02,  1.812170e-02, -5.302920e-03,  8.133159e-03,  1.230808e-02],
 [-3.027448e-02,  2.025029e-02, -2.083662e-02,  8.681386e-03,  1.876951e-02],
 [-3.587500e-02,  3.871785e-02, -2.811479e-01, -8.801511e-02,  2.967613e-02],
 [ 4.481502e-03, -1.834252e-01, -1.827720e-02, -7.602582e-02, -1.298271e-02],
 [ 9.926577e-01,  1.969701e+00,  5.611400e+00,  3.420657e+00, -1.612349e+00],
 [ 2.374432e-02, -3.666540e-02,  6.057902e-03, -5.128615e-02, -7.337389e-02],
 [ 1.680225e+00,  2.404963e+00, -2.045216e+00, -1.187188e+00, -3.415470e+00],
 [-3.000695e-02, -1.322148e-01,  3.423639e-02, -7.440514e-02,  1.668519e-01],
 [-3.357996e-02, -1.162057e-01,  6.564068e-02, -3.883370e-02,  3.620817e-02],
 [-1.090470e-02, -1.746448e-02,  7.874995e-03,  3.381339e-03,  1.033576e-02],
 [-1.057420e-02, -1.843934e-02,  8.099070e-03,  8.088659e-03,  1.492284e-02],
 [ 1.263366e-02,  4.252095e-02,  7.444794e-03,  9.022478e-03,  4.014580e-02]]
energy_short: [-0.005135, -0.57481 , -0.583237,  0.254738,  0.430223,  0.442925,  0.252936,  0.303584,  0.248657,  0.085331, -0.561481, -0.571439,  0.315642]
energy_long: [ 0.014331,  0.004504,  0.007175,  0.031707,  0.035603, -0.037992,  0.00312 , -0.020661,  0.030339,  0.029747,  0.008414,  0.00747 ,  0.015737]