step=3924900, graph_id=0, num_atoms=13
scalar_charges: [0.65548 , 1.625661, 1.639727, 0.471323, 0.488919, 0.320247, 0.267208, 0.200391, 0.334889, 0.41979 , 1.569132, 1.623906, 0.533288]
spherical_charges_l0: [[ 5.507470e-03],
 [-1.206359e-03],
 [-1.955513e-03],
 [-9.188974e-03],
 [ 1.204416e-02],
 [ 9.620915e-01],
 [ 6.021816e-03],
 [ 7.273255e-01],
 [-4.146351e-04],
 [-6.615960e-03],
 [-2.400152e-03],
 [-2.783182e-03],
 [ 5.683475e-03]]
spherical_charges_l1: [[-0.007722, -0.004029, -0.014785],
 [-0.006904,  0.005041, -0.002178],
 [ 0.007262,  0.002101,  0.004338],
 [-0.025756,  0.025556, -0.039401],
 [-0.002945, -0.004071,  0.003581],
 [ 0.064701, -0.115125,  0.107605],
 [-0.001934, -0.009977, -0.012251],
 [-0.185543,  0.129592, -0.041181],
 [-0.000888,  0.028074,  0.007814],
 [-0.007821,  0.012025, -0.025533],
 [-0.007853, -0.005675,  0.001918],
 [ 0.009159,  0.004181, -0.002214],
 [-0.000609, -0.005116, -0.00541 ]]
spherical_charges_l2: [[ 1.104577e-02, -1.544837e-02, -1.062654e-03,  2.612411e-03,  1.531464e-02],
 [-1.152244e-02,  1.799132e-02, -5.718563e-03,  7.952331e-03,  1.243787e-02],
 [-3.060749e-02,  2.074053e-02, -2.086178e-02,  8.788928e-03,  1.916868e-02],
 [-3.847272e-02,  3.955840e-02, -2.859251e-01, -9.219100e-02,  3.597214e-02],
 [ 6.512459e-03, -1.768626e-01, -2.557352e-02, -7.315113e-02, -1.193967e-02],
 [ 1.012894e+00,  1.982701e+00,  5.614698e+00,  3.424462e+00, -1.610262e+00],
 [ 2.333403e-02, -3.453477e-02,  6.098175e-03, -5.001663e-02, -7.143839e-02],
 [ 1.684075e+00,  2.423913e+00, -2.049140e+00, -1.184922e+00, -3.422629e+00],
 [-2.514785e-02, -1.225392e-01,  3.644897e-02, -7.927962e-02,  1.611132e-01],
 [-3.772635e-02, -1.206220e-01,  6.826514e-02, -3.344605e-02,  4.644924e-02],
 [-1.121390e-02, -1.759505e-02,  7.935630e-03,  3.483206e-03,  1.063843e-02],
 [-1.048903e-02, -1.857366e-02,  8.159230e-03,  8.436785e-03,  1.521886e-02],
 [ 1.191916e-02,  4.211480e-02,  7.198710e-03,  1.027767e-02,  4.103730e-02]]
energy_short: [-0.004529, -0.575549, -0.583995,  0.256163,  0.432339,  0.444777,  0.25461 ,  0.305424,  0.25047 ,  0.086142, -0.562234, -0.572158,  0.316246]
energy_long: [ 0.012871,  0.002942,  0.005706,  0.031019,  0.034657, -0.039461,  0.001659, -0.021731,  0.029133,  0.029095,  0.006847,  0.005946,  0.014183]