step=2122650, graph_id=0, num_atoms=13
scalar_charges: [ 2.017248,  2.094565,  2.096571,  2.109423, -1.798171, -1.732259, -1.74476 , -1.686715, -1.770847,  2.070847,  2.095604,  2.096093,  2.024575]
spherical_charges_l0: [[ 1.029420e-02],
 [-7.190671e-04],
 [-1.767940e-04],
 [-1.155126e-02],
 [ 9.245667e-03],
 [ 1.117342e+00],
 [ 5.492585e-03],
 [ 8.653424e-01],
 [ 3.999528e-04],
 [-1.295875e-02],
 [-9.605417e-04],
 [-1.016801e-03],
 [ 1.022170e-02]]
spherical_charges_l1: [[-0.007141, -0.016744, -0.0242  ],
 [-0.010596,  0.006787, -0.002851],
 [ 0.00841 ,  0.001991,  0.006077],
 [-0.0442  , -0.002696, -0.03811 ],
 [-0.012934, -0.001059, -0.007799],
 [ 0.027692, -0.126404,  0.092512],
 [-0.002037, -0.011655, -0.010339],
 [-0.234385,  0.170313, -0.072524],
 [-0.001127,  0.033223,  0.014416],
 [ 0.004282,  0.00907 , -0.015046],
 [-0.008565, -0.006245,  0.002422],
 [ 0.010979,  0.003291, -0.001738],
 [-0.003846,  0.006661, -0.002908]]
spherical_charges_l2: [[ 1.073969e-02, -8.791732e-04, -3.444028e-02, -5.286023e-03,  1.919700e-02],
 [-4.163587e-03,  1.022158e-02, -9.622105e-04,  5.266362e-03,  4.984373e-03],
 [-1.352497e-02,  1.079420e-02, -9.862876e-03,  2.664789e-03,  1.149982e-02],
 [-6.376319e-02,  4.125257e-02, -2.665779e-01, -8.135457e-02,  4.915532e-02],
 [ 4.001248e-02, -1.698568e-01,  2.707791e-03, -9.712540e-02, -3.434388e-02],
 [ 1.019412e+00,  1.830897e+00,  5.381990e+00,  3.081607e+00, -1.690801e+00],
 [ 2.796243e-02, -3.029061e-02,  1.553143e-03, -4.464667e-02, -5.895728e-02],
 [ 1.599116e+00,  2.491647e+00, -2.097989e+00, -1.121507e+00, -3.375823e+00],
 [-1.983848e-02, -1.237297e-01,  2.849806e-02, -7.009110e-02,  1.350070e-01],
 [-3.226658e-02, -9.764967e-02,  6.135921e-02, -1.837517e-02,  5.094029e-02],
 [-4.281269e-03, -8.135522e-03,  3.181915e-03,  7.315093e-04,  3.293461e-03],
 [-6.555910e-03, -1.014348e-02,  4.206103e-03,  3.703956e-03,  6.991966e-03],
 [ 1.739111e-02,  3.297579e-02,  7.538007e-03, -3.824458e-04,  2.102540e-02]]
energy_short: [-0.387835, -0.472043, -0.47753 ,  0.209273,  0.437068,  0.454873,  0.317189,  0.322482,  0.264959, -0.006101, -0.45663 , -0.465751, -0.041401]
energy_long: [ 0.043165,  0.033675,  0.035781,  0.05905 ,  0.064305, -0.01584 ,  0.023265,  0.009362,  0.060608,  0.06102 ,  0.037614,  0.037141,  0.044466]