step=1049310, graph_id=0, num_atoms=13
scalar_charges: [-1.69328 ,  6.019188,  6.029514, -1.66869 , -1.689568, -1.67794 , -1.69486 , -1.680204, -1.69276 , -1.687544,  6.017328,  6.034249, -1.686988]
spherical_charges_l0: [[ 0.036383],
 [-0.016124],
 [-0.013494],
 [-0.007678],
 [ 0.015462],
 [ 2.164586],
 [ 0.007747],
 [ 1.313793],
 [-0.023913],
 [-0.01392 ],
 [-0.014751],
 [-0.015483],
 [ 0.048663]]
spherical_charges_l1: [[ 0.001487, -0.0747  , -0.053594],
 [-0.021013,  0.007526, -0.001413],
 [ 0.011413,  0.019879,  0.020259],
 [-0.086461,  0.016694, -0.121968],
 [-0.064296, -0.018691, -0.029251],
 [-0.132394, -0.225076,  0.006347],
 [-0.008731, -0.006896, -0.006671],
 [-0.427195,  0.272037, -0.197993],
 [ 0.004205,  0.069434,  0.007227],
 [ 0.039186,  0.008556, -0.048558],
 [ 0.002567, -0.025278,  0.014979],
 [ 0.016935, -0.009055,  0.006786],
 [-0.048209,  0.06159 , -0.028978]]
spherical_charges_l2: [[ 1.402121e-01, -5.708056e-02,  7.475617e-02,  8.022452e-03, -1.611952e-02],
 [-1.870186e-02,  2.590797e-02, -2.697340e-02, -2.573805e-03,  1.989176e-02],
 [-1.588070e-02,  2.312079e-02, -1.292294e-02, -3.177063e-03,  2.026285e-02],
 [-1.152958e-01, -3.068431e-02, -2.469654e-01, -3.027577e-02, -4.769947e-02],
 [-1.719302e-02, -1.873935e-01,  6.510736e-02, -1.133053e-01, -2.931740e-02],
 [ 1.041585e+00,  2.621697e+00,  7.171950e+00,  4.416145e+00, -2.311902e+00],
 [ 1.938477e-02, -6.352121e-02, -3.605569e-03, -5.738901e-02, -4.425421e-02],
 [ 1.654823e+00,  2.804222e+00, -2.356620e+00, -1.324932e+00, -3.788112e+00],
 [-2.763326e-02, -1.257495e-01, -3.664800e-03, -5.651920e-02,  1.162966e-01],
 [ 2.171674e-02, -8.911444e-02,  5.847644e-02, -7.544257e-02, -2.546271e-02],
 [-4.007657e-03, -1.962591e-02,  8.681513e-03,  1.516893e-02,  1.294328e-02],
 [-6.685523e-03, -1.236599e-02,  3.469736e-03,  1.074292e-02,  1.424799e-02],
 [ 8.162843e-02,  1.359122e-01, -2.813156e-02, -1.194592e-02,  1.811631e-02]]
energy_short: [-0.15802 , -0.166369, -0.18704 ,  0.108246,  0.21637 ,  0.214519,  0.02478 ,  0.074875,  0.028458, -0.117939, -0.15877 , -0.177102,  0.219816]
energy_long: [ 0.018166,  0.011566,  0.015979,  0.032337,  0.037783, -0.043277,  0.001071, -0.015119,  0.027586,  0.028461,  0.015789,  0.015635,  0.019253]