step=568710, graph_id=0, num_atoms=13
scalar_charges: [-2.013014,  7.627428,  7.631701, -1.943612, -1.946554, -1.984812, -2.015232, -2.036251, -1.984754, -1.933591,  7.623933,  7.630077, -2.058369]
spherical_charges_l0: [[ 4.929322e-02],
 [ 2.219389e-04],
 [ 9.081113e-05],
 [ 4.328599e-02],
 [ 4.223840e-04],
 [ 2.566156e+00],
 [ 1.324095e-02],
 [ 1.492826e+00],
 [-3.127473e-02],
 [ 6.963262e-03],
 [ 1.323020e-04],
 [ 3.030067e-05],
 [ 4.874620e-02]]
spherical_charges_l1: [[ 5.885027e-03, -1.318424e-01, -5.087503e-02],
 [-6.558804e-05,  2.531116e-04,  1.160576e-04],
 [ 2.376288e-04,  9.237385e-06,  8.738119e-05],
 [-1.482399e-01, -2.228844e-02, -1.210149e-01],
 [-5.885553e-02, -4.766626e-02, -2.646625e-02],
 [-4.552387e-02, -3.103697e-01, -4.061119e-02],
 [-2.992150e-03, -9.782673e-04,  1.334599e-03],
 [-4.967761e-01,  1.848965e-01, -1.499547e-01],
 [ 3.644074e-02,  6.245719e-02,  2.810410e-02],
 [-2.528412e-02,  2.422234e-02, -9.154601e-02],
 [-2.652577e-04,  1.359642e-04, -3.802925e-05],
 [ 6.443692e-05,  2.480138e-04, -9.885999e-05],
 [-8.226715e-02,  9.774289e-02, -2.659948e-02]]
spherical_charges_l2: [[ 1.394328e-01, -8.107599e-02,  1.265536e-01, -6.482904e-03, -3.507488e-02],
 [ 1.103701e-04,  3.779860e-04,  1.844681e-04,  8.190762e-05,  1.143496e-04],
 [-2.772801e-04, -2.400416e-05,  1.246081e-05,  2.210199e-04, -8.377754e-05],
 [ 2.254326e-02,  5.790872e-02, -6.839160e-02,  1.241985e-02, -4.263090e-02],
 [ 4.791249e-02, -6.574424e-02,  7.344976e-02, -1.037612e-01,  2.088831e-02],
 [ 1.009127e+00,  2.431086e+00,  5.828034e+00,  3.427668e+00, -1.529920e+00],
 [ 2.132584e-02, -6.430583e-02, -3.701448e-03, -2.475245e-02, -2.801942e-02],
 [ 1.372622e+00,  2.317038e+00, -1.884148e+00, -7.219091e-01, -2.832863e+00],
 [ 1.628309e-02, -5.492798e-02, -1.607543e-02, -3.137876e-02,  8.387372e-02],
 [ 7.455726e-02,  1.445848e-02,  1.386365e-02, -4.185313e-02, -6.029542e-02],
 [-5.669569e-05, -3.691220e-05, -2.577406e-05,  4.256939e-04,  3.292313e-04],
 [-1.137861e-04, -2.110864e-07, -4.452192e-05,  1.480587e-04,  1.557505e-04],
 [ 8.627611e-02,  1.060815e-01, -2.302459e-02, -5.246677e-02, -4.816931e-02]]
energy_short: [-0.185613, -0.168247, -0.187929,  0.108418,  0.205009,  0.196688, -0.004907,  0.059717,  0.012397, -0.111529, -0.155786, -0.174855,  0.185649]
energy_long: [ 0.009614,  0.10227 ,  0.102249,  0.047681,  0.048922, -0.036683, -0.018743, -0.0171  ,  0.030936,  0.038725,  0.102229,  0.102241,  0.008644]