step=644805, graph_id=0, num_atoms=13
scalar_charges: [-2.029591,  6.790472,  6.790123, -2.015341, -2.018234, -2.027299, -2.034694, -2.04034 , -2.027669, -2.019117,  6.795103,  6.789879, -2.043311]
spherical_charges_l0: [[ 3.241544e-02],
 [ 1.788295e-04],
 [ 1.383041e-04],
 [ 2.041579e-02],
 [ 9.406856e-03],
 [ 1.984880e+00],
 [ 1.359425e-02],
 [ 1.141226e+00],
 [-1.812207e-02],
 [-1.620338e-02],
 [ 2.003934e-04],
 [ 1.458330e-04],
 [ 4.299573e-02]]
spherical_charges_l1: [[ 6.575077e-03, -1.100617e-01, -4.924247e-02],
 [-2.418660e-04, -1.006723e-03, -7.023248e-04],
 [-2.158052e-04, -1.628817e-05, -9.467468e-05],
 [-1.431706e-01, -1.039565e-02, -1.153215e-01],
 [-3.735850e-02, -2.586495e-02, -8.534248e-03],
 [ 1.185851e-01, -1.681895e-01,  1.000938e-01],
 [-1.154970e-02,  2.095473e-03, -6.517699e-03],
 [-4.065052e-01,  2.677532e-01, -7.788712e-02],
 [ 2.242599e-02,  5.777894e-02,  2.766634e-02],
 [ 5.907265e-03,  8.322955e-03, -5.199010e-02],
 [ 6.920431e-04,  2.071671e-04, -5.020374e-05],
 [-3.260506e-04, -4.535877e-04,  2.153022e-04],
 [-7.073513e-02,  8.433088e-02, -2.658524e-02]]
spherical_charges_l2: [[ 1.601131e-01, -9.877665e-02,  1.090956e-01, -3.477801e-02, -2.815461e-02],
 [-4.899490e-04,  6.298306e-04, -1.589247e-04,  3.104129e-04,  5.936457e-04],
 [ 1.103199e-04,  2.909968e-04,  1.683903e-05, -6.754697e-06,  3.714640e-04],
 [-2.487460e-02,  7.005277e-02, -1.178576e-01,  4.377112e-02, -2.473971e-02],
 [ 1.578370e-02, -9.528407e-02,  4.256967e-02, -8.080588e-02, -1.250803e-02],
 [ 1.114272e+00,  2.077669e+00,  5.403558e+00,  2.893342e+00, -1.470909e+00],
 [ 1.254218e-02, -7.624608e-02, -4.644006e-03, -4.041748e-02, -4.020353e-02],
 [ 1.289367e+00,  2.086999e+00, -1.676558e+00, -7.553655e-01, -2.529909e+00],
 [ 1.063401e-02, -4.573071e-02, -1.183649e-02, -2.459595e-02,  7.018331e-02],
 [ 2.245571e-02, -4.399708e-02,  4.709536e-02, -7.891202e-02, -5.989347e-02],
 [ 2.722422e-04, -3.271064e-04,  1.796848e-04,  1.709048e-04, -1.392652e-05],
 [-7.915196e-05,  2.425302e-05, -3.966704e-05,  1.537799e-05,  4.038517e-05],
 [ 1.008749e-01,  1.570967e-01, -4.275377e-02, -4.079174e-02, -4.920958e-02]]
energy_short: [-0.231101, -0.139894, -0.156579,  0.095087,  0.161708,  0.164043, -0.034834,  0.023993, -0.029583, -0.119517, -0.130843, -0.145398,  0.141348]
energy_long: [ 0.027924,  0.103655,  0.10367 ,  0.050849,  0.052932, -0.031507, -0.003565, -0.013223,  0.03385 ,  0.046533,  0.103665,  0.103729,  0.026654]