step=3167955, graph_id=0, num_atoms=13
scalar_charges: [0.451482, 1.283345, 1.306448, 0.362956, 0.366029, 0.253758, 0.202544, 0.150782, 0.249084, 0.297074, 1.253088, 1.290683, 0.37712 ]
spherical_charges_l0: [[ 4.699573e-03],
 [-1.796518e-04],
 [-6.621860e-04],
 [-3.775775e-03],
 [ 1.030129e-02],
 [ 8.454980e-01],
 [ 4.739880e-03],
 [ 6.393905e-01],
 [-2.724026e-03],
 [-5.747600e-03],
 [-1.058109e-03],
 [-1.279954e-03],
 [ 5.130013e-03]]
spherical_charges_l1: [[-0.007052, -0.005436, -0.014029],
 [-0.006051,  0.003049, -0.002493],
 [ 0.00576 ,  0.000529,  0.00297 ],
 [-0.0302  ,  0.019613, -0.034155],
 [-0.005728, -0.001196,  0.00073 ],
 [ 0.040928, -0.078488,  0.093513],
 [-0.001521, -0.010084, -0.011868],
 [-0.168677,  0.104785, -0.039737],
 [-0.000832,  0.026351,  0.009316],
 [-0.00203 ,  0.004523, -0.01699 ],
 [-0.007193, -0.004782,  0.001703],
 [ 0.008018,  0.00369 , -0.00185 ],
 [-0.000783, -0.003072, -0.003422]]
spherical_charges_l2: [[ 1.734170e-02, -1.663836e-02, -1.628014e-03,  6.741425e-03,  1.545719e-02],
 [-8.840553e-03,  1.455143e-02, -5.442546e-03,  6.531910e-03,  9.943119e-03],
 [-2.159640e-02,  1.774186e-02, -1.596864e-02,  5.378116e-03,  1.666026e-02],
 [-2.475562e-02,  2.013225e-02, -2.271038e-01, -7.678382e-02,  3.605411e-02],
 [ 1.074273e-02, -1.655659e-01, -7.684672e-03, -7.936351e-02, -1.206867e-02],
 [ 8.880233e-01,  1.807022e+00,  5.117399e+00,  3.132768e+00, -1.478075e+00],
 [ 2.639863e-02, -2.837499e-02,  3.864328e-03, -4.582981e-02, -6.337471e-02],
 [ 1.558461e+00,  2.186403e+00, -1.893594e+00, -1.028643e+00, -3.133573e+00],
 [-3.356110e-02, -1.382959e-01,  3.124099e-02, -6.244383e-02,  1.511507e-01],
 [-3.169142e-02, -9.324098e-02,  5.991543e-02, -2.939077e-02,  4.489642e-02],
 [-7.425330e-03, -1.279453e-02,  5.491960e-03,  3.535293e-03,  8.255683e-03],
 [-8.015949e-03, -1.438314e-02,  6.147859e-03,  7.690642e-03,  1.246498e-02],
 [ 1.644956e-02,  3.952987e-02,  6.344471e-03,  9.027502e-03,  3.367653e-02]]
energy_short: [-0.060442, -0.562822, -0.571004,  0.228795,  0.408855,  0.415007,  0.231887,  0.276126,  0.225663,  0.059174, -0.550849, -0.559594,  0.261476]
energy_long: [ 0.023815,  0.015008,  0.017298,  0.042117,  0.046462, -0.026006,  0.012535, -0.008002,  0.040418,  0.039512,  0.019024,  0.018033,  0.025079]