step=3596490, graph_id=0, num_atoms=13
scalar_charges: [ 0.767223, -1.486198, -1.491547,  0.733979,  0.728156,  0.731941,  0.746158,  0.743727,  0.743691,  0.740814, -1.473129, -1.476707,  0.752702]
spherical_charges_l0: [[ 0.259589],
 [-0.004041],
 [-0.004031],
 [-0.000965],
 [ 0.066626],
 [ 0.038146],
 [-0.012074],
 [ 0.018576],
 [ 0.027866],
 [-0.004935],
 [-0.004187],
 [-0.004595],
 [ 0.271183]]
spherical_charges_l1: [[ 9.484077e-04, -1.035731e+00, -6.339973e-01],
 [ 2.844271e-03, -1.330791e-02, -5.025653e-03],
 [-5.074773e-03, -7.370452e-03, -6.597151e-03],
 [ 2.865594e-02, -6.045745e-02,  1.637097e-02],
 [ 1.159550e-02, -6.401762e-03,  2.484132e-02],
 [ 6.450526e-03,  6.384755e-03,  4.126381e-03],
 [-5.939544e-03,  7.198669e-04, -1.382031e-02],
 [ 5.121744e-03, -8.955196e-03, -3.128082e-03],
 [-4.742963e-04,  4.328425e-03, -7.680989e-03],
 [-7.644586e-03,  4.720892e-02, -7.512602e-03],
 [-1.515572e-03,  1.174514e-02, -5.818595e-03],
 [-1.066598e-02,  6.308455e-03, -3.460945e-03],
 [-5.892250e-01,  8.026713e-01, -6.199505e-01]]
spherical_charges_l2: [[ 1.03326 , -0.812729,  1.359522,  0.474644, -0.933874],
 [-0.047191,  0.022834, -0.034369,  0.012202,  0.017577],
 [-0.035814,  0.027111, -0.022529,  0.011925,  0.017668],
 [-0.023589,  0.052936,  0.009173,  0.004823,  0.040643],
 [ 0.125732,  0.10837 , -0.058455, -0.057963,  0.082983],
 [ 0.127678,  0.079243,  0.001362, -0.124883,  0.050189],
 [ 0.137978,  0.026621,  0.005124,  0.045357,  0.085102],
 [ 0.035238,  0.129692, -0.084455,  0.11243 ,  0.013529],
 [ 0.082442,  0.149922, -0.017142,  0.008106,  0.069235],
 [-0.007749, -0.032451,  0.028746,  0.020548,  0.010088],
 [-0.031582, -0.050149,  0.021964,  0.005275,  0.025364],
 [-0.020796, -0.051169,  0.022933,  0.00924 ,  0.022732],
 [ 0.883014,  1.085492, -0.29646 , -1.044591, -1.201132]]
energy_short: [-1.05749 ,  0.499864,  0.491962, -0.6114  , -0.44057 , -0.480378, -0.692514, -0.661365, -0.667454, -0.754794,  0.514561,  0.509941, -0.822875]
energy_long: [0.183603, 0.27555 , 0.270956, 0.396596, 0.318936, 0.354771, 0.402334, 0.401837, 0.477283, 0.395413, 0.279192, 0.276128, 0.307294]