step=3127905, graph_id=0, num_atoms=13
scalar_charges: [ 0.764316, -1.511756, -1.516942,  0.738798,  0.734604,  0.738104,  0.751018,  0.748931,  0.748944,  0.743753, -1.500111, -1.503201,  0.753536]
spherical_charges_l0: [[ 0.264646],
 [-0.004328],
 [-0.0042  ],
 [-0.000445],
 [ 0.069446],
 [ 0.039706],
 [-0.011698],
 [ 0.019548],
 [ 0.029216],
 [-0.004685],
 [-0.004526],
 [-0.004897],
 [ 0.276256]]
spherical_charges_l1: [[ 1.394282e-03, -1.068414e+00, -6.570423e-01],
 [ 3.104227e-03, -1.385314e-02, -5.160572e-03],
 [-5.700993e-03, -7.525841e-03, -6.934090e-03],
 [ 3.091996e-02, -6.401559e-02,  1.707878e-02],
 [ 1.290454e-02, -6.751421e-03,  2.637482e-02],
 [ 6.798990e-03,  7.045579e-03,  4.824361e-03],
 [-6.139864e-03,  7.702587e-04, -1.430156e-02],
 [ 5.329420e-03, -9.300414e-03, -2.887997e-03],
 [-4.543352e-04,  4.712432e-03, -7.291269e-03],
 [-7.834064e-03,  4.984347e-02, -7.925338e-03],
 [-1.161034e-03,  1.237427e-02, -6.113871e-03],
 [-1.139481e-02,  6.323926e-03, -3.492104e-03],
 [-6.089377e-01,  8.289642e-01, -6.417003e-01]]
spherical_charges_l2: [[ 1.05775 , -0.839079,  1.395666,  0.49171 , -0.961618],
 [-0.048545,  0.022535, -0.035449,  0.012313,  0.017731],
 [-0.035966,  0.028017, -0.022192,  0.012593,  0.017836],
 [-0.026032,  0.055935,  0.006814,  0.004021,  0.043805],
 [ 0.129892,  0.111911, -0.058447, -0.060738,  0.087158],
 [ 0.132474,  0.082839,  0.002116, -0.128097,  0.051506],
 [ 0.142051,  0.028087,  0.00515 ,  0.046732,  0.088311],
 [ 0.037292,  0.134349, -0.088023,  0.115076,  0.014427],
 [ 0.08528 ,  0.155135, -0.017171,  0.009475,  0.071732],
 [-0.008686, -0.034842,  0.030035,  0.02313 ,  0.012461],
 [-0.033097, -0.050722,  0.02221 ,  0.00431 ,  0.025402],
 [-0.020088, -0.052451,  0.023602,  0.009279,  0.022423],
 [ 0.906235,  1.113025, -0.302078, -1.078621, -1.235166]]
energy_short: [-1.034385,  0.486786,  0.478937, -0.601756, -0.430031, -0.469496, -0.682716, -0.650497, -0.656511, -0.748219,  0.499599,  0.495668, -0.795384]
energy_long: [0.191811, 0.278293, 0.273856, 0.400724, 0.325564, 0.359631, 0.405789, 0.404027, 0.478316, 0.399508, 0.281507, 0.278993, 0.311162]