step=3996990, graph_id=0, num_atoms=13
scalar_charges: [ 0.774344, -1.498169, -1.503225,  0.740548,  0.734326,  0.738736,  0.753403,  0.751115,  0.750939,  0.747668, -1.483702, -1.487885,  0.760914]
spherical_charges_l0: [[ 0.26072 ],
 [-0.00396 ],
 [-0.003905],
 [-0.001176],
 [ 0.066765],
 [ 0.037872],
 [-0.012099],
 [ 0.018414],
 [ 0.027795],
 [-0.005291],
 [-0.003979],
 [-0.004437],
 [ 0.27251 ]]
spherical_charges_l1: [[ 1.717189e-03, -1.039144e+00, -6.371082e-01],
 [ 2.558954e-03, -1.311319e-02, -5.056578e-03],
 [-4.608817e-03, -7.563438e-03, -6.448400e-03],
 [ 2.881319e-02, -6.089744e-02,  1.685978e-02],
 [ 1.164094e-02, -6.255901e-03,  2.480826e-02],
 [ 6.435534e-03,  6.186804e-03,  3.974589e-03],
 [-5.895144e-03,  7.498689e-04, -1.370360e-02],
 [ 5.059959e-03, -8.899236e-03, -3.133249e-03],
 [-4.254850e-04,  4.276948e-03, -7.599194e-03],
 [-7.702434e-03,  4.782439e-02, -7.389414e-03],
 [-1.935013e-03,  1.154499e-02, -5.734933e-03],
 [-1.033481e-02,  6.544027e-03, -3.565483e-03],
 [-5.913324e-01,  8.060078e-01, -6.229645e-01]]
spherical_charges_l2: [[ 1.029387, -0.809877,  1.352048,  0.471905, -0.92765 ],
 [-0.047374,  0.0235  , -0.03427 ,  0.012574,  0.017791],
 [-0.036533,  0.026715, -0.023047,  0.011951,  0.017644],
 [-0.023368,  0.052542,  0.009825,  0.005409,  0.040339],
 [ 0.125851,  0.108111, -0.057828, -0.057144,  0.08268 ],
 [ 0.127075,  0.078896,  0.00171 , -0.125333,  0.049969],
 [ 0.13713 ,  0.026905,  0.004837,  0.044945,  0.084492],
 [ 0.034635,  0.129235, -0.084294,  0.112132,  0.013229],
 [ 0.081717,  0.149539, -0.016944,  0.007682,  0.069264],
 [-0.007737, -0.032512,  0.029343,  0.019768,  0.009757],
 [-0.031236, -0.050972,  0.022366,  0.005595,  0.025492],
 [-0.021809, -0.051574,  0.023084,  0.008942,  0.023067],
 [ 0.880008,  1.081449, -0.294645, -1.040013, -1.194208]]
energy_short: [-1.042649,  0.498012,  0.489895, -0.608129, -0.433802, -0.474376, -0.686612, -0.655453, -0.661581, -0.750353,  0.513665,  0.508389, -0.812185]
energy_long: [0.182359, 0.271895, 0.266962, 0.393643, 0.315051, 0.35089 , 0.399233, 0.399867, 0.473952, 0.392446, 0.275787, 0.272233, 0.302739]