step=588735, graph_id=0, num_atoms=13
scalar_charges: [ 2.63609 , -5.496784, -5.506434,  2.515754,  2.490535,  2.50086 ,  2.563256,  2.559276,  2.56329 ,  2.574076, -5.484732, -5.492552,  2.566997]
spherical_charges_l0: [[ 1.894702],
 [-0.010079],
 [-0.013621],
 [ 0.03876 ],
 [ 0.299357],
 [ 0.162862],
 [-0.07824 ],
 [ 0.05014 ],
 [ 0.086661],
 [-0.019033],
 [-0.010601],
 [-0.011722],
 [ 1.921223]]
spherical_charges_l1: [[ 1.111365e-02, -5.661863e+00, -3.431109e+00],
 [ 6.277478e-03, -7.178681e-02, -3.183078e-02],
 [-2.425504e-02, -4.804401e-02, -3.713509e-02],
 [ 1.514030e-01, -3.681505e-01,  1.095963e-01],
 [ 1.311141e-01, -1.075420e-04,  2.152490e-01],
 [ 9.222758e-02,  1.514305e-02,  8.410224e-02],
 [-3.933974e-02, -1.146256e-02, -1.048698e-01],
 [ 1.412769e-02, -3.009070e-02,  1.645682e-02],
 [ 6.391865e-03,  2.406191e-02,  4.903097e-03],
 [-6.436107e-02,  2.907721e-01, -3.830098e-02],
 [-1.716408e-02,  6.900713e-02, -3.446444e-02],
 [-6.083073e-02,  4.657728e-02, -2.493533e-02],
 [-3.250353e+00,  4.517344e+00, -3.398976e+00]]
spherical_charges_l2: [[ 3.721895, -2.917108,  4.971489,  1.835851, -3.390126],
 [-0.166602,  0.057356, -0.128723,  0.039389,  0.052794],
 [-0.11369 ,  0.096248, -0.066234,  0.041102,  0.062406],
 [-0.088084,  0.194666,  0.005595, -0.010601,  0.132803],
 [ 0.516663,  0.405987, -0.165036, -0.265672,  0.354558],
 [ 0.531707,  0.363917,  0.057048, -0.464645,  0.21841 ],
 [ 0.609832,  0.113952,  0.022806,  0.192001,  0.360532],
 [ 0.126783,  0.532568, -0.361789,  0.457332,  0.094862],
 [ 0.313688,  0.615242, -0.06113 ,  0.067094,  0.307416],
 [-0.02846 , -0.135785,  0.085821,  0.085703,  0.013602],
 [-0.131409, -0.149651,  0.063629,  0.00599 ,  0.08844 ],
 [-0.042893, -0.1769  ,  0.080681,  0.040928,  0.069847],
 [ 3.234349,  3.912252, -1.031477, -3.897595, -4.396908]]
energy_short: [-0.876294,  0.346539,  0.341696, -0.408583, -0.336882, -0.365966, -0.55798 , -0.547697, -0.561586, -0.608453,  0.35592 ,  0.351832, -0.576861]
energy_long: [0.121461, 0.194997, 0.193016, 0.357325, 0.25417 , 0.287181, 0.338134, 0.351298, 0.4404  , 0.35659 , 0.194993, 0.194925, 0.269233]