step=1690110, graph_id=0, num_atoms=13
scalar_charges: [ 0.995969, -1.981408, -1.987402,  0.965519,  0.949012,  0.955818,  0.984688,  0.979042,  0.979437,  0.974272, -1.970766, -1.97325 ,  0.987119]
spherical_charges_l0: [[ 0.45893 ],
 [-0.00875 ],
 [-0.007362],
 [-0.001305],
 [ 0.109257],
 [ 0.064432],
 [-0.01679 ],
 [ 0.031913],
 [ 0.04626 ],
 [-0.009093],
 [-0.008281],
 [-0.008738],
 [ 0.473623]]
spherical_charges_l1: [[-9.946873e-03, -1.719931e+00, -1.073586e+00],
 [ 5.469255e-03, -2.312739e-02, -8.552873e-03],
 [-1.052690e-02, -1.102963e-02, -1.129501e-02],
 [ 4.618877e-02, -1.015828e-01,  2.700536e-02],
 [ 2.251553e-02, -8.553188e-03,  4.551373e-02],
 [ 1.660447e-02,  1.074568e-02,  1.231592e-02],
 [-1.159168e-02, -1.386608e-04, -2.763810e-02],
 [ 5.989017e-03, -1.379976e-02,  2.899654e-04],
 [ 7.793945e-04,  8.307456e-03, -7.869051e-03],
 [-1.399966e-02,  7.943640e-02, -1.234925e-02],
 [-6.450024e-04,  2.203205e-02, -1.083504e-02],
 [-2.050126e-02,  9.988698e-03, -5.599952e-03],
 [-9.832788e-01,  1.346821e+00, -1.027724e+00]]
spherical_charges_l2: [[ 1.609819e+00, -1.263733e+00,  2.068387e+00,  6.779328e-01, -1.428799e+00],
 [-6.915347e-02,  3.526144e-02, -4.878931e-02,  1.907532e-02,  2.647738e-02],
 [-5.023941e-02,  3.799688e-02, -3.061729e-02,  1.891428e-02,  2.402564e-02],
 [-3.913648e-02,  8.597390e-02, -1.249409e-03, -4.463138e-03,  7.019609e-02],
 [ 1.940082e-01,  1.608812e-01, -7.698097e-02, -9.830613e-02,  1.351114e-01],
 [ 1.959908e-01,  1.275030e-01,  4.180530e-03, -1.740164e-01,  7.965964e-02],
 [ 2.017429e-01,  3.606717e-02,  1.078590e-02,  6.851035e-02,  1.271800e-01],
 [ 5.447275e-02,  1.905978e-01, -1.260780e-01,  1.633127e-01,  2.416735e-02],
 [ 1.218126e-01,  2.205350e-01, -2.432897e-02,  1.852817e-02,  1.019677e-01],
 [-1.539193e-02, -5.517599e-02,  4.137599e-02,  4.603434e-02,  2.508044e-02],
 [-4.795203e-02, -7.047429e-02,  3.086414e-02,  4.007030e-03,  3.465688e-02],
 [-2.655773e-02, -7.444011e-02,  3.367392e-02,  1.247452e-02,  3.008196e-02],
 [ 1.353772e+00,  1.688865e+00, -4.758509e-01, -1.561956e+00, -1.822839e+00]]
energy_short: [-0.919408,  0.428301,  0.423739, -0.519773, -0.381772, -0.415515, -0.614804, -0.595783, -0.606213, -0.697118,  0.440701,  0.437429, -0.649486]
energy_long: [0.16309 , 0.237947, 0.234898, 0.369055, 0.299878, 0.320794, 0.367289, 0.369321, 0.451486, 0.369182, 0.241127, 0.238988, 0.284575]