step=1670085, graph_id=0, num_atoms=13
scalar_charges: [ 1.011096, -2.068438, -2.074003,  0.980739,  0.96349 ,  0.970795,  1.001389,  0.995769,  0.99635 ,  0.991384, -2.062186, -2.063294,  1.000421]
spherical_charges_l0: [[ 4.605695e-01],
 [-9.190252e-03],
 [-7.748127e-03],
 [-4.316957e-04],
 [ 1.151022e-01],
 [ 6.767398e-02],
 [-2.153288e-02],
 [ 3.134891e-02],
 [ 4.727088e-02],
 [-8.972255e-03],
 [-8.933379e-03],
 [-9.614767e-03],
 [ 4.811378e-01]]
spherical_charges_l1: [[ 1.004114e-03, -1.743192e+00, -1.070480e+00],
 [ 3.729837e-03, -2.519476e-02, -1.062122e-02],
 [-9.991739e-03, -1.395222e-02, -1.256325e-02],
 [ 4.824371e-02, -1.080205e-01,  2.495987e-02],
 [ 2.265278e-02, -1.081448e-02,  4.652216e-02],
 [ 1.465669e-02,  1.225598e-02,  1.036281e-02],
 [-1.173686e-02,  6.035435e-04, -2.794336e-02],
 [ 7.217075e-03, -1.508084e-02, -2.696555e-03],
 [ 2.718752e-04,  7.785522e-03, -1.099884e-02],
 [-1.610779e-02,  8.284397e-02, -1.444818e-02],
 [-2.265045e-03,  2.468814e-02, -1.219296e-02],
 [-2.223982e-02,  1.274884e-02, -7.013415e-03],
 [-9.985502e-01,  1.364355e+00, -1.046664e+00]]
spherical_charges_l2: [[ 1.643194, -1.278777,  2.122967,  0.706481, -1.464547],
 [-0.071915,  0.034839, -0.05253 ,  0.018763,  0.02725 ],
 [-0.053541,  0.041276, -0.03234 ,  0.019844,  0.026286],
 [-0.032615,  0.084173,  0.003283, -0.005706,  0.076493],
 [ 0.207312,  0.170977, -0.081884, -0.10129 ,  0.139946],
 [ 0.208726,  0.134521,  0.003105, -0.190137,  0.086555],
 [ 0.217524,  0.034922,  0.009377,  0.071174,  0.129984],
 [ 0.057089,  0.206509, -0.133455,  0.178087,  0.024096],
 [ 0.132228,  0.237873, -0.027842,  0.017053,  0.110314],
 [-0.011458, -0.049249,  0.042364,  0.047635,  0.028932],
 [-0.052852, -0.075377,  0.032884,  0.004546,  0.038204],
 [-0.02782 , -0.079901,  0.036144,  0.014131,  0.032554],
 [ 1.38983 ,  1.727455, -0.484791, -1.617307, -1.881414]]
energy_short: [-0.916804,  0.406344,  0.401117, -0.528873, -0.387545, -0.422523, -0.622651, -0.603398, -0.613262, -0.705414,  0.417224,  0.41436 , -0.645795]
energy_long: [0.154366, 0.238414, 0.235312, 0.366848, 0.286973, 0.322791, 0.35605 , 0.373508, 0.44784 , 0.366439, 0.241632, 0.239691, 0.270489]