step=3107880, graph_id=0, num_atoms=13
scalar_charges: [ 0.783209, -1.502383, -1.507457,  0.75285 ,  0.746915,  0.750458,  0.765703,  0.76347 ,  0.763743,  0.759634, -1.490128, -1.493027,  0.769489]
spherical_charges_l0: [[ 0.270228],
 [-0.004359],
 [-0.004147],
 [-0.000595],
 [ 0.068864],
 [ 0.039421],
 [-0.012446],
 [ 0.018933],
 [ 0.028416],
 [-0.004461],
 [-0.00415 ],
 [-0.004581],
 [ 0.28284 ]]
spherical_charges_l1: [[ 1.464932e-04, -1.083090e+00, -6.636863e-01],
 [ 3.387608e-03, -1.387418e-02, -5.039781e-03],
 [-5.699804e-03, -7.266111e-03, -6.855472e-03],
 [ 3.023054e-02, -6.359366e-02,  1.718854e-02],
 [ 1.066872e-02, -6.559605e-03,  2.494432e-02],
 [ 6.275351e-03,  6.065638e-03,  3.744830e-03],
 [-6.488491e-03,  6.678404e-04, -1.519954e-02],
 [ 5.359395e-03, -8.938528e-03, -3.785970e-03],
 [-3.684141e-04,  3.899964e-03, -8.595522e-03],
 [-7.901114e-03,  4.960965e-02, -7.667202e-03],
 [-1.056062e-03,  1.221916e-02, -6.035188e-03],
 [-1.120717e-02,  6.119650e-03, -3.386510e-03],
 [-6.186115e-01,  8.424529e-01, -6.495050e-01]]
spherical_charges_l2: [[ 1.075045, -0.845358,  1.409034,  0.489461, -0.96641 ],
 [-0.048623,  0.023417, -0.03489 ,  0.013003,  0.017994],
 [-0.035933,  0.027934, -0.022221,  0.012683,  0.017962],
 [-0.025197,  0.055983,  0.00778 ,  0.003223,  0.043324],
 [ 0.128097,  0.111241, -0.055933, -0.058426,  0.088063],
 [ 0.132762,  0.081304,  0.005127, -0.130977,  0.051169],
 [ 0.145668,  0.02608 ,  0.00555 ,  0.047833,  0.088913],
 [ 0.034532,  0.133917, -0.090111,  0.117886,  0.014062],
 [ 0.083627,  0.154874, -0.01565 ,  0.0074  ,  0.073807],
 [-0.008632, -0.034772,  0.029766,  0.022912,  0.01147 ],
 [-0.033527, -0.051211,  0.022431,  0.004143,  0.025525],
 [-0.020196, -0.052718,  0.02373 ,  0.009207,  0.022435],
 [ 0.921185,  1.13384 , -0.308985, -1.087597, -1.248791]]
energy_short: [-1.039272,  0.47829 ,  0.470574, -0.606993, -0.436815, -0.476434, -0.690239, -0.657959, -0.66405 , -0.755126,  0.492446,  0.488267, -0.80225 ]
energy_long: [0.192092, 0.276919, 0.273216, 0.399124, 0.323433, 0.35913 , 0.406365, 0.40518 , 0.47613 , 0.397785, 0.280489, 0.277903, 0.309065]