step=2995740, graph_id=0, num_atoms=13
scalar_charges: [ 0.769658, -1.50814 , -1.512825,  0.739245,  0.734931,  0.738291,  0.752214,  0.749998,  0.750172,  0.745105, -1.497237, -1.500006,  0.757808]
spherical_charges_l0: [[ 0.266828],
 [-0.004685],
 [-0.004658],
 [-0.001544],
 [ 0.068136],
 [ 0.039163],
 [-0.010921],
 [ 0.019492],
 [ 0.028882],
 [-0.005112],
 [-0.004967],
 [-0.005353],
 [ 0.278727]]
spherical_charges_l1: [[-6.430310e-04, -1.096627e+00, -6.710908e-01],
 [ 3.568159e-03, -1.413832e-02, -5.023845e-03],
 [-6.097016e-03, -7.400365e-03, -7.067694e-03],
 [ 3.045616e-02, -6.585690e-02,  1.705743e-02],
 [ 1.330119e-02, -6.631905e-03,  2.664192e-02],
 [ 7.196003e-03,  6.944478e-03,  5.220987e-03],
 [-6.223874e-03,  6.972674e-04, -1.448602e-02],
 [ 5.128148e-03, -9.091031e-03, -2.403492e-03],
 [-3.112066e-04,  4.712399e-03, -6.877504e-03],
 [-8.592103e-03,  5.117860e-02, -7.959631e-03],
 [-7.977217e-04,  1.270997e-02, -6.266676e-03],
 [-1.178406e-02,  6.208760e-03, -3.449192e-03],
 [-6.247036e-01,  8.504496e-01, -6.549001e-01]]
spherical_charges_l2: [[ 1.08114 , -0.856341,  1.40937 ,  0.489979, -0.967572],
 [-0.04766 ,  0.023411, -0.034616,  0.012471,  0.017866],
 [-0.036405,  0.026945, -0.022869,  0.012191,  0.017626],
 [-0.025827,  0.055709,  0.007174,  0.003414,  0.044084],
 [ 0.126285,  0.11019 , -0.057706, -0.05879 ,  0.085551],
 [ 0.130629,  0.080568,  0.002419, -0.12857 ,  0.050952],
 [ 0.142077,  0.025142,  0.005762,  0.046995,  0.087119],
 [ 0.034526,  0.131879, -0.08733 ,  0.115669,  0.013058],
 [ 0.083274,  0.152556, -0.016399,  0.006721,  0.071239],
 [-0.009138, -0.035187,  0.030328,  0.023969,  0.012906],
 [-0.032632, -0.050634,  0.022173,  0.004682,  0.025463],
 [-0.020642, -0.051916,  0.023304,  0.009271,  0.022708],
 [ 0.920606,  1.136528, -0.310106, -1.088346, -1.247421]]
energy_short: [-1.056781,  0.487836,  0.480675, -0.604413, -0.43592 , -0.476044, -0.688285, -0.657044, -0.662637, -0.752437,  0.501964,  0.497845, -0.816708]
energy_long: [0.193833, 0.274191, 0.270058, 0.394161, 0.325974, 0.355867, 0.397641, 0.403397, 0.472266, 0.393368, 0.277813, 0.27524 , 0.311675]