step=3740670, graph_id=0, num_atoms=13
scalar_charges: [ 0.763746, -1.491295, -1.496598,  0.732394,  0.726917,  0.730965,  0.744815,  0.742507,  0.742309,  0.738967, -1.477628, -1.481437,  0.750682]
spherical_charges_l0: [[ 0.260352],
 [-0.004034],
 [-0.003959],
 [-0.001186],
 [ 0.06715 ],
 [ 0.038182],
 [-0.012074],
 [ 0.018559],
 [ 0.027962],
 [-0.005264],
 [-0.004074],
 [-0.004505],
 [ 0.271659]]
spherical_charges_l1: [[ 7.067308e-04, -1.042845e+00, -6.379644e-01],
 [ 2.798443e-03, -1.317251e-02, -4.966958e-03],
 [-4.829174e-03, -7.365347e-03, -6.463857e-03],
 [ 2.867205e-02, -6.082729e-02,  1.667849e-02],
 [ 1.118351e-02, -6.326602e-03,  2.466985e-02],
 [ 6.346682e-03,  6.211684e-03,  3.843411e-03],
 [-5.953047e-03,  6.364671e-04, -1.397837e-02],
 [ 5.116957e-03, -8.865442e-03, -3.325732e-03],
 [-4.050048e-04,  4.157193e-03, -7.889132e-03],
 [-7.775226e-03,  4.774638e-02, -7.387457e-03],
 [-1.615121e-03,  1.153325e-02, -5.718150e-03],
 [-1.043931e-02,  6.323608e-03, -3.460751e-03],
 [-5.920341e-01,  8.073084e-01, -6.225991e-01]]
spherical_charges_l2: [[ 1.035879, -0.816245,  1.356245,  0.46963 , -0.931264],
 [-0.047307,  0.022956, -0.034274,  0.012411,  0.017566],
 [-0.035954,  0.026699, -0.022613,  0.011931,  0.017482],
 [-0.023751,  0.053208,  0.009003,  0.004906,  0.04104 ],
 [ 0.12586 ,  0.108233, -0.058432, -0.057796,  0.082917],
 [ 0.126986,  0.079142,  0.001491, -0.125126,  0.049585],
 [ 0.13703 ,  0.026234,  0.004977,  0.04503 ,  0.084357],
 [ 0.034455,  0.129121, -0.084559,  0.111886,  0.01295 ],
 [ 0.081585,  0.149598, -0.016749,  0.007576,  0.069014],
 [-0.00782 , -0.032757,  0.029279,  0.020416,  0.01027 ],
 [-0.031494, -0.050128,  0.021972,  0.005097,  0.025153],
 [-0.02091 , -0.051192,  0.022955,  0.008975,  0.022561],
 [ 0.881699,  1.086484, -0.297521, -1.039341, -1.196215]]
energy_short: [-1.04133 ,  0.496295,  0.488205, -0.612599, -0.438705, -0.478968, -0.690741, -0.659975, -0.666212, -0.755472,  0.511428,  0.506545, -0.810269]
energy_long: [0.184257, 0.274326, 0.269705, 0.396826, 0.318497, 0.354805, 0.403094, 0.404127, 0.477153, 0.395403, 0.278089, 0.274856, 0.307332]