step=3380220, graph_id=0, num_atoms=13
scalar_charges: [ 0.768495, -1.475315, -1.481007,  0.733401,  0.726857,  0.73055 ,  0.745767,  0.743387,  0.743472,  0.741296, -1.461943, -1.465384,  0.751203]
spherical_charges_l0: [[ 0.263768],
 [-0.00427 ],
 [-0.004159],
 [-0.001193],
 [ 0.065716],
 [ 0.037757],
 [-0.011491],
 [ 0.018496],
 [ 0.027558],
 [-0.004927],
 [-0.004383],
 [-0.00477 ],
 [ 0.275059]]
spherical_charges_l1: [[-5.490363e-04, -1.050462e+00, -6.430594e-01],
 [ 3.342564e-03, -1.374138e-02, -4.991545e-03],
 [-5.564254e-03, -7.442138e-03, -6.860144e-03],
 [ 2.922446e-02, -6.195078e-02,  1.660648e-02],
 [ 1.138312e-02, -6.041461e-03,  2.488236e-02],
 [ 6.449271e-03,  6.070516e-03,  4.115515e-03],
 [-6.023188e-03,  7.850537e-04, -1.401612e-02],
 [ 5.187740e-03, -8.787585e-03, -3.343462e-03],
 [-4.723460e-04,  4.179044e-03, -7.859318e-03],
 [-8.007522e-03,  4.836813e-02, -7.777160e-03],
 [-1.175069e-03,  1.213945e-02, -6.000049e-03],
 [-1.117368e-02,  6.258361e-03, -3.453259e-03],
 [-5.977331e-01,  8.141358e-01, -6.268349e-01]]
spherical_charges_l2: [[ 1.043624, -0.821695,  1.364823,  0.470536, -0.939743],
 [-0.047827,  0.022405, -0.035032,  0.012131,  0.017609],
 [-0.035592,  0.027626, -0.022168,  0.012142,  0.017808],
 [-0.02417 ,  0.052704,  0.00889 ,  0.004486,  0.041452],
 [ 0.123135,  0.106966, -0.056036, -0.056004,  0.082517],
 [ 0.126362,  0.07759 ,  0.002836, -0.124954,  0.04936 ],
 [ 0.137498,  0.025578,  0.00499 ,  0.045071,  0.084083],
 [ 0.033494,  0.127838, -0.084567,  0.111974,  0.012716],
 [ 0.080547,  0.148002, -0.016035,  0.00687 ,  0.069197],
 [-0.008634, -0.032935,  0.029293,  0.021228,  0.010946],
 [-0.032448, -0.049855,  0.021806,  0.004659,  0.025299],
 [-0.019909, -0.051543,  0.023162,  0.009432,  0.022411],
 [ 0.888365,  1.09564 , -0.300612, -1.04582 , -1.204605]]
energy_short: [-1.053549,  0.494838,  0.48719 , -0.617552, -0.443423, -0.483838, -0.69739 , -0.665097, -0.670972, -0.762463,  0.508905,  0.504721, -0.817596]
energy_long: [0.192506, 0.278325, 0.273767, 0.397199, 0.322002, 0.355544, 0.404751, 0.403426, 0.47642 , 0.395704, 0.281809, 0.278911, 0.312303]