step=3768705, graph_id=0, num_atoms=13
scalar_charges: [ 0.771019, -1.493926, -1.498991,  0.738248,  0.732481,  0.736536,  0.750857,  0.748494,  0.748341,  0.745085, -1.480342, -1.484108,  0.757297]
spherical_charges_l0: [[ 0.259941],
 [-0.004025],
 [-0.003959],
 [-0.001149],
 [ 0.066622],
 [ 0.038048],
 [-0.012021],
 [ 0.018589],
 [ 0.027925],
 [-0.005173],
 [-0.004089],
 [-0.004526],
 [ 0.271661]]
spherical_charges_l1: [[-1.368322e-04, -1.040634e+00, -6.377707e-01],
 [ 2.658679e-03, -1.309795e-02, -5.009501e-03],
 [-4.719530e-03, -7.421167e-03, -6.439762e-03],
 [ 2.856087e-02, -6.061801e-02,  1.658724e-02],
 [ 1.153275e-02, -6.497996e-03,  2.475139e-02],
 [ 6.298538e-03,  6.540021e-03,  4.064316e-03],
 [-5.944818e-03,  7.432668e-04, -1.384949e-02],
 [ 5.205192e-03, -9.039112e-03, -3.138514e-03],
 [-5.266407e-04,  4.372997e-03, -7.768441e-03],
 [-7.761701e-03,  4.754687e-02, -7.430012e-03],
 [-1.771305e-03,  1.150088e-02, -5.707575e-03],
 [-1.034451e-02,  6.411232e-03, -3.500575e-03],
 [-5.931794e-01,  8.078815e-01, -6.232775e-01]]
spherical_charges_l2: [[ 1.031263, -0.812018,  1.351418,  0.468925, -0.92762 ],
 [-0.047258,  0.022955, -0.034197,  0.012445,  0.017532],
 [-0.03602 ,  0.026739, -0.022625,  0.011956,  0.01752 ],
 [-0.023252,  0.053065,  0.008999,  0.005084,  0.040657],
 [ 0.126213,  0.108138, -0.057392, -0.057658,  0.083354],
 [ 0.127294,  0.079294,  0.001519, -0.12512 ,  0.049994],
 [ 0.136722,  0.026334,  0.004973,  0.044878,  0.084219],
 [ 0.034876,  0.129409, -0.084329,  0.112179,  0.013173],
 [ 0.082123,  0.149979, -0.017051,  0.007918,  0.069321],
 [-0.007581, -0.032557,  0.029083,  0.020335,  0.010256],
 [-0.031557, -0.050365,  0.022081,  0.00512 ,  0.025221],
 [-0.021005, -0.051362,  0.023032,  0.00897 ,  0.022619],
 [ 0.881582,  1.085542, -0.296295, -1.039887, -1.194999]]
energy_short: [-1.048451,  0.498396,  0.490411, -0.611993, -0.439715, -0.479792, -0.691663, -0.660943, -0.667215, -0.755022,  0.513519,  0.508648, -0.816002]
energy_long: [0.184205, 0.274778, 0.270032, 0.395967, 0.319311, 0.353416, 0.402087, 0.401153, 0.476347, 0.394748, 0.278552, 0.275243, 0.305831]