step=3644550, graph_id=0, num_atoms=13
scalar_charges: [ 0.769993, -1.498098, -1.503488,  0.734698,  0.728841,  0.73287 ,  0.747374,  0.74503 ,  0.744906,  0.741923, -1.483885, -1.487747,  0.755079]
spherical_charges_l0: [[ 0.261777],
 [-0.004045],
 [-0.004001],
 [-0.001035],
 [ 0.066081],
 [ 0.037628],
 [-0.012092],
 [ 0.018186],
 [ 0.027412],
 [-0.004973],
 [-0.004167],
 [-0.004596],
 [ 0.273677]]
spherical_charges_l1: [[ 1.550739e-03, -1.040814e+00, -6.380416e-01],
 [ 2.913971e-03, -1.347608e-02, -5.064854e-03],
 [-5.163668e-03, -7.544458e-03, -6.708510e-03],
 [ 2.853149e-02, -6.060262e-02,  1.679066e-02],
 [ 1.175049e-02, -6.357401e-03,  2.490477e-02],
 [ 6.365923e-03,  6.413028e-03,  4.017415e-03],
 [-5.927670e-03,  7.115413e-04, -1.386772e-02],
 [ 5.166592e-03, -9.007998e-03, -3.096093e-03],
 [-4.621070e-04,  4.369781e-03, -7.605584e-03],
 [-7.761417e-03,  4.751950e-02, -7.279435e-03],
 [-1.413257e-03,  1.194607e-02, -5.913386e-03],
 [-1.089512e-02,  6.363495e-03, -3.495431e-03],
 [-5.919776e-01,  8.070079e-01, -6.231012e-01]]
spherical_charges_l2: [[ 1.033644, -0.813357,  1.358012,  0.475781, -0.931574],
 [-0.047975,  0.022494, -0.035053,  0.012252,  0.01751 ],
 [-0.036148,  0.027645, -0.02253 ,  0.012136,  0.01787 ],
 [-0.02378 ,  0.05298 ,  0.008939,  0.005305,  0.040715],
 [ 0.124659,  0.10721 , -0.057036, -0.056989,  0.082676],
 [ 0.126474,  0.078473,  0.002376, -0.125021,  0.049428],
 [ 0.137638,  0.025846,  0.005018,  0.045122,  0.084445],
 [ 0.033776,  0.128582, -0.084747,  0.112   ,  0.012921],
 [ 0.080919,  0.14887 , -0.016367,  0.007311,  0.069291],
 [-0.00798 , -0.03301 ,  0.029244,  0.020244,  0.010317],
 [-0.032908, -0.050541,  0.022098,  0.004803,  0.025725],
 [-0.020406, -0.052255,  0.023472,  0.009496,  0.022787],
 [ 0.883928,  1.08538 , -0.295296, -1.046921, -1.201246]]
energy_short: [-1.051303,  0.49945 ,  0.491706, -0.607616, -0.437156, -0.477545, -0.688965, -0.658312, -0.664623, -0.752393,  0.514182,  0.509542, -0.818049]
energy_long: [0.186202, 0.275789, 0.270829, 0.395859, 0.318346, 0.353173, 0.401835, 0.401615, 0.475929, 0.394536, 0.279237, 0.276072, 0.307558]