step=540675, graph_id=0, num_atoms=13
scalar_charges: [ 2.708737, -5.937193, -5.939717,  2.606806,  2.582549,  2.591594,  2.648983,  2.646765,  2.65064 ,  2.659473, -5.93341 , -5.936216,  2.654106]
spherical_charges_l0: [[ 1.954662],
 [-0.015663],
 [-0.021325],
 [ 0.039532],
 [ 0.283955],
 [ 0.146758],
 [-0.081829],
 [ 0.03959 ],
 [ 0.07334 ],
 [-0.014058],
 [-0.014441],
 [-0.015288],
 [ 2.005463]]
spherical_charges_l1: [[ 5.482583e-02, -5.831550e+00, -3.537280e+00],
 [ 8.317159e-03, -7.463521e-02, -3.361117e-02],
 [-3.358085e-02, -4.423818e-02, -4.048882e-02],
 [ 1.460674e-01, -4.110773e-01,  1.105607e-01],
 [ 1.590095e-01,  1.399438e-02,  2.335106e-01],
 [ 1.058400e-01, -4.131071e-03,  9.465671e-02],
 [-3.722438e-02, -1.063569e-02, -9.654760e-02],
 [ 7.220556e-03, -1.486348e-02,  2.541805e-02],
 [ 1.182764e-02,  1.754572e-02,  2.234112e-02],
 [-6.803162e-02,  3.099078e-01, -2.491953e-02],
 [-6.745961e-03,  7.204385e-02, -3.560071e-02],
 [-6.623292e-02,  3.960207e-02, -2.170096e-02],
 [-3.320148e+00,  4.678627e+00, -3.584361e+00]]
spherical_charges_l2: [[ 3.644639, -2.862406,  4.800092,  1.740587, -3.303881],
 [-0.155392,  0.104356, -0.120071,  0.045473,  0.075855],
 [-0.1342  ,  0.08862 , -0.091481,  0.034889,  0.072126],
 [-0.098168,  0.146286,  0.015137, -0.033833,  0.112243],
 [ 0.501964,  0.404018, -0.134319, -0.223763,  0.328838],
 [ 0.527285,  0.35129 ,  0.072137, -0.483679,  0.204106],
 [ 0.602499,  0.094584,  0.015104,  0.19509 ,  0.347768],
 [ 0.118425,  0.526975, -0.377554,  0.462435,  0.086983],
 [ 0.297434,  0.603518, -0.045798,  0.05624 ,  0.321293],
 [-0.048417, -0.11712 ,  0.080614,  0.081642,  0.006145],
 [-0.11064 , -0.179114,  0.078182,  0.023935,  0.093993],
 [-0.084452, -0.181283,  0.080565,  0.033434,  0.087335],
 [ 3.188155,  3.892932, -1.064811, -3.756593, -4.301023]]
energy_short: [-0.894527,  0.341125,  0.337366, -0.438373, -0.365288, -0.391214, -0.57569 , -0.570555, -0.584942, -0.629432,  0.35014 ,  0.346381, -0.599948]
energy_long: [0.170532, 0.20659 , 0.205368, 0.36793 , 0.279063, 0.303028, 0.346129, 0.361353, 0.439191, 0.367965, 0.207969, 0.207753, 0.299169]