step=1137420, graph_id=0, num_atoms=13
scalar_charges: [ 1.401865, -2.863635, -2.87482 ,  1.359848,  1.339268,  1.347784,  1.382446,  1.37672 ,  1.377442,  1.3749  , -2.861046, -2.861038,  1.385705]
spherical_charges_l0: [[ 0.892142],
 [-0.01472 ],
 [-0.013907],
 [ 0.004884],
 [ 0.175553],
 [ 0.099978],
 [-0.036779],
 [ 0.042742],
 [ 0.066947],
 [-0.010095],
 [-0.014636],
 [-0.015529],
 [ 0.909497]]
spherical_charges_l1: [[-5.724700e-04, -3.008583e+00, -1.847064e+00],
 [ 7.622338e-03, -3.659431e-02, -1.415243e-02],
 [-1.700006e-02, -1.883918e-02, -1.878704e-02],
 [ 7.017037e-02, -1.755888e-01,  3.998195e-02],
 [ 2.693632e-02, -1.192710e-02,  6.837593e-02],
 [ 2.514973e-02,  1.173926e-02,  1.482502e-02],
 [-2.190100e-02, -3.593032e-03, -5.632021e-02],
 [ 9.280422e-03, -1.930131e-02, -5.956897e-03],
 [ 1.992418e-03,  9.209857e-03, -1.914390e-02],
 [-3.124445e-02,  1.386697e-01, -2.325515e-02],
 [-3.510473e-03,  3.697149e-02, -1.826545e-02],
 [-3.286116e-02,  1.864260e-02, -1.026745e-02],
 [-1.707284e+00,  2.352660e+00, -1.793101e+00]]
spherical_charges_l2: [[ 2.501269e+00, -1.946407e+00,  3.258399e+00,  1.107455e+00, -2.212717e+00],
 [-1.008385e-01,  5.287938e-02, -7.119031e-02,  2.866597e-02,  3.945594e-02],
 [-7.715181e-02,  5.779492e-02, -4.760405e-02,  2.869946e-02,  3.730058e-02],
 [-6.521556e-02,  1.226282e-01,  9.801378e-05, -8.018312e-03,  1.122470e-01],
 [ 2.998848e-01,  2.552526e-01, -1.040007e-01, -1.419313e-01,  2.097220e-01],
 [ 3.052996e-01,  1.976483e-01,  1.570780e-02, -2.812929e-01,  1.156320e-01],
 [ 3.064820e-01,  4.479064e-02,  1.443724e-02,  1.016393e-01,  1.844473e-01],
 [ 7.686772e-02,  2.899685e-01, -2.018637e-01,  2.526682e-01,  3.369291e-02],
 [ 1.808740e-01,  3.386313e-01, -2.957257e-02,  2.452121e-02,  1.619984e-01],
 [-2.631741e-02, -7.778776e-02,  6.532466e-02,  6.573461e-02,  3.733789e-02],
 [-7.621162e-02, -1.068021e-01,  4.655242e-02,  5.679136e-03,  5.421923e-02],
 [-3.873287e-02, -1.139520e-01,  5.161657e-02,  2.013073e-02,  4.585817e-02],
 [ 2.109387e+00,  2.609126e+00, -7.185071e-01, -2.462901e+00, -2.851847e+00]]
energy_short: [-0.851221,  0.395144,  0.390199, -0.423033, -0.318532, -0.348098, -0.540256, -0.527569, -0.539686, -0.615691,  0.403304,  0.401462, -0.56838 ]
energy_long: [0.128184, 0.199791, 0.197008, 0.338016, 0.24562 , 0.290519, 0.304208, 0.344736, 0.419456, 0.338124, 0.202078, 0.2004  , 0.243567]