step=1337670, graph_id=0, num_atoms=13
scalar_charges: [ 1.201029, -2.391816, -2.401691,  1.171063,  1.150277,  1.158582,  1.190361,  1.184485,  1.185041,  1.180887, -2.386712, -2.387471,  1.189377]
spherical_charges_l0: [[ 0.668788],
 [-0.010521],
 [-0.009079],
 [-0.001594],
 [ 0.150077],
 [ 0.086555],
 [-0.026541],
 [ 0.040098],
 [ 0.060265],
 [-0.01455 ],
 [-0.010151],
 [-0.010798],
 [ 0.697298]]
spherical_charges_l1: [[-1.894262e-02, -2.376355e+00, -1.460881e+00],
 [ 2.301606e-03, -2.843477e-02, -1.309377e-02],
 [-9.750111e-03, -1.618166e-02, -1.391109e-02],
 [ 6.048255e-02, -1.364749e-01,  3.496046e-02],
 [ 2.193545e-02, -1.067999e-02,  5.667534e-02],
 [ 2.215483e-02,  1.213553e-02,  1.557173e-02],
 [-1.740818e-02, -5.627503e-04, -4.226540e-02],
 [ 7.304928e-03, -1.678579e-02, -1.441790e-03],
 [ 1.568078e-03,  8.800681e-03, -1.402284e-02],
 [-2.007148e-02,  1.074303e-01, -1.739536e-02],
 [-4.821574e-03,  2.830054e-02, -1.405703e-02],
 [-2.391008e-02,  1.582704e-02, -8.584586e-03],
 [-1.367892e+00,  1.871668e+00, -1.421980e+00]]
spherical_charges_l2: [[ 2.120607e+00, -1.646757e+00,  2.730994e+00,  8.830953e-01, -1.872728e+00],
 [-8.570909e-02,  4.668264e-02, -6.151001e-02,  2.382704e-02,  3.498769e-02],
 [-6.702782e-02,  5.223925e-02, -4.132512e-02,  2.485643e-02,  3.364836e-02],
 [-5.422237e-02,  9.792486e-02,  3.430483e-04, -4.782091e-03,  8.317274e-02],
 [ 2.482092e-01,  2.075063e-01, -1.003889e-01, -1.226459e-01,  1.756799e-01],
 [ 2.588632e-01,  1.658692e-01,  9.686477e-03, -2.432001e-01,  9.960805e-02],
 [ 2.773877e-01,  4.013061e-02,  1.336627e-02,  9.134063e-02,  1.664229e-01],
 [ 6.519175e-02,  2.551492e-01, -1.744868e-01,  2.253443e-01,  2.716309e-02],
 [ 1.600452e-01,  2.975110e-01, -2.818551e-02,  1.671802e-02,  1.395771e-01],
 [-1.993844e-02, -6.609811e-02,  5.155179e-02,  5.185829e-02,  2.764796e-02],
 [-6.569979e-02, -9.174670e-02,  3.993553e-02,  5.463982e-03,  4.722948e-02],
 [-3.315943e-02, -9.749978e-02,  4.409975e-02,  1.812233e-02,  4.005203e-02],
 [ 1.795184e+00,  2.243650e+00, -6.351373e-01, -2.061984e+00, -2.419869e+00]]
energy_short: [-0.880777,  0.429032,  0.423284, -0.47245 , -0.37188 , -0.402206, -0.59544 , -0.581777, -0.593676, -0.667677,  0.43878 ,  0.436345, -0.594131]
energy_long: [0.121911, 0.212177, 0.209203, 0.34243 , 0.256872, 0.293394, 0.320757, 0.352116, 0.417798, 0.34317 , 0.215519, 0.213082, 0.248395]