step=3195990, graph_id=0, num_atoms=13
scalar_charges: [ 0.764561, -1.487395, -1.492345,  0.73783 ,  0.733707,  0.737072,  0.749985,  0.747868,  0.747934,  0.742967, -1.47604 , -1.478675,  0.75407 ]
spherical_charges_l0: [[ 0.264428],
 [-0.004432],
 [-0.00429 ],
 [-0.001125],
 [ 0.067615],
 [ 0.038558],
 [-0.012603],
 [ 0.018612],
 [ 0.028077],
 [-0.004797],
 [-0.004329],
 [-0.004752],
 [ 0.274924]]
spherical_charges_l1: [[ 3.224426e-04, -1.058174e+00, -6.491894e-01],
 [ 3.290734e-03, -1.402132e-02, -5.155506e-03],
 [-5.658672e-03, -7.480668e-03, -6.923711e-03],
 [ 2.913994e-02, -6.260126e-02,  1.661236e-02],
 [ 1.230841e-02, -6.700994e-03,  2.599335e-02],
 [ 7.042663e-03,  6.732814e-03,  4.807150e-03],
 [-6.472468e-03,  4.852480e-04, -1.528969e-02],
 [ 4.813967e-03, -9.086237e-03, -2.103115e-03],
 [-1.884070e-04,  4.829278e-03, -6.817852e-03],
 [-7.993398e-03,  4.842947e-02, -7.434173e-03],
 [-1.279689e-03,  1.228715e-02, -6.076021e-03],
 [-1.124162e-02,  6.379724e-03, -3.515152e-03],
 [-6.007774e-01,  8.178797e-01, -6.324273e-01]]
spherical_charges_l2: [[ 1.053637, -0.834762,  1.389558,  0.487168, -0.955405],
 [-0.047877,  0.022865, -0.034915,  0.012384,  0.017787],
 [-0.035599,  0.027544, -0.022205,  0.01218 ,  0.017833],
 [-0.025658,  0.053156,  0.008379,  0.004322,  0.041372],
 [ 0.125686,  0.109329, -0.058143, -0.057573,  0.084571],
 [ 0.128387,  0.078755,  0.002518, -0.125975,  0.050533],
 [ 0.138125,  0.025114,  0.005289,  0.045458,  0.084489],
 [ 0.034561,  0.129295, -0.084946,  0.113247,  0.013419],
 [ 0.082374,  0.149995, -0.016771,  0.007455,  0.069804],
 [-0.008921, -0.03375 ,  0.029193,  0.021736,  0.010657],
 [-0.033139, -0.050097,  0.021886,  0.004524,  0.025588],
 [-0.019905, -0.051839,  0.023301,  0.009515,  0.022498],
 [ 0.899473,  1.105074, -0.300519, -1.070616, -1.227846]]
energy_short: [-1.043978,  0.48765 ,  0.479781, -0.602078, -0.431354, -0.471983, -0.685158, -0.653611, -0.659304, -0.750217,  0.502168,  0.498075, -0.807338]
energy_long: [0.19078 , 0.276863, 0.272804, 0.398708, 0.32227 , 0.35726 , 0.406993, 0.406249, 0.478583, 0.397731, 0.280502, 0.277822, 0.314198]