step=2398995, graph_id=0, num_atoms=13
scalar_charges: [ 0.82988 , -1.650693, -1.655617,  0.804919,  0.800513,  0.804169,  0.822052,  0.81935 ,  0.819631,  0.810084, -1.636902, -1.64031 ,  0.823303]
spherical_charges_l0: [[ 0.304087],
 [-0.005188],
 [-0.004632],
 [-0.00043 ],
 [ 0.080816],
 [ 0.045825],
 [-0.014481],
 [ 0.022114],
 [ 0.033507],
 [-0.005492],
 [-0.004907],
 [-0.00535 ],
 [ 0.318028]]
spherical_charges_l1: [[-1.330174e-03, -1.254481e+00, -7.705275e-01],
 [ 3.054203e-03, -1.596189e-02, -6.331085e-03],
 [-6.037403e-03, -8.533902e-03, -7.721082e-03],
 [ 3.373462e-02, -7.331471e-02,  2.028823e-02],
 [ 1.230556e-02, -7.763092e-03,  2.838289e-02],
 [ 7.389647e-03,  8.174078e-03,  4.590450e-03],
 [-8.151161e-03, -7.138515e-05, -1.993304e-02],
 [ 6.222873e-03, -1.131652e-02, -3.448174e-03],
 [-3.446308e-04,  5.095433e-03, -9.858680e-03],
 [-9.040193e-03,  5.599199e-02, -7.870100e-03],
 [-1.755675e-03,  1.427909e-02, -7.069582e-03],
 [-1.271478e-02,  7.497069e-03, -4.113781e-03],
 [-7.163254e-01,  9.766456e-01, -7.502556e-01]]
spherical_charges_l2: [[ 1.228822e+00, -9.511096e-01,  1.604106e+00,  5.491133e-01, -1.102515e+00],
 [-5.247356e-02,  2.485177e-02, -3.826929e-02,  1.369570e-02,  1.953164e-02],
 [-3.731055e-02,  3.009557e-02, -2.296838e-02,  1.354038e-02,  1.931834e-02],
 [-3.403072e-02,  6.683603e-02,  3.385395e-03,  3.815966e-03,  5.313168e-02],
 [ 1.485943e-01,  1.287717e-01, -6.826716e-02, -7.049286e-02,  1.004196e-01],
 [ 1.520048e-01,  9.460328e-02,  1.502300e-03, -1.475034e-01,  5.789764e-02],
 [ 1.644269e-01,  2.659052e-02,  6.998678e-03,  5.419495e-02,  1.008356e-01],
 [ 3.989442e-02,  1.523010e-01, -1.022705e-01,  1.323091e-01,  1.360550e-02],
 [ 9.602262e-02,  1.761389e-01, -1.839378e-02,  7.689594e-03,  8.072308e-02],
 [-1.248142e-02, -4.410543e-02,  3.549613e-02,  2.918266e-02,  1.732607e-02],
 [-3.662827e-02, -5.474722e-02,  2.393915e-02,  4.259920e-03,  2.759293e-02],
 [-2.092803e-02, -5.675912e-02,  2.557700e-02,  1.033950e-02,  2.406816e-02],
 [ 1.045872e+00,  1.289738e+00, -3.590127e-01, -1.220970e+00, -1.417724e+00]]
energy_short: [-1.010521,  0.444778,  0.439441, -0.581507, -0.415644, -0.453162, -0.664238, -0.63509 , -0.642182, -0.740031,  0.459322,  0.455549, -0.761429]
energy_long: [0.187037, 0.266119, 0.262405, 0.390526, 0.317966, 0.360619, 0.394765, 0.399653, 0.467524, 0.390376, 0.269532, 0.267242, 0.303755]