step=360450, graph_id=0, num_atoms=13
scalar_charges: [ 3.155463, -8.808951, -8.806301,  3.116846,  3.0966  ,  3.104561,  3.147822,  3.14671 ,  3.149385,  3.154603, -8.817293, -8.814574,  3.148479]
spherical_charges_l0: [[ 2.786264e+00],
 [ 4.331986e-04],
 [-5.998883e-03],
 [ 8.173822e-02],
 [ 3.268088e-01],
 [ 1.738106e-01],
 [-9.536674e-02],
 [ 4.671001e-02],
 [ 8.835359e-02],
 [ 2.709346e-03],
 [ 1.055468e-02],
 [ 6.433827e-03],
 [ 2.831963e+00]]
spherical_charges_l1: [[ 4.004153e-02, -6.963225e+00, -4.140760e+00],
 [ 6.116482e-03, -8.278161e-02, -3.563330e-02],
 [-3.227211e-02, -4.876693e-02, -3.860936e-02],
 [ 1.938977e-01, -4.076424e-01,  1.711813e-01],
 [ 2.279147e-01,  4.040021e-03,  3.213476e-01],
 [ 1.424663e-01,  3.858573e-02,  1.424034e-01],
 [-3.225478e-02, -9.306074e-03, -8.143791e-02],
 [ 7.837279e-03, -4.016246e-02,  6.549201e-02],
 [ 1.107700e-02,  5.266652e-02,  5.618233e-02],
 [-3.238963e-02,  3.092648e-01,  1.496068e-02],
 [-1.320175e-02,  7.907314e-02, -3.921734e-02],
 [-7.147904e-02,  4.725217e-02, -2.558457e-02],
 [-3.990346e+00,  5.540454e+00, -4.125081e+00]]
spherical_charges_l2: [[ 4.084662, -3.337355,  5.607755,  2.087743, -3.896374],
 [-0.145523,  0.092936, -0.113485,  0.041446,  0.065233],
 [-0.116324,  0.076371, -0.075234,  0.030433,  0.058516],
 [ 0.019247,  0.178709,  0.041027, -0.106731,  0.104401],
 [ 0.655984,  0.467899, -0.14715 , -0.348833,  0.433806],
 [ 0.642317,  0.485459,  0.059665, -0.483979,  0.292341],
 [ 0.660283,  0.191672,  0.025103,  0.216429,  0.440933],
 [ 0.205514,  0.654479, -0.405317,  0.509204,  0.166239],
 [ 0.383962,  0.729812, -0.095478,  0.141538,  0.364496],
 [ 0.017843, -0.058486,  0.022998,  0.134743, -0.015913],
 [-0.103746, -0.152849,  0.06577 ,  0.024516,  0.089205],
 [-0.070165, -0.15972 ,  0.070875,  0.035008,  0.079414],
 [ 3.580976,  4.361073, -1.214442, -4.340791, -5.032687]]
energy_short: [-0.86764 ,  0.322511,  0.317413, -0.427677, -0.356048, -0.382824, -0.560553, -0.563204, -0.579805, -0.633851,  0.335905,  0.328859, -0.575189]
energy_long: [0.15158 , 0.199139, 0.198129, 0.387105, 0.270491, 0.301122, 0.318334, 0.372769, 0.45862 , 0.386086, 0.200453, 0.199517, 0.286814]