step=1966455, graph_id=0, num_atoms=13
scalar_charges: [ 0.923526, -1.901225, -1.905939,  0.899626,  0.889049,  0.894287,  0.916789,  0.912566,  0.912811,  0.903726, -1.89361 , -1.895296,  0.92177 ]
spherical_charges_l0: [[ 0.366775],
 [-0.006295],
 [-0.005452],
 [-0.004997],
 [ 0.094947],
 [ 0.055753],
 [-0.013415],
 [ 0.028085],
 [ 0.040727],
 [-0.009461],
 [-0.006227],
 [-0.006806],
 [ 0.383468]]
spherical_charges_l1: [[ 2.152402e-03, -1.510195e+00, -9.167883e-01],
 [ 3.650988e-03, -2.018774e-02, -8.005306e-03],
 [-8.542091e-03, -1.085913e-02, -1.008190e-02],
 [ 4.226893e-02, -9.731912e-02,  2.147921e-02],
 [ 1.945586e-02, -8.639808e-03,  3.866393e-02],
 [ 1.108489e-02,  1.071520e-02,  9.321811e-03],
 [-9.007441e-03,  7.524363e-04, -2.135066e-02],
 [ 7.058182e-03, -1.323240e-02, -1.568257e-03],
 [-5.134189e-04,  7.220153e-03, -8.600576e-03],
 [-1.462206e-02,  7.497568e-02, -1.360883e-02],
 [-1.222207e-03,  1.946912e-02, -9.596114e-03],
 [-1.781629e-02,  9.439970e-03, -5.238542e-03],
 [-8.617068e-01,  1.174315e+00, -9.010489e-01]]
spherical_charges_l2: [[ 1.433724, -1.1007  ,  1.85666 ,  0.614894, -1.269399],
 [-0.061708,  0.027877, -0.045291,  0.01525 ,  0.022371],
 [-0.043621,  0.035857, -0.026326,  0.016164,  0.022222],
 [-0.0472  ,  0.073005,  0.006926,  0.010853,  0.056122],
 [ 0.178098,  0.147772, -0.069183, -0.086769,  0.119758],
 [ 0.178522,  0.116499,  0.003734, -0.162585,  0.073183],
 [ 0.185864,  0.03247 ,  0.006483,  0.060675,  0.112532],
 [ 0.050311,  0.178805, -0.115517,  0.151194,  0.022525],
 [ 0.113119,  0.205177, -0.024336,  0.016732,  0.095377],
 [-0.016808, -0.055326,  0.043913,  0.027719,  0.016107],
 [-0.044911, -0.062098,  0.026998,  0.003777,  0.032289],
 [-0.021942, -0.067015,  0.030351,  0.012643,  0.027207],
 [ 1.210039,  1.494403, -0.414085, -1.407684, -1.634457]]
energy_short: [-0.955755,  0.421067,  0.416283, -0.522562, -0.373657, -0.40805 , -0.612522, -0.5882  , -0.596753, -0.690168,  0.431869,  0.429123, -0.693195]
energy_long: [0.168114, 0.242814, 0.238874, 0.366709, 0.291094, 0.328836, 0.360541, 0.374265, 0.459119, 0.368062, 0.245616, 0.24345 , 0.286272]