step=3868830, graph_id=0, num_atoms=13
scalar_charges: [ 0.770283, -1.492437, -1.497511,  0.737202,  0.731005,  0.735238,  0.749978,  0.747656,  0.747529,  0.74446 , -1.478395, -1.482383,  0.756437]
spherical_charges_l0: [[ 0.261793],
 [-0.004031],
 [-0.003939],
 [-0.001085],
 [ 0.066656],
 [ 0.037873],
 [-0.012131],
 [ 0.018393],
 [ 0.027754],
 [-0.005185],
 [-0.004014],
 [-0.004472],
 [ 0.273632]]
spherical_charges_l1: [[ 1.190550e-03, -1.036815e+00, -6.362482e-01],
 [ 2.659113e-03, -1.313432e-02, -5.029535e-03],
 [-4.682918e-03, -7.521623e-03, -6.464508e-03],
 [ 2.864705e-02, -6.056635e-02,  1.674347e-02],
 [ 1.145760e-02, -6.221343e-03,  2.457818e-02],
 [ 6.415738e-03,  6.130052e-03,  3.971572e-03],
 [-5.909704e-03,  7.568309e-04, -1.373591e-02],
 [ 5.058110e-03, -8.855197e-03, -3.126869e-03],
 [-4.300001e-04,  4.243658e-03, -7.594783e-03],
 [-7.684230e-03,  4.755124e-02, -7.348525e-03],
 [-1.817614e-03,  1.153675e-02, -5.726764e-03],
 [-1.036963e-02,  6.460350e-03, -3.525515e-03],
 [-5.901514e-01,  8.047014e-01, -6.216657e-01]]
spherical_charges_l2: [[ 1.030651, -0.809909,  1.351759,  0.469874, -0.927041],
 [-0.047328,  0.023231, -0.034206,  0.012541,  0.017631],
 [-0.03626 ,  0.026758, -0.022786,  0.011974,  0.017558],
 [-0.023201,  0.052583,  0.009591,  0.0051  ,  0.040377],
 [ 0.12498 ,  0.10763 , -0.05805 , -0.056926,  0.082261],
 [ 0.12663 ,  0.078557,  0.001592, -0.125132,  0.049529],
 [ 0.136989,  0.026572,  0.004893,  0.044934,  0.084392],
 [ 0.034359,  0.128791, -0.084215,  0.111852,  0.012855],
 [ 0.081351,  0.148961, -0.016733,  0.007284,  0.06884 ],
 [-0.007759, -0.032364,  0.029156,  0.019955,  0.009911],
 [-0.031246, -0.050769,  0.022278,  0.005423,  0.025333],
 [-0.021566, -0.051456,  0.023045,  0.008896,  0.022881],
 [ 0.880788,  1.082522, -0.295342, -1.03911 , -1.194474]]
energy_short: [-1.044489,  0.498734,  0.490698, -0.608648, -0.434997, -0.475292, -0.687238, -0.656243, -0.662488, -0.751153,  0.51435 ,  0.509186, -0.814007]
energy_long: [0.18468 , 0.273404, 0.268535, 0.395211, 0.316865, 0.35321 , 0.40025 , 0.401571, 0.474749, 0.393931, 0.277276, 0.273823, 0.30496 ]