step=3604500, graph_id=0, num_atoms=13
scalar_charges: [ 0.762422, -1.484963, -1.490634,  0.729634,  0.723946,  0.727789,  0.741805,  0.739476,  0.739401,  0.736508, -1.471469, -1.475134,  0.747968]
spherical_charges_l0: [[ 0.260993],
 [-0.004115],
 [-0.004044],
 [-0.001033],
 [ 0.066943],
 [ 0.038358],
 [-0.012142],
 [ 0.018699],
 [ 0.028058],
 [-0.005081],
 [-0.00416 ],
 [-0.004607],
 [ 0.272449]]
spherical_charges_l1: [[ 7.477326e-04, -1.045643e+00, -6.409368e-01],
 [ 2.774748e-03, -1.324798e-02, -5.045162e-03],
 [-4.930208e-03, -7.469322e-03, -6.584205e-03],
 [ 2.874944e-02, -6.105154e-02,  1.649165e-02],
 [ 1.127895e-02, -6.362698e-03,  2.465515e-02],
 [ 6.299944e-03,  6.276850e-03,  3.993004e-03],
 [-5.988038e-03,  7.143753e-04, -1.400434e-02],
 [ 5.195568e-03, -8.864352e-03, -3.342603e-03],
 [-4.636084e-04,  4.113881e-03, -7.904459e-03],
 [-7.945094e-03,  4.790713e-02, -7.597473e-03],
 [-1.697122e-03,  1.166498e-02, -5.785587e-03],
 [-1.053207e-02,  6.424264e-03, -3.513377e-03],
 [-5.954980e-01,  8.116768e-01, -6.262280e-01]]
spherical_charges_l2: [[ 1.039783, -0.818337,  1.360734,  0.471101, -0.934717],
 [-0.047682,  0.022816, -0.034649,  0.012402,  0.017651],
 [-0.036049,  0.027168, -0.02248 ,  0.012245,  0.017609],
 [-0.023292,  0.053109,  0.009033,  0.004359,  0.041122],
 [ 0.126221,  0.108951, -0.058293, -0.057832,  0.083667],
 [ 0.128308,  0.07966 ,  0.001536, -0.125998,  0.050373],
 [ 0.138254,  0.026376,  0.005193,  0.045484,  0.085289],
 [ 0.035064,  0.130257, -0.084967,  0.112924,  0.013296],
 [ 0.082572,  0.150636, -0.017053,  0.007814,  0.069562],
 [-0.007867, -0.032441,  0.028975,  0.02098 ,  0.010595],
 [-0.032188, -0.050476,  0.022114,  0.004832,  0.025334],
 [-0.020659, -0.051766,  0.023244,  0.00909 ,  0.022548],
 [ 0.887531,  1.09343 , -0.299773, -1.044047, -1.202444]]
energy_short: [-1.048972,  0.49984 ,  0.491695, -0.612596, -0.440982, -0.480984, -0.692516, -0.661537, -0.667787, -0.755705,  0.514828,  0.510151, -0.815871]
energy_long: [0.185318, 0.27509 , 0.270661, 0.395046, 0.31806 , 0.355594, 0.402821, 0.401674, 0.475115, 0.39395 , 0.278758, 0.275669, 0.306463]