step=3151935, graph_id=0, num_atoms=13
scalar_charges: [ 0.754146, -1.47882 , -1.483308,  0.729683,  0.725776,  0.729182,  0.741834,  0.739548,  0.73948 ,  0.734255, -1.467611, -1.470544,  0.74438 ]
spherical_charges_l0: [[ 0.26347 ],
 [-0.004235],
 [-0.004131],
 [-0.000704],
 [ 0.069681],
 [ 0.040002],
 [-0.012252],
 [ 0.019587],
 [ 0.029274],
 [-0.004697],
 [-0.004349],
 [-0.004741],
 [ 0.274992]]
spherical_charges_l1: [[ 3.281134e-04, -1.077261e+00, -6.592260e-01],
 [ 3.620969e-03, -1.416801e-02, -5.084905e-03],
 [-6.005808e-03, -7.495024e-03, -7.119481e-03],
 [ 2.959023e-02, -6.324340e-02,  1.653067e-02],
 [ 1.136291e-02, -5.871214e-03,  2.571507e-02],
 [ 6.990717e-03,  5.513620e-03,  4.320168e-03],
 [-6.378229e-03,  7.014456e-04, -1.500756e-02],
 [ 5.088289e-03, -8.566755e-03, -3.363974e-03],
 [-2.413801e-04,  3.901915e-03, -7.896217e-03],
 [-8.169680e-03,  4.919653e-02, -7.863727e-03],
 [-9.718949e-04,  1.269056e-02, -6.263290e-03],
 [-1.178892e-02,  6.314915e-03, -3.501740e-03],
 [-6.141902e-01,  8.378375e-01, -6.455548e-01]]
spherical_charges_l2: [[ 1.071722e+00, -8.417707e-01,  1.395565e+00,  4.767863e-01, -9.607672e-01],
 [-4.933063e-02,  2.213546e-02, -3.605579e-02,  1.218060e-02,  1.767823e-02],
 [-3.624285e-02,  2.889290e-02, -2.228731e-02,  1.282359e-02,  1.809278e-02],
 [-2.577296e-02,  5.455178e-02,  7.953354e-03,  4.331299e-03,  4.311636e-02],
 [ 1.298010e-01,  1.130202e-01, -6.089661e-02, -6.085815e-02,  8.756978e-02],
 [ 1.323042e-01,  8.208317e-02,  5.825196e-04, -1.288177e-01,  5.179144e-02],
 [ 1.421371e-01,  2.586533e-02,  5.517865e-03,  4.682088e-02,  8.723226e-02],
 [ 3.632959e-02,  1.335008e-01, -8.692048e-02,  1.156425e-01,  1.319797e-02],
 [ 8.530535e-02,  1.543069e-01, -1.734860e-02,  7.772647e-03,  7.084697e-02],
 [-9.470144e-03, -3.500794e-02,  3.073394e-02,  2.185225e-02,  1.164568e-02],
 [-3.467606e-02, -5.085773e-02,  2.219309e-02,  3.955905e-03,  2.600090e-02],
 [-1.935469e-02, -5.343973e-02,  2.409432e-02,  9.843120e-03,  2.255148e-02],
 [ 9.139684e-01,  1.128424e+00, -3.112517e-01, -1.072393e+00, -1.238565e+00]]
energy_short: [-1.043989,  0.481527,  0.474119, -0.610712, -0.440548, -0.480441, -0.693308, -0.661488, -0.667237, -0.756986,  0.495441,  0.491297, -0.805379]
energy_long: [0.188255, 0.277763, 0.27364 , 0.398473, 0.321471, 0.357757, 0.40183 , 0.402062, 0.475785, 0.396876, 0.281128, 0.278546, 0.30948 ]