step=1469835, graph_id=0, num_atoms=13
scalar_charges: [ 1.151881, -2.174847, -2.181746,  1.128875,  1.111499,  1.118873,  1.147285,  1.141725,  1.142046,  1.135721, -2.172935, -2.172612,  1.147663]
spherical_charges_l0: [[ 0.572171],
 [-0.00942 ],
 [-0.007761],
 [-0.000982],
 [ 0.129752],
 [ 0.074878],
 [-0.026554],
 [ 0.033264],
 [ 0.051886],
 [-0.009527],
 [-0.010038],
 [-0.010503],
 [ 0.588778]]
spherical_charges_l1: [[-1.079685e-02, -2.122416e+00, -1.299932e+00],
 [ 3.043678e-03, -2.981209e-02, -1.321164e-02],
 [-1.116589e-02, -1.738138e-02, -1.498328e-02],
 [ 5.073286e-02, -1.201922e-01,  2.938243e-02],
 [ 3.158389e-02, -9.490946e-03,  6.013634e-02],
 [ 2.240476e-02,  1.556666e-02,  1.767220e-02],
 [-1.365048e-02,  4.412326e-04, -3.253345e-02],
 [ 7.592088e-03, -1.910548e-02,  3.394994e-03],
 [ 5.129856e-04,  1.355416e-02, -6.148660e-03],
 [-1.841488e-02,  9.306160e-02, -1.523302e-02],
 [-4.060901e-03,  3.024160e-02, -1.497895e-02],
 [-2.652149e-02,  1.643752e-02, -8.968625e-03],
 [-1.209982e+00,  1.652920e+00, -1.258433e+00]]
spherical_charges_l2: [[ 1.907039e+00, -1.486102e+00,  2.457528e+00,  8.135280e-01, -1.697013e+00],
 [-8.850511e-02,  4.285256e-02, -6.484533e-02,  2.274713e-02,  3.381320e-02],
 [-6.268589e-02,  5.318271e-02, -3.821112e-02,  2.364475e-02,  3.319517e-02],
 [-4.239724e-02,  9.727882e-02, -2.120726e-04, -5.930217e-03,  8.282191e-02],
 [ 2.363348e-01,  1.947822e-01, -9.277762e-02, -1.155083e-01,  1.591702e-01],
 [ 2.392815e-01,  1.531160e-01,  6.026799e-03, -2.182446e-01,  9.490491e-02],
 [ 2.528144e-01,  4.296224e-02,  9.303419e-03,  8.164223e-02,  1.499979e-01],
 [ 6.417434e-02,  2.350549e-01, -1.551085e-01,  2.014058e-01,  2.927373e-02],
 [ 1.478629e-01,  2.705317e-01, -2.961153e-02,  2.167350e-02,  1.259662e-01],
 [-1.580931e-02, -5.966995e-02,  4.763795e-02,  5.166850e-02,  3.058007e-02],
 [-6.777962e-02, -9.033763e-02,  3.920427e-02,  4.141890e-03,  4.717492e-02],
 [-3.075880e-02, -9.877935e-02,  4.482328e-02,  1.896583e-02,  3.948885e-02],
 [ 1.606905e+00,  2.005256e+00, -5.638310e-01, -1.859619e+00, -2.160769e+00]]
energy_short: [-0.874483,  0.424894,  0.419775, -0.480855, -0.364924, -0.396093, -0.591145, -0.576225, -0.58721 , -0.666322,  0.433677,  0.431546, -0.599781]
energy_long: [0.131161, 0.222275, 0.219187, 0.347066, 0.272638, 0.307451, 0.348701, 0.356043, 0.431283, 0.347532, 0.224373, 0.222886, 0.251353]