step=3139920, graph_id=0, num_atoms=13
scalar_charges: [ 0.771741, -1.51335 , -1.518709,  0.740533,  0.735975,  0.739457,  0.753698,  0.751384,  0.751484,  0.746486, -1.500491, -1.503842,  0.758146]
spherical_charges_l0: [[ 0.268306],
 [-0.004154],
 [-0.004153],
 [-0.000386],
 [ 0.067954],
 [ 0.038914],
 [-0.012224],
 [ 0.018902],
 [ 0.028307],
 [-0.004301],
 [-0.004334],
 [-0.004749],
 [ 0.279339]]
spherical_charges_l1: [[-6.671747e-04, -1.073339e+00, -6.563393e-01],
 [ 3.107965e-03, -1.353251e-02, -5.000708e-03],
 [-5.519431e-03, -7.157389e-03, -6.700117e-03],
 [ 2.970082e-02, -6.337284e-02,  1.695171e-02],
 [ 1.131157e-02, -7.007881e-03,  2.478680e-02],
 [ 5.947133e-03,  6.943131e-03,  3.919910e-03],
 [-6.374723e-03,  6.324397e-04, -1.494213e-02],
 [ 5.483749e-03, -9.295389e-03, -3.437955e-03],
 [-5.913535e-04,  4.430138e-03, -8.385208e-03],
 [-8.090525e-03,  4.932632e-02, -7.756238e-03],
 [-1.167449e-03,  1.203862e-02, -5.950334e-03],
 [-1.102442e-02,  6.130050e-03, -3.385337e-03],
 [-6.127990e-01,  8.346024e-01, -6.423719e-01]]
spherical_charges_l2: [[ 1.079388, -0.845931,  1.409231,  0.482859, -0.965773],
 [-0.047552,  0.022729, -0.034337,  0.012405,  0.017567],
 [-0.035673,  0.027025, -0.022202,  0.012433,  0.017318],
 [-0.023256,  0.054046,  0.00879 ,  0.002802,  0.042173],
 [ 0.127856,  0.11024 , -0.056829, -0.058251,  0.085714],
 [ 0.130178,  0.080001,  0.003266, -0.127441,  0.051487],
 [ 0.14155 ,  0.025213,  0.005219,  0.046155,  0.085862],
 [ 0.034791,  0.131159, -0.086653,  0.115205,  0.01365 ],
 [ 0.08302 ,  0.151789, -0.016667,  0.007752,  0.071554],
 [-0.008071, -0.032489,  0.028508,  0.023159,  0.011317],
 [-0.032308, -0.050237,  0.022018,  0.004437,  0.025037],
 [-0.020237, -0.051503,  0.023146,  0.009031,  0.022242],
 [ 0.918705,  1.133917, -0.3124  , -1.078722, -1.245991]]
energy_short: [-1.054269,  0.486057,  0.478729, -0.610222, -0.444104, -0.483665, -0.695732, -0.664886, -0.670895, -0.758003,  0.500719,  0.496369, -0.815771]
energy_long: [0.193767, 0.279126, 0.274907, 0.399571, 0.3232  , 0.358164, 0.407493, 0.406707, 0.47892 , 0.398387, 0.282338, 0.279661, 0.314384]