step=3111885, graph_id=0, num_atoms=13
scalar_charges: [ 0.766293, -1.496178, -1.501756,  0.736514,  0.731153,  0.734599,  0.749218,  0.746771,  0.746899,  0.742743, -1.48324 , -1.486593,  0.752665]
spherical_charges_l0: [[ 0.268512],
 [-0.00457 ],
 [-0.004403],
 [-0.000495],
 [ 0.069671],
 [ 0.039745],
 [-0.011738],
 [ 0.0195  ],
 [ 0.029159],
 [-0.004619],
 [-0.004523],
 [-0.004941],
 [ 0.280978]]
spherical_charges_l1: [[-2.973606e-03, -1.071385e+00, -6.591467e-01],
 [ 4.126944e-03, -1.477307e-02, -5.061967e-03],
 [-6.465005e-03, -7.462273e-03, -7.300335e-03],
 [ 2.996512e-02, -6.305858e-02,  1.748440e-02],
 [ 1.312738e-02, -6.761618e-03,  2.738431e-02],
 [ 7.375019e-03,  6.980145e-03,  5.117979e-03],
 [-6.099251e-03,  7.423940e-04, -1.432548e-02],
 [ 5.196302e-03, -9.223131e-03, -2.659175e-03],
 [-3.294664e-04,  4.871403e-03, -7.137930e-03],
 [-7.594113e-03,  4.898024e-02, -7.235664e-03],
 [-7.447056e-04,  1.293970e-02, -6.377705e-03],
 [-1.212822e-02,  6.224360e-03, -3.468575e-03],
 [-6.117395e-01,  8.329743e-01, -6.399614e-01]]
spherical_charges_l2: [[ 1.084682, -0.850001,  1.40103 ,  0.469004, -0.963935],
 [-0.050061,  0.023332, -0.036213,  0.012935,  0.018035],
 [-0.036671,  0.02871 , -0.022627,  0.012768,  0.018215],
 [-0.023996,  0.056722,  0.007167,  0.00202 ,  0.043584],
 [ 0.127377,  0.110585, -0.058496, -0.059548,  0.085697],
 [ 0.129775,  0.079962,  0.002221, -0.126601,  0.051138],
 [ 0.13927 ,  0.025938,  0.005411,  0.046019,  0.085901],
 [ 0.035108,  0.130522, -0.085801,  0.113764,  0.013167],
 [ 0.083108,  0.151113, -0.016929,  0.007524,  0.069879],
 [-0.008139, -0.033635,  0.028768,  0.025395,  0.012642],
 [-0.034596, -0.051283,  0.022393,  0.004142,  0.026143],
 [-0.019899, -0.053761,  0.024219,  0.009792,  0.022835],
 [ 0.918645,  1.139648, -0.317246, -1.06823 , -1.241282]]
energy_short: [-1.040244,  0.483939,  0.476456, -0.601115, -0.431928, -0.471461, -0.684851, -0.652495, -0.658591, -0.747586,  0.497748,  0.493628, -0.803687]
energy_long: [0.190349, 0.278055, 0.273991, 0.399531, 0.323341, 0.356915, 0.406346, 0.403991, 0.479144, 0.398501, 0.281609, 0.278973, 0.317478]