step=3612510, graph_id=0, num_atoms=13
scalar_charges: [ 0.768488, -1.493749, -1.499291,  0.732536,  0.726061,  0.730081,  0.745188,  0.742676,  0.742631,  0.740285, -1.479879, -1.483619,  0.751795]
spherical_charges_l0: [[ 0.256522],
 [-0.004077],
 [-0.003983],
 [-0.001283],
 [ 0.066529],
 [ 0.037981],
 [-0.012092],
 [ 0.018472],
 [ 0.027776],
 [-0.005304],
 [-0.004121],
 [-0.004544],
 [ 0.268306]]
spherical_charges_l1: [[ 2.152991e-03, -1.035012e+00, -6.355967e-01],
 [ 2.696849e-03, -1.301711e-02, -4.955828e-03],
 [-4.886928e-03, -7.300492e-03, -6.449233e-03],
 [ 2.861474e-02, -6.072590e-02,  1.666712e-02],
 [ 1.131641e-02, -6.447561e-03,  2.450944e-02],
 [ 6.238951e-03,  6.375870e-03,  3.875420e-03],
 [-6.050034e-03,  6.096395e-04, -1.430864e-02],
 [ 5.130779e-03, -8.938396e-03, -3.214535e-03],
 [-4.064731e-04,  4.206509e-03, -7.792753e-03],
 [-7.787190e-03,  4.771186e-02, -7.371013e-03],
 [-1.578431e-03,  1.141433e-02, -5.658358e-03],
 [-1.033867e-02,  6.237402e-03, -3.414897e-03],
 [-5.896946e-01,  8.036224e-01, -6.219495e-01]]
spherical_charges_l2: [[ 1.028243, -0.810014,  1.349103,  0.469925, -0.926775],
 [-0.04689 ,  0.022368, -0.033943,  0.012279,  0.017202],
 [-0.035363,  0.026796, -0.022094,  0.011924,  0.017376],
 [-0.023939,  0.053169,  0.008374,  0.004469,  0.04138 ],
 [ 0.12628 ,  0.109567, -0.058231, -0.057216,  0.083856],
 [ 0.128631,  0.078949,  0.001758, -0.126468,  0.050206],
 [ 0.137566,  0.026296,  0.004981,  0.045028,  0.084529],
 [ 0.035198,  0.12985 , -0.084977,  0.113205,  0.01293 ],
 [ 0.082773,  0.150671, -0.016863,  0.007554,  0.06984 ],
 [-0.008178, -0.033035,  0.029219,  0.02115 ,  0.011058],
 [-0.031393, -0.049549,  0.021709,  0.004921,  0.02491 ],
 [-0.020358, -0.050789,  0.022795,  0.008981,  0.02223 ],
 [ 0.879723,  1.081261, -0.295344, -1.038897, -1.194765]]
energy_short: [-1.049139,  0.499233,  0.491251, -0.610741, -0.44055 , -0.480651, -0.692603, -0.661586, -0.667856, -0.754899,  0.514137,  0.509469, -0.816438]
energy_long: [0.184504, 0.275293, 0.270606, 0.39733 , 0.318485, 0.35518 , 0.402907, 0.403018, 0.476057, 0.396071, 0.279031, 0.275813, 0.306858]