step=3704625, graph_id=0, num_atoms=13
scalar_charges: [ 0.765191, -1.490941, -1.496356,  0.733337,  0.727678,  0.731687,  0.745589,  0.74332 ,  0.743155,  0.739944, -1.477355, -1.481121,  0.751819]
spherical_charges_l0: [[ 0.259031],
 [-0.004073],
 [-0.004029],
 [-0.001093],
 [ 0.066949],
 [ 0.038073],
 [-0.012072],
 [ 0.018531],
 [ 0.027962],
 [-0.005176],
 [-0.004191],
 [-0.00461 ],
 [ 0.271174]]
spherical_charges_l1: [[ 1.775061e-03, -1.034944e+00, -6.350377e-01],
 [ 2.818003e-03, -1.307784e-02, -4.912697e-03],
 [-4.867458e-03, -7.248810e-03, -6.425031e-03],
 [ 2.868466e-02, -6.065972e-02,  1.661876e-02],
 [ 1.097346e-02, -6.191795e-03,  2.446404e-02],
 [ 6.288950e-03,  6.116737e-03,  3.876083e-03],
 [-6.019718e-03,  6.297642e-04, -1.412887e-02],
 [ 5.196682e-03, -8.887696e-03, -3.298943e-03],
 [-4.601960e-04,  4.162901e-03, -7.948648e-03],
 [-7.762627e-03,  4.762633e-02, -7.411316e-03],
 [-1.592715e-03,  1.147972e-02, -5.691077e-03],
 [-1.038808e-02,  6.268227e-03, -3.431824e-03],
 [-5.905157e-01,  8.045883e-01, -6.216716e-01]]
spherical_charges_l2: [[ 1.021749, -0.806956,  1.348873,  0.475098, -0.927016],
 [-0.046464,  0.022559, -0.033782,  0.012115,  0.017329],
 [-0.035393,  0.026327, -0.022321,  0.011694,  0.017307],
 [-0.023636,  0.053256,  0.008944,  0.005162,  0.041218],
 [ 0.125549,  0.108439, -0.058096, -0.057533,  0.083094],
 [ 0.127452,  0.079168,  0.001473, -0.125605,  0.049704],
 [ 0.137658,  0.026654,  0.005054,  0.045223,  0.084933],
 [ 0.034788,  0.12961 , -0.084784,  0.112386,  0.013046],
 [ 0.082123,  0.150091, -0.016803,  0.007547,  0.069293],
 [-0.007798, -0.032777,  0.029266,  0.020542,  0.010513],
 [-0.031105, -0.049563,  0.021717,  0.005179,  0.024976],
 [-0.020711, -0.050482,  0.022623,  0.008965,  0.022403],
 [ 0.877175,  1.076411, -0.292515, -1.042594, -1.195554]]
energy_short: [-1.044871,  0.496827,  0.488833, -0.60939 , -0.436575, -0.476893, -0.688238, -0.657629, -0.66374 , -0.752143,  0.511588,  0.506864, -0.812286]
energy_long: [0.18542 , 0.274184, 0.269532, 0.395861, 0.319404, 0.353288, 0.400632, 0.401735, 0.475135, 0.394475, 0.278113, 0.27485 , 0.304726]