step=1301625, graph_id=0, num_atoms=13
scalar_charges: [ 1.301247, -2.489747, -2.501799,  1.255729,  1.234424,  1.242627,  1.277932,  1.272203,  1.27323 ,  1.271321, -2.489666, -2.488932,  1.280766]
spherical_charges_l0: [[ 0.651425],
 [-0.015558],
 [-0.013012],
 [-0.001111],
 [ 0.151629],
 [ 0.084558],
 [-0.031404],
 [ 0.036322],
 [ 0.060108],
 [-0.011756],
 [-0.014801],
 [-0.015845],
 [ 0.670585]]
spherical_charges_l1: [[ 1.752310e-02, -2.416707e+00, -1.489111e+00],
 [ 4.336176e-03, -3.827389e-02, -1.656315e-02],
 [-1.464676e-02, -2.155246e-02, -1.891370e-02],
 [ 6.173458e-02, -1.431455e-01,  3.860464e-02],
 [ 2.140045e-02, -1.101162e-02,  5.819687e-02],
 [ 1.948918e-02,  1.547642e-02,  1.560047e-02],
 [-1.651779e-02, -2.024161e-03, -4.242590e-02],
 [ 1.066082e-02, -2.007066e-02, -1.724239e-03],
 [ 3.448082e-04,  1.000183e-02, -1.501657e-02],
 [-2.147690e-02,  1.114700e-01, -1.461176e-02],
 [-6.006957e-03,  3.842681e-02, -1.906290e-02],
 [-3.291524e-02,  2.142515e-02, -1.163396e-02],
 [-1.379608e+00,  1.896739e+00, -1.451099e+00]]
spherical_charges_l2: [[ 2.161318e+00, -1.665491e+00,  2.786267e+00,  9.232782e-01, -1.910330e+00],
 [-1.111564e-01,  5.103525e-02, -8.141306e-02,  2.807858e-02,  4.103374e-02],
 [-7.867386e-02,  6.872105e-02, -4.748554e-02,  3.037305e-02,  4.240022e-02],
 [-5.359699e-02,  1.051617e-01, -9.302540e-04, -4.893260e-03,  8.607326e-02],
 [ 2.559396e-01,  2.211029e-01, -1.076345e-01, -1.271655e-01,  1.859106e-01],
 [ 2.698610e-01,  1.713933e-01,  8.327472e-03, -2.571142e-01,  9.885193e-02],
 [ 2.873915e-01,  4.611392e-02,  1.104476e-02,  9.403795e-02,  1.734659e-01],
 [ 6.792005e-02,  2.667291e-01, -1.842037e-01,  2.327801e-01,  2.472501e-02],
 [ 1.674301e-01,  3.120518e-01, -2.766595e-02,  1.486013e-02,  1.436357e-01],
 [-2.036586e-02, -6.832328e-02,  5.215514e-02,  5.840620e-02,  3.177075e-02],
 [-8.929015e-02, -1.127400e-01,  4.866008e-02,  4.330719e-03,  6.083526e-02],
 [-3.560015e-02, -1.250190e-01,  5.688604e-02,  2.505018e-02,  4.898948e-02],
 [ 1.825130e+00,  2.272956e+00, -6.440402e-01, -2.083142e+00, -2.441687e+00]]
energy_short: [-0.866861,  0.425935,  0.419224, -0.461303, -0.356167, -0.384923, -0.577434, -0.563498, -0.575734, -0.651266,  0.433696,  0.43156 , -0.581725]
energy_long: [0.116862, 0.206312, 0.20387 , 0.33849 , 0.257974, 0.291289, 0.314965, 0.343495, 0.407379, 0.338084, 0.209305, 0.207511, 0.240583]