step=3852810, graph_id=0, num_atoms=13
scalar_charges: [ 0.77125 , -1.495112, -1.500129,  0.738972,  0.732821,  0.737073,  0.751649,  0.749341,  0.74918 ,  0.7461  , -1.48108 , -1.485031,  0.757716]
spherical_charges_l0: [[ 0.25888 ],
 [-0.003997],
 [-0.003936],
 [-0.001168],
 [ 0.066625],
 [ 0.037896],
 [-0.012001],
 [ 0.01846 ],
 [ 0.027809],
 [-0.005241],
 [-0.003985],
 [-0.004447],
 [ 0.270829]]
spherical_charges_l1: [[ 1.224931e-03, -1.035123e+00, -6.344598e-01],
 [ 2.631051e-03, -1.308899e-02, -5.013439e-03],
 [-4.697158e-03, -7.455886e-03, -6.439953e-03],
 [ 2.861844e-02, -6.063154e-02,  1.676081e-02],
 [ 1.154521e-02, -6.235689e-03,  2.468589e-02],
 [ 6.465571e-03,  6.113602e-03,  4.007669e-03],
 [-5.910187e-03,  8.002423e-04, -1.371161e-02],
 [ 5.041931e-03, -8.840200e-03, -3.093093e-03],
 [-4.195825e-04,  4.252478e-03, -7.560074e-03],
 [-7.743304e-03,  4.760206e-02, -7.389328e-03],
 [-1.877338e-03,  1.153148e-02, -5.726297e-03],
 [-1.033287e-02,  6.470264e-03, -3.529202e-03],
 [-5.890766e-01,  8.028597e-01, -6.201430e-01]]
spherical_charges_l2: [[ 1.028563, -0.809653,  1.35024 ,  0.46972 , -0.926971],
 [-0.047294,  0.023604, -0.034136,  0.01263 ,  0.017834],
 [-0.036482,  0.026556, -0.023004,  0.011997,  0.017545],
 [-0.023272,  0.05282 ,  0.009726,  0.005221,  0.040349],
 [ 0.125295,  0.107718, -0.057625, -0.057101,  0.082278],
 [ 0.126562,  0.078617,  0.001508, -0.124812,  0.049713],
 [ 0.136682,  0.026489,  0.004876,  0.044869,  0.084196],
 [ 0.03447 ,  0.128726, -0.084001,  0.111664,  0.012931],
 [ 0.08145 ,  0.14889 , -0.016877,  0.007526,  0.068836],
 [-0.007771, -0.03268 ,  0.029347,  0.019948,  0.009778],
 [-0.03122 , -0.051024,  0.022397,  0.005536,  0.025432],
 [-0.021844, -0.05154 ,  0.023071,  0.008854,  0.023008],
 [ 0.879272,  1.081052, -0.294808, -1.039033, -1.193959]]
energy_short: [-1.040351,  0.498604,  0.490653, -0.609276, -0.435087, -0.475307, -0.686916, -0.656015, -0.662105, -0.751727,  0.514459,  0.509262, -0.809799]
energy_long: [0.184211, 0.273434, 0.268676, 0.395496, 0.317065, 0.353115, 0.401527, 0.402018, 0.475801, 0.394315, 0.27736 , 0.273944, 0.305318]