step=1754190, graph_id=0, num_atoms=13
scalar_charges: [ 1.004297, -1.977724, -1.982621,  0.976698,  0.960947,  0.967226,  0.994238,  0.988518,  0.98874 ,  0.982525, -1.968341, -1.970704,  0.998024]
spherical_charges_l0: [[ 0.430976],
 [-0.007253],
 [-0.006295],
 [-0.001593],
 [ 0.107782],
 [ 0.062026],
 [-0.018127],
 [ 0.029516],
 [ 0.044098],
 [-0.008343],
 [-0.00648 ],
 [-0.007199],
 [ 0.447086]]
spherical_charges_l1: [[ 5.201573e-04, -1.653069e+00, -1.026144e+00],
 [ 4.004393e-03, -2.182985e-02, -8.679544e-03],
 [-8.762445e-03, -1.101076e-02, -1.045744e-02],
 [ 4.762533e-02, -1.012092e-01,  2.749643e-02],
 [ 1.941556e-02, -9.267169e-03,  4.181214e-02],
 [ 1.427068e-02,  8.493568e-03,  8.580668e-03],
 [-1.163037e-02,  3.451933e-04, -2.734650e-02],
 [ 5.835982e-03, -1.276252e-02, -2.689304e-03],
 [ 1.048956e-03,  6.121608e-03, -1.051160e-02],
 [-1.310169e-02,  7.848054e-02, -1.240539e-02],
 [-2.109670e-03,  2.077462e-02, -1.026903e-02],
 [-1.865653e-02,  1.048920e-02, -5.784233e-03],
 [-9.426876e-01,  1.286228e+00, -9.957293e-01]]
spherical_charges_l2: [[ 1.551435, -1.220311,  2.018985,  0.698066, -1.393402],
 [-0.063897,  0.033354, -0.046002,  0.017265,  0.02517 ],
 [-0.047676,  0.03398 , -0.029965,  0.016641,  0.022658],
 [-0.041524,  0.077358,  0.004188, -0.003118,  0.065467],
 [ 0.190081,  0.161024, -0.078053, -0.092587,  0.131488],
 [ 0.19735 ,  0.125655,  0.004638, -0.184368,  0.074798],
 [ 0.208163,  0.034584,  0.010485,  0.069714,  0.130181],
 [ 0.053333,  0.195822, -0.132868,  0.167791,  0.021359],
 [ 0.123013,  0.226653, -0.022151,  0.015004,  0.104773],
 [-0.015131, -0.050326,  0.040265,  0.040969,  0.020319],
 [-0.04358 , -0.066562,  0.029072,  0.006549,  0.03422 ],
 [-0.026615, -0.069021,  0.031019,  0.012629,  0.029985],
 [ 1.319473,  1.629427, -0.446532, -1.553029, -1.779204]]
energy_short: [-0.95904 ,  0.434891,  0.430067, -0.524522, -0.390526, -0.423268, -0.620536, -0.601655, -0.61163 , -0.701869,  0.448538,  0.444615, -0.688716]
energy_long: [0.165897, 0.240677, 0.237214, 0.36414 , 0.288458, 0.319991, 0.370396, 0.371521, 0.445821, 0.364171, 0.243993, 0.241836, 0.275571]