step=1606005, graph_id=0, num_atoms=13
scalar_charges: [ 1.004801, -2.02122 , -2.027681,  0.98468 ,  0.969663,  0.976107,  1.001139,  0.995536,  0.995463,  0.988757, -2.013163, -2.014858,  1.002162]
spherical_charges_l0: [[ 0.49765 ],
 [-0.008235],
 [-0.007241],
 [-0.000698],
 [ 0.114495],
 [ 0.067859],
 [-0.018655],
 [ 0.032443],
 [ 0.048375],
 [-0.008095],
 [-0.008557],
 [-0.009078],
 [ 0.512138]]
spherical_charges_l1: [[-2.633058e-03, -1.819524e+00, -1.133711e+00],
 [ 3.802423e-03, -2.434813e-02, -1.019187e-02],
 [-9.726562e-03, -1.290272e-02, -1.197736e-02],
 [ 5.146842e-02, -1.111881e-01,  3.227669e-02],
 [ 2.521672e-02, -1.061874e-02,  4.750546e-02],
 [ 1.615250e-02,  1.450039e-02,  1.352316e-02],
 [-1.302393e-02, -2.774200e-05, -3.090174e-02],
 [ 7.580610e-03, -1.761005e-02,  1.777169e-03],
 [-2.483841e-04,  1.133400e-02, -8.077119e-03],
 [-1.577234e-02,  8.815297e-02, -1.248937e-02],
 [-2.311607e-03,  2.437239e-02, -1.204068e-02],
 [-2.169077e-02,  1.231174e-02, -6.781260e-03],
 [-1.036505e+00,  1.413312e+00, -1.091519e+00]]
spherical_charges_l2: [[ 1.651144e+00, -1.309126e+00,  2.153551e+00,  7.546250e-01, -1.485031e+00],
 [-7.222630e-02,  3.740255e-02, -5.135460e-02,  2.026677e-02,  2.798322e-02],
 [-5.387189e-02,  4.071881e-02, -3.299974e-02,  1.996684e-02,  2.619933e-02],
 [-4.221128e-02,  8.986920e-02, -3.483322e-04, -6.237551e-03,  7.687611e-02],
 [ 1.982195e-01,  1.662136e-01, -7.215375e-02, -9.618033e-02,  1.382018e-01],
 [ 2.051166e-01,  1.302180e-01,  9.241740e-03, -1.872542e-01,  8.046650e-02],
 [ 2.124206e-01,  3.930212e-02,  9.308529e-03,  6.936736e-02,  1.309778e-01],
 [ 5.560048e-02,  2.004058e-01, -1.350441e-01,  1.722676e-01,  2.419015e-02],
 [ 1.261623e-01,  2.319701e-01, -2.395646e-02,  1.844849e-02,  1.091413e-01],
 [-1.450721e-02, -5.416612e-02,  4.330976e-02,  4.923865e-02,  2.839889e-02],
 [-5.031401e-02, -7.523587e-02,  3.295976e-02,  4.981248e-03,  3.712484e-02],
 [-2.914409e-02, -7.901616e-02,  3.568559e-02,  1.321223e-02,  3.245503e-02],
 [ 1.398105e+00,  1.721382e+00, -4.666382e-01, -1.664988e+00, -1.896197e+00]]
energy_short: [-0.911614,  0.42944 ,  0.424589, -0.504527, -0.370957, -0.404814, -0.603776, -0.586235, -0.596913, -0.68598 ,  0.440808,  0.437671, -0.641298]
energy_long: [0.154696, 0.228793, 0.225802, 0.355197, 0.275564, 0.317394, 0.352326, 0.361789, 0.424919, 0.355534, 0.232319, 0.230282, 0.270023]