step=973215, graph_id=0, num_atoms=13
scalar_charges: [ 1.718203, -3.180959, -3.194738,  1.670702,  1.652964,  1.659854,  1.694294,  1.690325,  1.691784,  1.692898, -3.178073, -3.181486,  1.695714]
spherical_charges_l0: [[ 1.024108],
 [-0.014413],
 [-0.01406 ],
 [ 0.013674],
 [ 0.204047],
 [ 0.117085],
 [-0.047178],
 [ 0.047768],
 [ 0.07465 ],
 [-0.010159],
 [-0.012974],
 [-0.014443],
 [ 1.057562]]
spherical_charges_l1: [[-7.431015e-03, -3.659824e+00, -2.204884e+00],
 [ 3.723724e-03, -3.895582e-02, -1.763065e-02],
 [-1.462758e-02, -2.210109e-02, -1.981031e-02],
 [ 9.148515e-02, -2.092982e-01,  5.563292e-02],
 [ 5.066398e-02, -1.145464e-02,  1.016301e-01],
 [ 3.758378e-02,  1.675767e-02,  2.666905e-02],
 [-2.553663e-02, -3.655024e-03, -6.418464e-02],
 [ 1.220628e-02, -2.655967e-02, -1.048335e-03],
 [ 2.050485e-03,  1.604882e-02, -1.517059e-02],
 [-3.015804e-02,  1.628457e-01, -2.265958e-02],
 [-1.044713e-02,  3.773371e-02, -1.888334e-02],
 [-3.069367e-02,  2.465311e-02, -1.315069e-02],
 [-2.102907e+00,  2.880269e+00, -2.182029e+00]]
spherical_charges_l2: [[ 2.777349, -2.187843,  3.63078 ,  1.245709, -2.494557],
 [-0.100048,  0.060195, -0.072864,  0.028787,  0.044363],
 [-0.082643,  0.051847, -0.055329,  0.025539,  0.039469],
 [-0.066423,  0.14863 , -0.007521, -0.015298,  0.120937],
 [ 0.332006,  0.271478, -0.106972, -0.163456,  0.232886],
 [ 0.348896,  0.228484,  0.020021, -0.307075,  0.138918],
 [ 0.367452,  0.06338 ,  0.015014,  0.120419,  0.220494],
 [ 0.091872,  0.339953, -0.23089 ,  0.290779,  0.048735],
 [ 0.207436,  0.388548, -0.036059,  0.035829,  0.188178],
 [-0.024876, -0.094999,  0.066201,  0.083994,  0.044893],
 [-0.072821, -0.11273 ,  0.049444,  0.008875,  0.055437],
 [-0.046297, -0.114155,  0.051267,  0.019556,  0.04971 ],
 [ 2.363419,  2.948925, -0.828573, -2.735918, -3.183196]]
energy_short: [-0.814423,  0.364508,  0.358351, -0.378107, -0.286535, -0.314703, -0.508213, -0.495736, -0.508424, -0.579742,  0.373008,  0.369716, -0.518971]
energy_long: [0.104731, 0.190124, 0.187963, 0.318239, 0.234   , 0.274145, 0.291694, 0.323316, 0.386619, 0.316106, 0.19201 , 0.190663, 0.224915]