step=2851560, graph_id=0, num_atoms=13
scalar_charges: [ 0.770682, -1.525739, -1.53038 ,  0.74595 ,  0.743092,  0.746282,  0.758584,  0.757014,  0.757051,  0.750112, -1.515149, -1.517956,  0.762904]
spherical_charges_l0: [[ 0.280932],
 [-0.004477],
 [-0.004308],
 [-0.000853],
 [ 0.068751],
 [ 0.039341],
 [-0.013202],
 [ 0.018551],
 [ 0.028229],
 [-0.004989],
 [-0.004702],
 [-0.005077],
 [ 0.293143]]
spherical_charges_l1: [[-2.500363e-03, -1.144846e+00, -7.084373e-01],
 [ 3.813697e-03, -1.486234e-02, -5.278267e-03],
 [-6.584980e-03, -7.729202e-03, -7.494949e-03],
 [ 3.128722e-02, -6.674400e-02,  1.774843e-02],
 [ 1.205227e-02, -5.985190e-03,  2.660253e-02],
 [ 6.940007e-03,  6.208017e-03,  4.522657e-03],
 [-6.704151e-03,  6.887515e-04, -1.562084e-02],
 [ 5.719727e-03, -9.366228e-03, -3.575986e-03],
 [-4.225226e-04,  4.178079e-03, -8.439302e-03],
 [-8.295114e-03,  5.160068e-02, -7.924904e-03],
 [-5.800502e-04,  1.364953e-02, -6.719981e-03],
 [-1.275190e-02,  6.414443e-03, -3.582739e-03],
 [-6.539847e-01,  8.898814e-01, -6.870811e-01]]
spherical_charges_l2: [[ 1.138541, -0.901696,  1.495841,  0.519807, -1.030964],
 [-0.051098,  0.02412 , -0.037118,  0.013042,  0.018898],
 [-0.037433,  0.029765, -0.023232,  0.013296,  0.018809],
 [-0.029626,  0.058943,  0.006557,  0.005804,  0.046123],
 [ 0.130732,  0.114271, -0.058229, -0.059035,  0.08907 ],
 [ 0.136508,  0.08265 ,  0.004097, -0.134677,  0.052909],
 [ 0.148359,  0.025264,  0.00555 ,  0.048343,  0.089525],
 [ 0.035557,  0.136898, -0.091402,  0.12119 ,  0.01342 ],
 [ 0.086502,  0.158559, -0.016657,  0.006714,  0.074907],
 [-0.010271, -0.038701,  0.032591,  0.023958,  0.013947],
 [-0.037264, -0.053546,  0.023355,  0.00361 ,  0.027314],
 [-0.019864, -0.056455,  0.025493,  0.010392,  0.023485],
 [ 0.971599,  1.193628, -0.323667, -1.154182, -1.322429]]
energy_short: [-1.048981,  0.47043 ,  0.463604, -0.597883, -0.425061, -0.465599, -0.680534, -0.648051, -0.653791, -0.746663,  0.484073,  0.480211, -0.806539]
energy_long: [0.187098, 0.272645, 0.268672, 0.394407, 0.321326, 0.357257, 0.401128, 0.401601, 0.471339, 0.393541, 0.275856, 0.273556, 0.30649 ]