step=3400245, graph_id=0, num_atoms=13
scalar_charges: [0., 0., 0., 0., 0., 0., 0., 0., 0., 0., 0., 0., 0.]
spherical_charges_l0: [[0.],
 [0.],
 [0.],
 [0.],
 [0.],
 [0.],
 [0.],
 [0.],
 [0.],
 [0.],
 [0.],
 [0.],
 [0.]]
spherical_charges_l1: [[0., 0., 0.],
 [0., 0., 0.],
 [0., 0., 0.],
 [0., 0., 0.],
 [0., 0., 0.],
 [0., 0., 0.],
 [0., 0., 0.],
 [0., 0., 0.],
 [0., 0., 0.],
 [0., 0., 0.],
 [0., 0., 0.],
 [0., 0., 0.],
 [0., 0., 0.]]
spherical_charges_l2: [[0., 0., 0., 0., 0.],
 [0., 0., 0., 0., 0.],
 [0., 0., 0., 0., 0.],
 [0., 0., 0., 0., 0.],
 [0., 0., 0., 0., 0.],
 [0., 0., 0., 0., 0.],
 [0., 0., 0., 0., 0.],
 [0., 0., 0., 0., 0.],
 [0., 0., 0., 0., 0.],
 [0., 0., 0., 0., 0.],
 [0., 0., 0., 0., 0.],
 [0., 0., 0., 0., 0.],
 [0., 0., 0., 0., 0.]]
energy_short: [-0.116621, -0.448961, -0.461014,  0.246029,  0.418618,  0.402782,  0.247814,  0.253137,  0.244729,  0.138012, -0.438073, -0.446973,  0.204097]
energy_long: [0., 0., 0., 0., 0., 0., 0., 0., 0., 0., 0., 0., 0.]