step=324405, graph_id=0, num_atoms=13
scalar_charges: [0., 0., 0., 0., 0., 0., 0., 0., 0., 0., 0., 0., 0.]
spherical_charges_l0: [[0.],
 [0.],
 [0.],
 [0.],
 [0.],
 [0.],
 [0.],
 [0.],
 [0.],
 [0.],
 [0.],
 [0.],
 [0.]]
spherical_charges_l1: [[0., 0., 0.],
 [0., 0., 0.],
 [0., 0., 0.],
 [0., 0., 0.],
 [0., 0., 0.],
 [0., 0., 0.],
 [0., 0., 0.],
 [0., 0., 0.],
 [0., 0., 0.],
 [0., 0., 0.],
 [0., 0., 0.],
 [0., 0., 0.],
 [0., 0., 0.]]
spherical_charges_l2: [[0., 0., 0., 0., 0.],
 [0., 0., 0., 0., 0.],
 [0., 0., 0., 0., 0.],
 [0., 0., 0., 0., 0.],
 [0., 0., 0., 0., 0.],
 [0., 0., 0., 0., 0.],
 [0., 0., 0., 0., 0.],
 [0., 0., 0., 0., 0.],
 [0., 0., 0., 0., 0.],
 [0., 0., 0., 0., 0.],
 [0., 0., 0., 0., 0.],
 [0., 0., 0., 0., 0.],
 [0., 0., 0., 0., 0.]]
energy_short: [ 0.033888, -0.566495, -0.582665,  0.413049,  0.353552,  0.365515,  0.210449,  0.200479,  0.191265,  0.191948, -0.551254, -0.568143,  0.407757]
energy_long: [0., 0., 0., 0., 0., 0., 0., 0., 0., 0., 0., 0., 0.]