step=1806255, graph_id=0, num_atoms=13
scalar_charges: [ 1.009376, -1.215611, -1.213182,  0.787743,  0.744115,  0.759899,  0.85398 ,  0.831436,  0.831659,  0.854121, -1.223104, -1.21851 ,  0.889885]
spherical_charges_l0: [[-1.398499e+00],
 [-2.518992e-02],
 [-1.538696e-02],
 [-6.218274e-02],
 [-3.643538e-02],
 [-3.207545e-02],
 [-1.408962e-02],
 [-1.499952e-02],
 [-4.926590e-04],
 [-2.669191e-02],
 [-2.467467e-02],
 [-2.475148e-02],
 [-1.424784e+00]]
spherical_charges_l1: [[-2.117282e-02, -2.660220e+00, -1.527284e+00],
 [-1.095967e-02, -9.059961e-03, -9.597969e-03],
 [ 4.140097e-03, -8.545977e-03, -1.859866e-03],
 [ 1.310201e-01, -3.573482e-01, -2.226041e-02],
 [ 1.057498e-01, -1.375998e-02,  1.134167e-01],
 [ 7.451351e-02,  4.545035e-02,  8.907732e-02],
 [-6.918130e-03,  5.328436e-03, -1.214129e-02],
 [-1.878363e-02, -1.443996e-02,  7.646319e-02],
 [ 6.650743e-03,  4.839141e-02,  7.275891e-02],
 [-1.068869e-01,  3.028057e-01, -1.069122e-01],
 [-8.890443e-03,  7.394233e-04, -6.704214e-04],
 [ 2.124290e-03,  1.069087e-02, -5.174985e-03],
 [-1.477417e+00,  2.067826e+00, -1.473434e+00]]
spherical_charges_l2: [[ 1.463099e+00, -1.378109e+00,  2.279171e+00,  1.110703e+00, -1.614730e+00],
 [-8.130335e-02,  2.417288e-02, -6.699292e-02,  1.568904e-02,  2.671384e-02],
 [-5.034049e-02,  5.747453e-02, -2.458943e-02,  2.297021e-02,  3.204076e-02],
 [-7.162435e-02,  9.055027e-02,  5.785581e-04,  1.833824e-02,  6.935754e-02],
 [ 2.509576e-01,  2.401861e-01, -1.115429e-01, -4.906442e-02,  1.952741e-01],
 [ 3.256545e-01,  1.940125e-01,  4.931460e-02, -3.649379e-01,  1.111086e-01],
 [ 3.694574e-01,  3.244998e-02, -3.906172e-03,  1.021023e-01,  1.675742e-01],
 [ 4.524087e-02,  3.178084e-01, -2.490371e-01,  3.248684e-01,  1.879690e-02],
 [ 1.636419e-01,  3.771395e-01, -1.450662e-02, -1.995103e-02,  2.067521e-01],
 [-1.594333e-02, -6.882570e-02,  5.957915e-02,  5.323294e-02,  5.461176e-02],
 [-7.987314e-02, -7.401058e-02,  3.093323e-02, -3.706690e-03,  4.632928e-02],
 [-1.078904e-02, -1.020901e-01,  4.719425e-02,  2.778292e-02,  3.600233e-02],
 [ 1.399234e+00,  1.593804e+00, -3.235553e-01, -2.019025e+00, -2.057261e+00]]
energy_short: [-0.925792,  0.560972,  0.558939, -0.38028 , -0.263529, -0.306397, -0.549904, -0.493951, -0.494493, -0.551028,  0.566615,  0.563019, -0.643585]
energy_long: [0.065015, 0.097505, 0.099476, 0.222891, 0.125413, 0.260804, 0.295618, 0.287537, 0.350355, 0.219943, 0.10263 , 0.100731, 0.1639  ]