step=196245, graph_id=0, num_atoms=13
scalar_charges: [ 2.256681, -6.521616, -6.523992,  2.185058,  2.206599,  2.186056,  2.215325,  2.223298,  2.234721,  2.231548, -6.497529, -6.512518,  2.193364]
spherical_charges_l0: [[-3.804498e+00],
 [-3.303765e-03],
 [-5.498480e-03],
 [-1.994509e-01],
 [-3.495685e-02],
 [-3.793158e-02],
 [ 4.238150e-02],
 [-7.354328e-03],
 [-5.998145e-03],
 [-1.464090e-01],
 [-1.967636e-02],
 [-1.535027e-02],
 [-3.742080e+00]]
spherical_charges_l1: [[-2.339016e-01, -9.182830e+00, -4.906397e+00],
 [ 6.200830e-02,  1.565433e-01,  9.682988e-02],
 [ 4.995195e-03,  1.132741e-01,  5.129249e-02],
 [ 4.253338e-01, -1.382435e+00, -2.541550e-01],
 [ 6.274871e-01,  3.960108e-02,  7.785858e-01],
 [ 5.711591e-01,  1.193240e-01,  5.542455e-01],
 [-1.388233e-02,  6.155921e-03,  7.061278e-03],
 [-2.007497e-01,  2.048247e-02,  5.534719e-01],
 [ 1.074310e-01,  2.665150e-01,  6.022611e-01],
 [-4.547273e-01,  1.097960e+00, -4.711945e-01],
 [ 1.557511e-01, -8.372652e-02,  4.630039e-02],
 [ 4.207729e-02, -1.412711e-01,  7.066019e-02],
 [-5.287709e+00,  7.506145e+00, -4.945222e+00]]
spherical_charges_l2: [[ 3.269622, -3.147354,  5.203703,  2.493258, -3.742106],
 [-0.16932 ,  0.031279, -0.191823, -0.007214,  0.071838],
 [-0.116157,  0.15052 , -0.072017,  0.032048,  0.099839],
 [-0.13122 ,  0.034879,  0.232816,  0.070762, -0.120845],
 [ 0.84245 ,  0.623234, -0.045108, -0.218079,  0.615693],
 [ 0.913248,  0.608443,  0.215531, -0.847785,  0.435809],
 [ 1.113971,  0.377871, -0.050248,  0.264561,  0.58269 ],
 [ 0.239973,  0.964197, -0.611518,  0.875484,  0.287234],
 [ 0.49558 ,  1.081964, -0.133941,  0.160525,  0.658958],
 [-0.021125, -0.099987,  0.040659,  0.005631, -0.178589],
 [-0.183764, -0.162606,  0.065714,  0.014591,  0.126923],
 [-0.024669, -0.204892,  0.092701,  0.083498,  0.098646],
 [ 3.128038,  3.637557, -0.740572, -4.661654, -4.734006]]
energy_short: [-0.680106,  0.273516,  0.271976, -0.278735, -0.185907, -0.234077, -0.472409, -0.417636, -0.4159  , -0.482016,  0.289406,  0.280032, -0.375531]
energy_long: [0.083518, 0.105931, 0.100988, 0.23813 , 0.139652, 0.293545, 0.381139, 0.28182 , 0.368224, 0.239575, 0.108698, 0.104297, 0.178195]