step=2519145, graph_id=0, num_atoms=13
scalar_charges: [ 0.851412, -0.991805, -0.989276,  0.624972,  0.585688,  0.599797,  0.682662,  0.663257,  0.6635  ,  0.683606, -0.99806 , -0.993711,  0.738951]
spherical_charges_l0: [[-1.010261e+00],
 [-2.194237e-02],
 [-1.300132e-02],
 [-4.217030e-02],
 [-2.645133e-02],
 [-2.407995e-02],
 [-1.183394e-02],
 [-1.167942e-02],
 [ 5.377111e-04],
 [-1.565771e-02],
 [-2.039807e-02],
 [-2.083366e-02],
 [-1.036682e+00]]
spherical_charges_l1: [[-2.337613e-02, -1.972280e+00, -1.130857e+00],
 [-9.534686e-03, -7.894447e-03, -8.485032e-03],
 [ 4.511227e-03, -8.303259e-03, -1.703352e-03],
 [ 1.011396e-01, -2.561301e-01, -1.148242e-02],
 [ 8.052979e-02, -1.106314e-02,  8.721809e-02],
 [ 5.496344e-02,  3.397024e-02,  6.613053e-02],
 [-6.337692e-03,  3.238925e-03, -1.235070e-02],
 [-1.380010e-02, -1.085456e-02,  5.686150e-02],
 [ 5.048026e-03,  3.710661e-02,  5.450083e-02],
 [-7.180201e-02,  2.169321e-01, -7.446695e-02],
 [-1.030111e-02,  1.183849e-03, -9.357793e-04],
 [ 2.086551e-03,  1.092294e-02, -5.290971e-03],
 [-1.095831e+00,  1.534075e+00, -1.091616e+00]]
spherical_charges_l2: [[ 1.083172, -1.010846,  1.635947,  0.77476 , -1.154247],
 [-0.066592,  0.021228, -0.05394 ,  0.013926,  0.02181 ],
 [-0.042604,  0.046409, -0.020618,  0.019153,  0.026027],
 [-0.048821,  0.066702,  0.010598,  0.0133  ,  0.051118],
 [ 0.183051,  0.172746, -0.076723, -0.0344  ,  0.142541],
 [ 0.231414,  0.140586,  0.039214, -0.26096 ,  0.085365],
 [ 0.267487,  0.02655 , -0.002768,  0.074984,  0.12179 ],
 [ 0.031322,  0.230595, -0.175519,  0.234155,  0.018264],
 [ 0.117439,  0.271358, -0.013716, -0.01298 ,  0.150599],
 [-0.007857, -0.047381,  0.044861,  0.035542,  0.034187],
 [-0.06475 , -0.058644,  0.024436, -0.003332,  0.037205],
 [-0.008456, -0.082884,  0.038346,  0.02249 ,  0.028992],
 [ 1.02115 ,  1.181226, -0.247867, -1.437335, -1.472221]]
energy_short: [-1.007923,  0.606112,  0.604043, -0.401281, -0.279904, -0.323089, -0.564488, -0.510219, -0.510706, -0.568876,  0.610991,  0.607507, -0.722021]
energy_long: [0.094438, 0.114032, 0.115721, 0.244249, 0.142421, 0.280427, 0.317411, 0.298561, 0.370309, 0.241614, 0.119165, 0.117011, 0.186383]