step=1938420, graph_id=0, num_atoms=13
scalar_charges: [ 0.986142, -1.180477, -1.17719 ,  0.771455,  0.725483,  0.741382,  0.834297,  0.811848,  0.811595,  0.836569, -1.190249, -1.18407 ,  0.868129]
spherical_charges_l0: [[-1.286051e+00],
 [-2.201354e-02],
 [-1.377136e-02],
 [-5.044731e-02],
 [-3.161193e-02],
 [-2.850241e-02],
 [-1.461131e-02],
 [-1.384406e-02],
 [-7.016882e-04],
 [-1.874598e-02],
 [-2.090108e-02],
 [-2.143099e-02],
 [-1.310697e+00]]
spherical_charges_l1: [[-2.940589e-02, -2.481907e+00, -1.422668e+00],
 [-1.195541e-02, -7.897015e-03, -9.651034e-03],
 [ 5.541156e-03, -8.465800e-03, -1.192651e-03],
 [ 1.179819e-01, -3.082238e-01, -1.388068e-02],
 [ 9.413391e-02, -1.267230e-02,  1.043864e-01],
 [ 6.941321e-02,  4.161884e-02,  8.255162e-02],
 [-8.035649e-03,  2.881816e-03, -1.609262e-02],
 [-1.850857e-02, -1.297846e-02,  7.132305e-02],
 [ 7.111733e-03,  4.499208e-02,  6.617960e-02],
 [-8.828256e-02,  2.625685e-01, -8.877382e-02],
 [-1.116153e-02,  3.928814e-04, -5.773807e-04],
 [ 3.441701e-03,  1.165684e-02, -5.605021e-03],
 [-1.377854e+00,  1.927572e+00, -1.366747e+00]]
spherical_charges_l2: [[ 1.421368, -1.309677,  2.116677,  0.971973, -1.497681],
 [-0.072199,  0.022489, -0.057678,  0.015414,  0.023742],
 [-0.045183,  0.050698, -0.022274,  0.020906,  0.028459],
 [-0.066722,  0.082078,  0.002913,  0.016852,  0.064444],
 [ 0.231662,  0.220799, -0.103865, -0.046617,  0.179199],
 [ 0.302711,  0.18526 ,  0.043082, -0.334744,  0.108321],
 [ 0.343462,  0.040555, -0.004539,  0.094507,  0.159351],
 [ 0.047338,  0.301825, -0.227103,  0.299485,  0.024004],
 [ 0.154342,  0.35195 , -0.018216, -0.013991,  0.190419],
 [-0.013933, -0.061859,  0.054761,  0.048158,  0.048173],
 [-0.06921 , -0.06382 ,  0.026729, -0.004213,  0.03924 ],
 [-0.009452, -0.089827,  0.041592,  0.023521,  0.030836],
 [ 1.318648,  1.542624, -0.329314, -1.843519, -1.891585]]
energy_short: [-0.918686,  0.584837,  0.582575, -0.383832, -0.256991, -0.301525, -0.547363, -0.490226, -0.489529, -0.553707,  0.59129 ,  0.587041, -0.63667 ]
energy_long: [0.070205, 0.094416, 0.096438, 0.219201, 0.121199, 0.273025, 0.291266, 0.292454, 0.350846, 0.216881, 0.100249, 0.09801 , 0.168337]