step=3760695, graph_id=0, num_atoms=13
scalar_charges: [ 0.800213, -0.920638, -0.919205,  0.596712,  0.558496,  0.57139 ,  0.643869,  0.626181,  0.625656,  0.645484, -0.924655, -0.921757,  0.705728]
spherical_charges_l0: [[-0.935727],
 [-0.021475],
 [-0.013065],
 [-0.036081],
 [-0.022468],
 [-0.020471],
 [-0.008645],
 [-0.009422],
 [ 0.002264],
 [-0.013564],
 [-0.018686],
 [-0.019699],
 [-0.94926 ]]
spherical_charges_l1: [[-1.234105e-02, -1.805747e+00, -1.033081e+00],
 [-9.170065e-03, -6.442619e-03, -7.427583e-03],
 [ 4.588937e-03, -7.921804e-03, -1.324324e-03],
 [ 9.647685e-02, -2.367801e-01, -9.129526e-03],
 [ 7.473429e-02, -9.839151e-03,  8.032950e-02],
 [ 5.098665e-02,  3.024883e-02,  6.138009e-02],
 [-4.807496e-03,  3.672086e-03, -8.131567e-03],
 [-1.252460e-02, -9.375557e-03,  5.323435e-02],
 [ 4.788634e-03,  3.392942e-02,  5.239850e-02],
 [-6.465258e-02,  2.028523e-01, -6.973846e-02],
 [-1.061566e-02,  2.728337e-04, -4.970896e-04],
 [ 2.886795e-03,  1.016398e-02, -4.889452e-03],
 [-1.001045e+00,  1.400736e+00, -1.004961e+00]]
spherical_charges_l2: [[ 9.587122e-01, -8.895762e-01,  1.451423e+00,  6.844262e-01, -1.024680e+00],
 [-6.082093e-02,  2.015072e-02, -4.971964e-02,  1.216271e-02,  2.045620e-02],
 [-4.055419e-02,  4.270019e-02, -1.967933e-02,  1.794785e-02,  2.399868e-02],
 [-3.264673e-02,  5.348140e-02,  1.807229e-02,  1.195163e-02,  3.797359e-02],
 [ 1.615816e-01,  1.540469e-01, -7.002127e-02, -3.039727e-02,  1.254902e-01],
 [ 2.053214e-01,  1.259856e-01,  3.105518e-02, -2.290344e-01,  7.438053e-02],
 [ 2.313641e-01,  2.997908e-02, -2.998618e-03,  6.440004e-02,  1.090988e-01],
 [ 3.199480e-02,  2.053048e-01, -1.526204e-01,  2.031752e-01,  1.667059e-02],
 [ 1.045921e-01,  2.393804e-01, -1.347671e-02, -9.640323e-03,  1.305064e-01],
 [-2.178510e-04, -3.313391e-02,  3.552109e-02,  2.720141e-02,  2.097196e-02],
 [-5.798580e-02, -5.296082e-02,  2.204585e-02, -2.229466e-03,  3.401626e-02],
 [-8.792538e-03, -7.553601e-02,  3.487986e-02,  2.041450e-02,  2.697440e-02],
 [ 9.027751e-01,  1.040956e+00, -2.183328e-01, -1.268481e+00, -1.302572e+00]]
energy_short: [-1.066899,  0.617426,  0.615044, -0.43817 , -0.299189, -0.344677, -0.590146, -0.53273 , -0.531053, -0.598812,  0.623036,  0.618696, -0.785268]
energy_long: [0.107738, 0.126753, 0.126964, 0.267192, 0.165949, 0.314057, 0.341979, 0.331887, 0.395193, 0.266697, 0.131185, 0.128126, 0.199887]