step=1537920, graph_id=0, num_atoms=13
scalar_charges: [ 1.064557, -1.247475, -1.244406,  0.845673,  0.795011,  0.812296,  0.912768,  0.887641,  0.887182,  0.913664, -1.255543, -1.2502  ,  0.944907]
spherical_charges_l0: [[-1.549141],
 [-0.025956],
 [-0.016704],
 [-0.06883 ],
 [-0.045793],
 [-0.037014],
 [-0.010522],
 [-0.015999],
 [-0.003675],
 [-0.028837],
 [-0.026732],
 [-0.026498],
 [-1.575931]]
spherical_charges_l1: [[-2.006751e-02, -3.009111e+00, -1.717241e+00],
 [-1.422279e-02, -1.097083e-02, -1.213084e-02],
 [ 6.399083e-03, -1.067062e-02, -1.707665e-03],
 [ 1.561832e-01, -3.849440e-01, -1.906924e-02],
 [ 1.232513e-01, -1.696476e-02,  1.341476e-01],
 [ 8.592668e-02,  5.179959e-02,  1.026684e-01],
 [-7.169417e-03,  5.146818e-03, -1.213794e-02],
 [-2.286413e-02, -1.548688e-02,  8.949568e-02],
 [ 8.510720e-03,  5.810963e-02,  8.682664e-02],
 [-1.082610e-01,  3.339976e-01, -1.196366e-01],
 [-1.344387e-02,  9.139669e-04, -9.111156e-04],
 [ 3.631918e-03,  1.443083e-02, -6.959125e-03],
 [-1.672140e+00,  2.344263e+00, -1.662491e+00]]
spherical_charges_l2: [[ 1.706866, -1.549272,  2.505517,  1.110889, -1.764862],
 [-0.09068 ,  0.028922, -0.072627,  0.018374,  0.030929],
 [-0.056637,  0.064818, -0.028548,  0.026994,  0.035811],
 [-0.100995,  0.101979, -0.011149,  0.022417,  0.084334],
 [ 0.267489,  0.250438, -0.117646, -0.05094 ,  0.207269],
 [ 0.340254,  0.205731,  0.051684, -0.390566,  0.127588],
 [ 0.388024,  0.040847, -0.002596,  0.107351,  0.17617 ],
 [ 0.044463,  0.340731, -0.254321,  0.349782,  0.024566],
 [ 0.175204,  0.40337 , -0.024514, -0.022306,  0.221619],
 [-0.027517, -0.088676,  0.074892,  0.063147,  0.069985],
 [-0.087464, -0.081352,  0.034229, -0.006826,  0.048281],
 [-0.013052, -0.113209,  0.05244 ,  0.028139,  0.038184],
 [ 1.574276,  1.855245, -0.404877, -2.166177, -2.235088]]
energy_short: [-0.874217,  0.510969,  0.508626, -0.350915, -0.22292 , -0.267665, -0.515574, -0.456102, -0.454876, -0.518457,  0.517268,  0.513103, -0.598615]
energy_long: [0.078389, 0.097674, 0.100257, 0.219262, 0.127134, 0.274872, 0.300326, 0.303285, 0.34955 , 0.215426, 0.10295 , 0.100914, 0.172319]