step=3127905, graph_id=0, num_atoms=13
scalar_charges: [ 0.81032 , -0.927106, -0.924311,  0.59348 ,  0.559601,  0.572099,  0.64544 ,  0.627858,  0.627664,  0.6441  , -0.932559, -0.928306,  0.708915]
spherical_charges_l0: [[-0.947785],
 [-0.020314],
 [-0.012364],
 [-0.036749],
 [-0.020962],
 [-0.0189  ],
 [-0.00843 ],
 [-0.008282],
 [ 0.003271],
 [-0.013286],
 [-0.01803 ],
 [-0.018742],
 [-0.963523]]
spherical_charges_l1: [[-1.068501e-02, -1.836561e+00, -1.049554e+00],
 [-9.271827e-03, -6.360655e-03, -7.461613e-03],
 [ 4.760715e-03, -7.944709e-03, -1.233661e-03],
 [ 1.003869e-01, -2.460183e-01, -9.915762e-03],
 [ 7.827409e-02, -1.069210e-02,  8.383864e-02],
 [ 5.325726e-02,  3.251778e-02,  6.421290e-02],
 [-4.879794e-03,  3.741220e-03, -8.190699e-03],
 [-1.326336e-02, -9.894774e-03,  5.508764e-02],
 [ 4.835024e-03,  3.567622e-02,  5.412296e-02],
 [-6.770374e-02,  2.120762e-01, -7.311632e-02],
 [-1.042234e-02,  1.910408e-04, -4.505217e-04],
 [ 2.869368e-03,  1.015260e-02, -4.884615e-03],
 [-1.016933e+00,  1.425335e+00, -1.020399e+00]]
spherical_charges_l2: [[ 0.97888 , -0.907805,  1.478123,  0.692828, -1.046288],
 [-0.060477,  0.019909, -0.049029,  0.012855,  0.019998],
 [-0.039695,  0.042245, -0.019258,  0.017587,  0.02399 ],
 [-0.036022,  0.054958,  0.015092,  0.00944 ,  0.041221],
 [ 0.165166,  0.156095, -0.070663, -0.033662,  0.126346],
 [ 0.208259,  0.130989,  0.029408, -0.227776,  0.076263],
 [ 0.233921,  0.031957, -0.003069,  0.064902,  0.111172],
 [ 0.034882,  0.209248, -0.15416 ,  0.202905,  0.018399],
 [ 0.107017,  0.242649, -0.01436 , -0.006427,  0.13136 ],
 [-0.002688, -0.034553,  0.036302,  0.030802,  0.024465],
 [-0.057287, -0.052386,  0.021834, -0.002543,  0.033307],
 [-0.008367, -0.074402,  0.034393,  0.019885,  0.026202],
 [ 0.921183,  1.06846 , -0.226884, -1.288135, -1.324814]]
energy_short: [-1.056489,  0.647858,  0.645643, -0.412018, -0.293988, -0.337628, -0.580089, -0.524297, -0.523441, -0.576258,  0.653462,  0.649417, -0.771779]
energy_long: [0.095487, 0.115063, 0.115655, 0.25033 , 0.147026, 0.301302, 0.331959, 0.318443, 0.381103, 0.249759, 0.119253, 0.116892, 0.185516]