step=2527155, graph_id=0, num_atoms=13
scalar_charges: [ 0.841948, -0.960482, -0.957098,  0.624027,  0.585373,  0.599227,  0.680891,  0.661046,  0.661037,  0.681453, -0.966283, -0.961414,  0.732198]
spherical_charges_l0: [[-1.041849],
 [-0.019928],
 [-0.012146],
 [-0.043084],
 [-0.025785],
 [-0.023075],
 [-0.010266],
 [-0.010382],
 [ 0.00155 ],
 [-0.018512],
 [-0.019094],
 [-0.019431],
 [-1.068706]]
spherical_charges_l1: [[-1.332881e-02, -1.977671e+00, -1.138285e+00],
 [-9.291423e-03, -6.583951e-03, -7.731569e-03],
 [ 4.584413e-03, -7.485810e-03, -1.242497e-03],
 [ 1.016468e-01, -2.586427e-01, -1.096453e-02],
 [ 8.133548e-02, -1.020562e-02,  8.722016e-02],
 [ 5.626636e-02,  3.315058e-02,  6.761064e-02],
 [-5.764870e-03,  3.713372e-03, -9.953799e-03],
 [-1.424823e-02, -9.732497e-03,  5.780997e-02],
 [ 4.979150e-03,  3.705487e-02,  5.603610e-02],
 [-7.326403e-02,  2.222680e-01, -7.592720e-02],
 [-9.456457e-03,  1.562392e-04, -4.022151e-04],
 [ 2.858260e-03,  9.808221e-03, -4.717404e-03],
 [-1.102476e+00,  1.543905e+00, -1.107186e+00]]
spherical_charges_l2: [[ 1.09841 , -1.024742,  1.663263,  0.7851  , -1.17888 ],
 [-0.063775,  0.020007, -0.050981,  0.013684,  0.020385],
 [-0.041667,  0.04442 , -0.019945,  0.019022,  0.024628],
 [-0.046638,  0.064124,  0.007178,  0.008458,  0.051448],
 [ 0.179384,  0.172748, -0.079511, -0.033564,  0.139419],
 [ 0.229475,  0.138045,  0.033584, -0.254649,  0.08064 ],
 [ 0.253505,  0.024628, -0.00262 ,  0.070124,  0.115649],
 [ 0.034319,  0.223552, -0.170884,  0.224132,  0.015208],
 [ 0.115843,  0.26304 , -0.012353, -0.011483,  0.143543],
 [-0.009171, -0.043952,  0.041345,  0.040436,  0.036501],
 [-0.062065, -0.056878,  0.023783, -0.003702,  0.03524 ],
 [-0.008521, -0.08014 ,  0.037113,  0.020854,  0.027437],
 [ 1.041616,  1.205875, -0.254423, -1.465172, -1.503753]]
energy_short: [-1.01036 ,  0.611907,  0.609619, -0.411059, -0.288649, -0.332132, -0.576453, -0.519532, -0.519258, -0.579726,  0.61629 ,  0.612888, -0.72313 ]
energy_long: [0.100649, 0.112134, 0.113133, 0.241838, 0.148759, 0.29042 , 0.322198, 0.306093, 0.374368, 0.239606, 0.116865, 0.114231, 0.191219]