step=3151935, graph_id=0, num_atoms=13
scalar_charges: [ 0.813154, -0.928313, -0.925546,  0.595064,  0.558833,  0.57164 ,  0.646542,  0.628216,  0.628032,  0.646185, -0.933852, -0.92958 ,  0.710998]
spherical_charges_l0: [[-0.955353],
 [-0.020655],
 [-0.012602],
 [-0.037729],
 [-0.025732],
 [-0.021731],
 [-0.007844],
 [-0.009841],
 [ 0.001212],
 [-0.013958],
 [-0.018292],
 [-0.01915 ],
 [-0.974201]]
spherical_charges_l1: [[-1.649289e-02, -1.864045e+00, -1.064875e+00],
 [-9.380915e-03, -6.570580e-03, -7.641101e-03],
 [ 4.577366e-03, -8.337642e-03, -1.529621e-03],
 [ 9.950101e-02, -2.468706e-01, -1.082866e-02],
 [ 7.712026e-02, -1.144837e-02,  8.288950e-02],
 [ 5.231835e-02,  3.289619e-02,  6.305636e-02],
 [-4.829500e-03,  3.508046e-03, -8.581589e-03],
 [-1.277936e-02, -1.068807e-02,  5.439061e-02],
 [ 4.640349e-03,  3.578554e-02,  5.286506e-02],
 [-6.800167e-02,  2.113147e-01, -7.307371e-02],
 [-1.038818e-02,  6.314333e-04, -6.653927e-04],
 [ 2.473155e-03,  1.041225e-02, -5.025440e-03],
 [-1.038088e+00,  1.452786e+00, -1.037328e+00]]
spherical_charges_l2: [[ 9.783289e-01, -9.087390e-01,  1.480332e+00,  6.951794e-01, -1.047560e+00],
 [-6.000171e-02,  1.948869e-02, -4.943826e-02,  1.178221e-02,  2.033353e-02],
 [-3.943739e-02,  4.286199e-02, -1.950585e-02,  1.727462e-02,  2.435235e-02],
 [-3.607281e-02,  5.591220e-02,  1.533253e-02,  1.106879e-02,  4.243950e-02],
 [ 1.657560e-01,  1.573045e-01, -7.057898e-02, -3.218671e-02,  1.284934e-01],
 [ 2.095952e-01,  1.298055e-01,  3.277574e-02, -2.312925e-01,  7.757176e-02],
 [ 2.349169e-01,  2.738627e-02, -3.085824e-03,  6.516631e-02,  1.089395e-01],
 [ 3.249979e-02,  2.086540e-01, -1.557329e-01,  2.065513e-01,  1.756377e-02],
 [ 1.065358e-01,  2.433510e-01, -1.373099e-02, -8.702869e-03,  1.331741e-01],
 [-2.431753e-03, -3.474325e-02,  3.696349e-02,  3.161142e-02,  2.616786e-02],
 [-5.739538e-02, -5.237807e-02,  2.175017e-02, -1.460264e-03,  3.433372e-02],
 [-8.417500e-03, -7.440557e-02,  3.431122e-02,  2.101538e-02,  2.724133e-02],
 [ 9.234077e-01,  1.067526e+00, -2.246689e-01, -1.297839e+00, -1.333367e+00]]
energy_short: [-1.062925,  0.646683,  0.644513, -0.42061 , -0.295131, -0.339473, -0.585144, -0.527423, -0.5266  , -0.584778,  0.652157,  0.6482  , -0.778615]
energy_long: [0.092639, 0.114326, 0.115442, 0.248746, 0.14988 , 0.291182, 0.325241, 0.310216, 0.377529, 0.247281, 0.118898, 0.116689, 0.18188 ]