step=1994490, graph_id=0, num_atoms=13
scalar_charges: [ 0.990397, -1.13177 , -1.127749,  0.762055,  0.719902,  0.735309,  0.827086,  0.80464 ,  0.804509,  0.825336, -1.139422, -1.134179,  0.872445]
spherical_charges_l0: [[-1.257164e+00],
 [-2.323049e-02],
 [-1.393421e-02],
 [-5.113057e-02],
 [-3.596624e-02],
 [-2.828133e-02],
 [-6.520701e-03],
 [-1.111943e-02],
 [ 9.255249e-04],
 [-2.123882e-02],
 [-2.296151e-02],
 [-2.311317e-02],
 [-1.277887e+00]]
spherical_charges_l1: [[-1.994925e-02, -2.427512e+00, -1.389381e+00],
 [-1.161382e-02, -8.879351e-03, -9.926808e-03],
 [ 5.588854e-03, -9.100630e-03, -1.401354e-03],
 [ 1.196578e-01, -2.971537e-01, -1.287297e-02],
 [ 1.006242e-01, -1.388656e-02,  1.082342e-01],
 [ 6.899520e-02,  4.217370e-02,  8.248785e-02],
 [-6.780818e-03,  4.904103e-03, -1.141932e-02],
 [-1.778343e-02, -1.322738e-02,  7.126680e-02],
 [ 6.283468e-03,  4.662746e-02,  6.896110e-02],
 [-8.380046e-02,  2.583146e-01, -8.947420e-02],
 [-1.332542e-02,  4.255561e-04, -6.663934e-04],
 [ 3.795242e-03,  1.302348e-02, -6.263122e-03],
 [-1.339008e+00,  1.875809e+00, -1.336088e+00]]
spherical_charges_l2: [[ 1.364574e+00, -1.270502e+00,  2.036134e+00,  9.274707e-01, -1.444944e+00],
 [-7.138563e-02,  2.202605e-02, -5.857892e-02,  1.353237e-02,  2.402761e-02],
 [-4.411359e-02,  4.846377e-02, -2.188571e-02,  2.010609e-02,  2.705211e-02],
 [-6.287412e-02,  7.727996e-02,  2.324039e-04,  1.162605e-02,  5.899880e-02],
 [ 2.165520e-01,  2.088292e-01, -9.929179e-02, -3.998550e-02,  1.660168e-01],
 [ 2.793296e-01,  1.633334e-01,  3.864513e-02, -3.136061e-01,  9.779148e-02],
 [ 3.132967e-01,  3.183016e-02, -4.325171e-03,  8.526515e-02,  1.421482e-01],
 [ 4.145999e-02,  2.719642e-01, -2.078379e-01,  2.781152e-01,  1.558404e-02],
 [ 1.427579e-01,  3.208001e-01, -1.536660e-02, -1.805248e-02,  1.751154e-01],
 [-1.503505e-02, -5.936934e-02,  5.085800e-02,  4.666539e-02,  4.451771e-02],
 [-6.871659e-02, -6.190352e-02,  2.578696e-02, -3.693869e-03,  3.932352e-02],
 [-8.501309e-03, -8.796807e-02,  4.069111e-02,  2.436303e-02,  3.094520e-02],
 [ 1.264428e+00,  1.489660e+00, -3.255584e-01, -1.771807e+00, -1.832379e+00]]
energy_short: [-0.946995,  0.583397,  0.580447, -0.379756, -0.262448, -0.30601 , -0.550372, -0.492762, -0.49236 , -0.546162,  0.588943,  0.584974, -0.667049]
energy_long: [0.074071, 0.100294, 0.10126 , 0.23069 , 0.12953 , 0.270762, 0.312891, 0.29212 , 0.363661, 0.227483, 0.104649, 0.102495, 0.182532]