step=3720645, graph_id=0, num_atoms=13
scalar_charges: [ 0.806174, -0.924579, -0.922522,  0.600765,  0.561822,  0.574883,  0.648106,  0.63043 ,  0.629995,  0.650317, -0.928754, -0.925531,  0.71029 ]
spherical_charges_l0: [[-0.934814],
 [-0.0213  ],
 [-0.012913],
 [-0.036231],
 [-0.023021],
 [-0.020816],
 [-0.008519],
 [-0.009541],
 [ 0.002221],
 [-0.013507],
 [-0.018489],
 [-0.019502],
 [-0.94823 ]]
spherical_charges_l1: [[-1.265642e-02, -1.807063e+00, -1.032994e+00],
 [-9.254886e-03, -6.393120e-03, -7.466626e-03],
 [ 4.684648e-03, -7.988817e-03, -1.330437e-03],
 [ 9.721436e-02, -2.397698e-01, -9.142823e-03],
 [ 7.587883e-02, -9.676329e-03,  8.113724e-02],
 [ 5.132015e-02,  3.048505e-02,  6.194206e-02],
 [-4.595764e-03,  3.790751e-03, -7.468940e-03],
 [-1.254736e-02, -9.526599e-03,  5.366804e-02],
 [ 4.731795e-03,  3.426056e-02,  5.306019e-02],
 [-6.552222e-02,  2.055579e-01, -7.036560e-02],
 [-1.063039e-02,  4.233539e-04, -5.714087e-04],
 [ 2.794513e-03,  1.022782e-02, -4.923933e-03],
 [-1.001963e+00,  1.402224e+00, -1.005561e+00]]
spherical_charges_l2: [[ 9.558777e-01, -8.873245e-01,  1.446833e+00,  6.830428e-01, -1.022085e+00],
 [-6.039834e-02,  1.996604e-02, -4.934251e-02,  1.211364e-02,  2.026141e-02],
 [-4.006661e-02,  4.242431e-02, -1.950176e-02,  1.768727e-02,  2.386778e-02],
 [-3.298111e-02,  5.354434e-02,  1.753857e-02,  1.130555e-02,  3.899291e-02],
 [ 1.623903e-01,  1.551605e-01, -7.066537e-02, -3.006869e-02,  1.258978e-01],
 [ 2.064088e-01,  1.261184e-01,  3.132593e-02, -2.306435e-01,  7.516106e-02],
 [ 2.327842e-01,  3.026787e-02, -3.072791e-03,  6.471278e-02,  1.096434e-01],
 [ 3.212249e-02,  2.064548e-01, -1.531592e-01,  2.047996e-01,  1.671659e-02],
 [ 1.053891e-01,  2.406676e-01, -1.383607e-02, -1.001230e-02,  1.314193e-01],
 [-7.203741e-04, -3.297792e-02,  3.571979e-02,  2.824733e-02,  2.209382e-02],
 [-5.753594e-02, -5.257387e-02,  2.187591e-02, -2.058641e-03,  3.389018e-02],
 [-8.658738e-03, -7.484750e-02,  3.455488e-02,  2.038012e-02,  2.683289e-02],
 [ 9.002446e-01,  1.039076e+00, -2.178956e-01, -1.265124e+00, -1.298130e+00]]
energy_short: [-1.069812,  0.618877,  0.616545, -0.445218, -0.305411, -0.351022, -0.595825, -0.539218, -0.537865, -0.606247,  0.624526,  0.620176, -0.788996]
energy_long: [0.107868, 0.126447, 0.126688, 0.265689, 0.165718, 0.31251 , 0.339341, 0.329676, 0.395105, 0.26488 , 0.130823, 0.12785 , 0.198804]