step=1341675, graph_id=0, num_atoms=13
scalar_charges: [ 1.229394, -1.449137, -1.446871,  1.000121,  0.949786,  0.967672,  1.075648,  1.048329,  1.04828 ,  1.074215, -1.455549, -1.451522,  1.103513]
spherical_charges_l0: [[-1.825614],
 [-0.025773],
 [-0.016875],
 [-0.083277],
 [-0.048469],
 [-0.038145],
 [-0.014206],
 [-0.018083],
 [-0.004448],
 [-0.039543],
 [-0.028002],
 [-0.026898],
 [-1.859998]]
spherical_charges_l1: [[-4.317450e-02, -3.584665e+00, -2.045742e+00],
 [-1.378235e-02, -1.097594e-02, -1.158694e-02],
 [ 6.439687e-03, -1.101690e-02, -1.388616e-03],
 [ 1.686517e-01, -4.554982e-01, -3.798392e-02],
 [ 1.366977e-01, -2.361342e-02,  1.499914e-01],
 [ 1.008059e-01,  6.591106e-02,  1.221530e-01],
 [-1.079027e-02,  6.139232e-03, -1.878288e-02],
 [-2.647260e-02, -2.015961e-02,  1.090953e-01],
 [ 9.213466e-03,  7.041327e-02,  1.000506e-01],
 [-1.326656e-01,  3.797994e-01, -1.411652e-01],
 [-1.303491e-02,  4.302093e-04, -6.572416e-04],
 [ 4.249266e-03,  1.448297e-02, -6.960608e-03],
 [-2.008284e+00,  2.814742e+00, -1.978667e+00]]
spherical_charges_l2: [[ 1.929856, -1.804742,  2.98613 ,  1.401673, -2.12424 ],
 [-0.09601 ,  0.024272, -0.079645,  0.01727 ,  0.030701],
 [-0.056567,  0.069637, -0.027617,  0.02767 ,  0.03864 ],
 [-0.10252 ,  0.109676, -0.01377 ,  0.020138,  0.092164],
 [ 0.311865,  0.291739, -0.139191, -0.063504,  0.24183 ],
 [ 0.406268,  0.24037 ,  0.057651, -0.457677,  0.143704],
 [ 0.478966,  0.056965, -0.004753,  0.130058,  0.219583],
 [ 0.059059,  0.401806, -0.307636,  0.413639,  0.029282],
 [ 0.205301,  0.471667, -0.021739, -0.024303,  0.260399],
 [-0.031098, -0.098887,  0.078529,  0.067515,  0.07375 ],
 [-0.091435, -0.085858,  0.036037, -0.005172,  0.052271],
 [-0.011776, -0.117544,  0.054401,  0.031745,  0.040877],
 [ 1.847744,  2.132634, -0.432686, -2.676812, -2.714023]]
energy_short: [-0.859832,  0.466212,  0.463413, -0.347516, -0.230358, -0.272423, -0.518425, -0.458274, -0.45815 , -0.516329,  0.472192,  0.468205, -0.585253]
energy_long: [0.0605  , 0.092587, 0.095322, 0.220816, 0.118088, 0.263356, 0.296356, 0.286622, 0.359799, 0.221551, 0.097633, 0.095765, 0.161051]