step=1261575, graph_id=0, num_atoms=13
scalar_charges: [ 1.30511 , -1.631462, -1.630123,  1.078096,  1.0246  ,  1.043982,  1.156326,  1.128162,  1.128035,  1.156478, -1.63931 , -1.635123,  1.173579]
spherical_charges_l0: [[-1.758863e+00],
 [-2.723530e-02],
 [-1.715795e-02],
 [-7.685204e-02],
 [-3.981123e-02],
 [-3.673702e-02],
 [-1.603321e-02],
 [-1.653798e-02],
 [-1.298325e-03],
 [-3.586022e-02],
 [-2.938975e-02],
 [-2.842471e-02],
 [-1.783997e+00]]
spherical_charges_l1: [[-1.459754e-02, -3.581078e+00, -2.064825e+00],
 [-1.206514e-02, -1.110720e-02, -1.147853e-02],
 [ 4.276552e-03, -1.234234e-02, -3.800401e-03],
 [ 1.780821e-01, -4.551303e-01, -2.399034e-02],
 [ 1.514351e-01, -1.538654e-02,  1.696015e-01],
 [ 1.156508e-01,  5.747261e-02,  1.318804e-01],
 [-9.539931e-03,  7.256511e-03, -1.384713e-02],
 [-3.324539e-02, -1.420382e-02,  1.150589e-01],
 [ 1.321749e-02,  7.029553e-02,  1.105530e-01],
 [-1.263357e-01,  3.816545e-01, -1.349306e-01],
 [-1.198681e-02,  4.379239e-03, -2.567367e-03],
 [ 2.314112e-04,  1.471136e-02, -7.216227e-03],
 [-1.994300e+00,  2.786095e+00, -1.998083e+00]]
spherical_charges_l2: [[ 2.072294, -1.849722,  3.020613,  1.347025, -2.111068],
 [-0.109171,  0.026826, -0.0926  ,  0.019165,  0.03424 ],
 [-0.062388,  0.082281, -0.030095,  0.029331,  0.046509],
 [-0.115436,  0.125454, -0.012218,  0.009023,  0.099511],
 [ 0.343437,  0.311787, -0.133262, -0.077128,  0.264426],
 [ 0.434423,  0.265776,  0.069394, -0.473587,  0.16335 ],
 [ 0.503327,  0.076139, -0.006839,  0.133963,  0.235124],
 [ 0.069558,  0.428317, -0.323073,  0.434165,  0.042347],
 [ 0.222709,  0.502743, -0.027936, -0.01089 ,  0.280857],
 [-0.037743, -0.106957,  0.081739,  0.085512,  0.082806],
 [-0.11499 , -0.097602,  0.040175, -0.005506,  0.066116],
 [-0.00855 , -0.137707,  0.063756,  0.042108,  0.049239],
 [ 1.882688,  2.214537, -0.478639, -2.583737, -2.656657]]
energy_short: [-0.80092 ,  0.460592,  0.458184, -0.315378, -0.195311, -0.239085, -0.482869, -0.423989, -0.423776, -0.485247,  0.467518,  0.463337, -0.525297]
energy_long: [0.070926, 0.096987, 0.101039, 0.218612, 0.120084, 0.258063, 0.323836, 0.279598, 0.352613, 0.217863, 0.103133, 0.101022, 0.165117]