step=2919645, graph_id=0, num_atoms=13
scalar_charges: [ 0.829521, -0.971574, -0.967832,  0.610053,  0.574183,  0.587272,  0.663047,  0.644615,  0.644454,  0.662007, -0.97851 , -0.973181,  0.72652 ]
spherical_charges_l0: [[-0.963793],
 [-0.019793],
 [-0.012052],
 [-0.038333],
 [-0.025095],
 [-0.022183],
 [-0.007879],
 [-0.009844],
 [ 0.001775],
 [-0.014333],
 [-0.017813],
 [-0.018452],
 [-0.982048]]
spherical_charges_l1: [[-1.336778e-02, -1.875922e+00, -1.076008e+00],
 [-9.072984e-03, -6.449088e-03, -7.466175e-03],
 [ 4.522046e-03, -7.634648e-03, -1.238835e-03],
 [ 9.923165e-02, -2.480575e-01, -1.078241e-02],
 [ 7.845874e-02, -1.108337e-02,  8.416957e-02],
 [ 5.293444e-02,  3.289645e-02,  6.358360e-02],
 [-5.165536e-03,  3.986617e-03, -8.815788e-03],
 [-1.303733e-02, -1.058266e-02,  5.488611e-02],
 [ 4.557611e-03,  3.644180e-02,  5.347437e-02],
 [-6.875793e-02,  2.128094e-01, -7.285484e-02],
 [-1.002228e-02,  4.675179e-04, -5.731396e-04],
 [ 2.490925e-03,  9.871997e-03, -4.760298e-03],
 [-1.037009e+00,  1.451753e+00, -1.041151e+00]]
spherical_charges_l2: [[ 1.019442, -0.9497  ,  1.534373,  0.717386, -1.084913],
 [-0.059363,  0.019788, -0.048217,  0.012376,  0.019882],
 [-0.039573,  0.041932, -0.019444,  0.017329,  0.023784],
 [-0.03661 ,  0.058375,  0.014055,  0.008405,  0.044072],
 [ 0.170832,  0.163829, -0.076559, -0.030771,  0.132115],
 [ 0.21633 ,  0.13151 ,  0.031388, -0.243359,  0.07771 ],
 [ 0.242177,  0.024729, -0.002684,  0.067067,  0.110714],
 [ 0.030802,  0.213268, -0.160995,  0.214593,  0.013919],
 [ 0.109311,  0.250783, -0.013125, -0.012919,  0.136656],
 [-0.00357 , -0.035383,  0.036563,  0.034276,  0.027746],
 [-0.05704 , -0.052766,  0.022028, -0.002407,  0.033304],
 [-0.008605, -0.074157,  0.034253,  0.019926,  0.026363],
 [ 0.958094,  1.113052, -0.237805, -1.337054, -1.377833]]
energy_short: [-1.060054,  0.645558,  0.643317, -0.422808, -0.300325, -0.344726, -0.588704, -0.531757, -0.531012, -0.58673 ,  0.650887,  0.647215, -0.777402]
energy_long: [0.09323 , 0.116045, 0.117031, 0.251568, 0.150945, 0.296454, 0.324772, 0.315143, 0.382286, 0.249875, 0.120722, 0.118337, 0.188849]