step=2851560, graph_id=0, num_atoms=13
scalar_charges: [ 0.836244, -0.977698, -0.974438,  0.617636,  0.580989,  0.594426,  0.670939,  0.652665,  0.652551,  0.671443, -0.983607, -0.978869,  0.732101]
spherical_charges_l0: [[-0.993183],
 [-0.020538],
 [-0.012578],
 [-0.036544],
 [-0.024292],
 [-0.021535],
 [-0.009716],
 [-0.009745],
 [ 0.001985],
 [-0.012787],
 [-0.01887 ],
 [-0.019302],
 [-1.015337]]
spherical_charges_l1: [[-1.721026e-02, -1.937970e+00, -1.109166e+00],
 [-8.718072e-03, -6.637092e-03, -7.336617e-03],
 [ 3.974963e-03, -7.719119e-03, -1.535274e-03],
 [ 1.016259e-01, -2.530035e-01, -1.078336e-02],
 [ 7.950797e-02, -1.257859e-02,  8.510413e-02],
 [ 5.443907e-02,  3.609956e-02,  6.618880e-02],
 [-5.440915e-03,  3.891118e-03, -9.401840e-03],
 [-1.344081e-02, -1.196699e-02,  5.760303e-02],
 [ 4.540812e-03,  3.811766e-02,  5.491226e-02],
 [-7.057456e-02,  2.174189e-01, -7.458246e-02],
 [-8.970238e-03,  1.067952e-03, -8.317634e-04],
 [ 1.661249e-03,  9.609053e-03, -4.659058e-03],
 [-1.074478e+00,  1.506279e+00, -1.077017e+00]]
spherical_charges_l2: [[ 1.023569, -0.965111,  1.585271,  0.766125, -1.127589],
 [-0.060736,  0.018578, -0.050433,  0.011756,  0.02012 ],
 [-0.038963,  0.043319, -0.019141,  0.017073,  0.024746],
 [-0.039933,  0.060951,  0.014624,  0.012049,  0.046714],
 [ 0.168969,  0.166046, -0.079092, -0.027733,  0.133324],
 [ 0.220615,  0.131396,  0.036177, -0.253976,  0.078312],
 [ 0.254298,  0.023219, -0.002563,  0.071017,  0.115219],
 [ 0.027679,  0.21841 , -0.168733,  0.22456 ,  0.012809],
 [ 0.110506,  0.257204, -0.011246, -0.017748,  0.142094],
 [-0.003427, -0.040003,  0.040773,  0.033098,  0.029315],
 [-0.059639, -0.053636,  0.022262, -0.002215,  0.035014],
 [-0.007779, -0.075797,  0.035016,  0.02129 ,  0.027186],
 [ 0.982014,  1.124175, -0.231189, -1.405932, -1.436493]]
energy_short: [-1.06262 ,  0.638164,  0.63601 , -0.432388, -0.30823 , -0.353059, -0.596379, -0.540592, -0.540047, -0.599831,  0.643021,  0.63953 , -0.777085]
energy_long: [0.09933 , 0.120049, 0.121661, 0.252939, 0.16031 , 0.299907, 0.332739, 0.317558, 0.382851, 0.25189 , 0.124955, 0.122812, 0.193255]