step=989235, graph_id=0, num_atoms=13
scalar_charges: [ 1.419367, -1.897324, -1.897368,  1.197334,  1.148355,  1.165835,  1.280145,  1.250593,  1.25077 ,  1.27729 , -1.899003, -1.89796 ,  1.289714]
spherical_charges_l0: [[-2.269621e+00],
 [-3.150532e-02],
 [-1.965616e-02],
 [-1.243049e-01],
 [-3.801837e-02],
 [-3.000763e-02],
 [ 6.262790e-04],
 [-4.175414e-03],
 [ 7.966730e-03],
 [-7.439139e-02],
 [-3.417339e-02],
 [-3.248659e-02],
 [-2.295443e+00]]
spherical_charges_l1: [[-2.390818e-02, -4.747694e+00, -2.780036e+00],
 [-1.514808e-02, -1.589563e-02, -1.556843e-02],
 [ 6.727181e-03, -1.799470e-02, -5.318312e-03],
 [ 2.288767e-01, -6.347113e-01, -5.146540e-02],
 [ 2.232834e-01, -2.884779e-02,  2.341615e-01],
 [ 1.528886e-01,  9.561291e-02,  1.869840e-01],
 [-6.725247e-03,  1.025372e-02, -2.451799e-03],
 [-4.028617e-02, -2.862812e-02,  1.678740e-01],
 [ 1.333873e-02,  1.061734e-01,  1.606146e-01],
 [-1.864633e-01,  5.285788e-01, -1.956837e-01],
 [-2.271507e-02,  6.901669e-03, -4.175670e-03],
 [ 1.215702e-03,  2.424688e-02, -1.186669e-02],
 [-2.657018e+00,  3.734777e+00, -2.683909e+00]]
spherical_charges_l2: [[ 2.486819e+00, -2.322137e+00,  3.925613e+00,  1.901593e+00, -2.798169e+00],
 [-1.317311e-01,  3.205333e-02, -1.160685e-01,  1.718194e-02,  4.480286e-02],
 [-7.485142e-02,  1.004150e-01, -3.959716e-02,  3.351134e-02,  5.760910e-02],
 [-1.591392e-01,  1.328293e-01, -1.293943e-02,  2.384192e-02,  1.024577e-01],
 [ 4.254190e-01,  3.742377e-01, -1.548088e-01, -9.423602e-02,  3.193850e-01],
 [ 5.115421e-01,  3.119668e-01,  7.660888e-02, -5.537139e-01,  1.982586e-01],
 [ 5.729742e-01,  7.939389e-02, -4.019317e-03,  1.536493e-01,  2.693948e-01],
 [ 8.540244e-02,  5.007458e-01, -3.680719e-01,  5.002716e-01,  4.683632e-02],
 [ 2.641722e-01,  5.873742e-01, -3.979912e-02, -1.227529e-02,  3.213832e-01],
 [-5.903189e-02, -1.417188e-01,  1.051646e-01,  9.345677e-02,  9.001728e-02],
 [-1.325676e-01, -1.216866e-01,  5.043101e-02, -1.080503e-03,  8.137740e-02],
 [-1.631736e-02, -1.642905e-01,  7.550377e-02,  5.228763e-02,  6.410281e-02],
 [ 2.382334e+00,  2.703354e+00, -5.401905e-01, -3.482681e+00, -3.538373e+00]]
energy_short: [-0.773026,  0.385495,  0.382364, -0.281639, -0.171724, -0.21159 , -0.463293, -0.400401, -0.400882, -0.458754,  0.392387,  0.388625, -0.490756]
energy_long: [0.068801, 0.094476, 0.09597 , 0.217692, 0.104004, 0.264229, 0.296377, 0.299282, 0.354702, 0.215886, 0.099205, 0.097145, 0.16256 ]