step=656820, graph_id=0, num_atoms=13
scalar_charges: [ 2.11978 , -2.722863, -2.727247,  1.799014,  1.724973,  1.754383,  1.912208,  1.872671,  1.871553,  1.917816, -2.711853, -2.718849,  1.954102]
spherical_charges_l0: [[-3.183593],
 [-0.032122],
 [-0.022299],
 [-0.183439],
 [-0.030904],
 [-0.0251  ],
 [ 0.015962],
 [ 0.006456],
 [ 0.019569],
 [-0.124542],
 [-0.041991],
 [-0.03649 ],
 [-3.149785]]
spherical_charges_l1: [[-1.658410e-02, -6.610576e+00, -3.805419e+00],
 [-1.280650e-02,  8.170986e-03, -3.656593e-03],
 [ 1.297038e-02, -1.149993e-02,  2.001612e-03],
 [ 3.396794e-01, -9.711784e-01, -9.031241e-02],
 [ 3.245185e-01, -2.270299e-02,  3.573306e-01],
 [ 2.498891e-01,  1.207467e-01,  2.946777e-01],
 [-3.694253e-03,  8.577349e-03,  7.530505e-03],
 [-6.666227e-02, -2.239378e-02,  2.630728e-01],
 [ 2.453453e-02,  1.468699e-01,  2.520063e-01],
 [-2.851274e-01,  8.036140e-01, -3.103331e-01],
 [-1.109073e-02, -6.176108e-03,  2.647203e-03],
 [ 9.842595e-03,  9.822730e-03, -4.490416e-03],
 [-3.717921e+00,  5.233100e+00, -3.708765e+00]]
spherical_charges_l2: [[ 3.290604e+00, -2.894663e+00,  5.015327e+00,  2.414768e+00, -3.368559e+00],
 [-1.738897e-01,  5.777004e-02, -1.433971e-01,  3.580923e-02,  6.028778e-02],
 [-1.129243e-01,  1.252003e-01, -5.809221e-02,  5.167669e-02,  7.291991e-02],
 [-1.383875e-01,  1.269511e-01,  5.792533e-02,  4.474698e-03,  7.934348e-02],
 [ 5.794027e-01,  5.092090e-01, -1.819934e-01, -1.349894e-01,  4.324408e-01],
 [ 6.862961e-01,  4.456808e-01,  9.587047e-02, -7.406846e-01,  2.388319e-01],
 [ 7.684953e-01,  1.467147e-01, -7.340320e-03,  2.150430e-01,  3.956268e-01],
 [ 1.275698e-01,  6.850989e-01, -5.067160e-01,  6.369638e-01,  8.200287e-02],
 [ 3.398585e-01,  7.863725e-01, -4.111940e-02,  1.315810e-02,  4.304670e-01],
 [-3.191404e-02, -9.859993e-02,  9.430926e-02,  9.177643e-02,  2.922832e-02],
 [-1.649013e-01, -1.783049e-01,  7.597499e-02, -3.161408e-03,  1.009609e-01],
 [-3.805014e-02, -2.128599e-01,  9.780307e-02,  5.191933e-02,  7.865610e-02],
 [ 3.105424e+00,  3.550462e+00, -6.955736e-01, -4.348332e+00, -4.384744e+00]]
energy_short: [-0.854097,  0.340156,  0.335309, -0.308073, -0.187169, -0.235392, -0.490271, -0.426613, -0.425095, -0.501957,  0.348913,  0.343254, -0.559756]
energy_long: [0.115064, 0.090015, 0.091231, 0.235368, 0.139497, 0.313324, 0.336798, 0.355481, 0.433192, 0.23813 , 0.093998, 0.091732, 0.20876 ]