step=2787480, graph_id=0, num_atoms=13
scalar_charges: [ 0.817192, -0.952086, -0.947814,  0.606622,  0.570821,  0.584205,  0.661021,  0.642332,  0.642198,  0.659633, -0.958256, -0.953006,  0.714583]
spherical_charges_l0: [[-0.977008],
 [-0.021188],
 [-0.012656],
 [-0.039032],
 [-0.024308],
 [-0.021904],
 [-0.010615],
 [-0.010346],
 [ 0.001425],
 [-0.014713],
 [-0.019067],
 [-0.019739],
 [-0.99877 ]]
spherical_charges_l1: [[-1.024959e-02, -1.884756e+00, -1.084256e+00],
 [-9.570519e-03, -7.097995e-03, -7.961972e-03],
 [ 4.618012e-03, -7.961074e-03, -1.318529e-03],
 [ 9.701719e-02, -2.478123e-01, -1.023879e-02],
 [ 7.876086e-02, -9.809528e-03,  8.437131e-02],
 [ 5.443614e-02,  3.213947e-02,  6.494088e-02],
 [-5.545527e-03,  3.841758e-03, -9.549040e-03],
 [-1.364089e-02, -1.008047e-02,  5.627462e-02],
 [ 4.888156e-03,  3.637727e-02,  5.466726e-02],
 [-7.005281e-02,  2.128130e-01, -7.220634e-02],
 [-1.019004e-02,  5.235634e-04, -6.063934e-04],
 [ 2.576300e-03,  1.038477e-02, -5.008776e-03],
 [-1.046945e+00,  1.465127e+00, -1.053164e+00]]
spherical_charges_l2: [[ 1.012423, -0.951862,  1.549876,  0.737553, -1.102691],
 [-0.063409,  0.019681, -0.052399,  0.012485,  0.02074 ],
 [-0.040363,  0.045131, -0.019331,  0.017908,  0.025369],
 [-0.038259,  0.057879,  0.013248,  0.009796,  0.042616],
 [ 0.17015 ,  0.163269, -0.073395, -0.032006,  0.13295 ],
 [ 0.21841 ,  0.133061,  0.033731, -0.241945,  0.079663],
 [ 0.249284,  0.028859, -0.003369,  0.068978,  0.115551],
 [ 0.033199,  0.216786, -0.163195,  0.216803,  0.017391],
 [ 0.111254,  0.253144, -0.013519, -0.010309,  0.139355],
 [-0.004896, -0.03843 ,  0.03787 ,  0.032822,  0.027905],
 [-0.061995, -0.054381,  0.022499, -0.002725,  0.035952],
 [-0.00708 , -0.078641,  0.036374,  0.022429,  0.027936],
 [ 0.961554,  1.109843, -0.231445, -1.366576, -1.398121]]
energy_short: [-1.03643 ,  0.630758,  0.628182, -0.424918, -0.303122, -0.347733, -0.592479, -0.535285, -0.534531, -0.590534,  0.63571 ,  0.632085, -0.753108]
energy_long: [0.105475, 0.120054, 0.121809, 0.253915, 0.158258, 0.298149, 0.32923 , 0.316809, 0.382783, 0.252061, 0.125139, 0.122881, 0.196755]