step=2535165, graph_id=0, num_atoms=13
scalar_charges: [ 0.848198, -0.963955, -0.96083 ,  0.623764,  0.585127,  0.599407,  0.683595,  0.662938,  0.662976,  0.682218, -0.970502, -0.965605,  0.736791]
spherical_charges_l0: [[-1.026367],
 [-0.019851],
 [-0.012158],
 [-0.041118],
 [-0.026022],
 [-0.022078],
 [-0.007675],
 [-0.008614],
 [ 0.003795],
 [-0.014539],
 [-0.018221],
 [-0.018792],
 [-1.045434]]
spherical_charges_l1: [[-7.104252e-03, -1.956078e+00, -1.114323e+00],
 [-9.515035e-03, -7.703266e-03, -8.466064e-03],
 [ 4.272290e-03, -8.422628e-03, -1.895812e-03],
 [ 1.037094e-01, -2.623351e-01, -1.152684e-02],
 [ 8.635958e-02, -9.940127e-03,  9.283950e-02],
 [ 5.906240e-02,  3.408150e-02,  6.984194e-02],
 [-6.012092e-03,  4.871628e-03, -9.608660e-03],
 [-1.492084e-02, -1.046045e-02,  5.991047e-02],
 [ 5.107873e-03,  3.934781e-02,  5.872172e-02],
 [-7.324463e-02,  2.241086e-01, -7.603356e-02],
 [-1.084394e-02,  1.358188e-03, -1.040172e-03],
 [ 2.030850e-03,  1.109095e-02, -5.375889e-03],
 [-1.076186e+00,  1.508363e+00, -1.082564e+00]]
spherical_charges_l2: [[ 1.073493, -1.003826,  1.637697,  0.780416, -1.159526],
 [-0.061375,  0.021404, -0.04865 ,  0.013649,  0.020845],
 [-0.041265,  0.0427  , -0.020622,  0.018361,  0.024176],
 [-0.043996,  0.064917,  0.006931,  0.009847,  0.04866 ],
 [ 0.180744,  0.172213, -0.079935, -0.03353 ,  0.140485],
 [ 0.230795,  0.137962,  0.035909, -0.259369,  0.083103],
 [ 0.265338,  0.028824, -0.003713,  0.073072,  0.121347],
 [ 0.033587,  0.228508, -0.173279,  0.231383,  0.017531],
 [ 0.117045,  0.267192, -0.013198, -0.012677,  0.148162],
 [-0.007518, -0.04351 ,  0.040414,  0.037526,  0.033678],
 [-0.058266, -0.055624,  0.023384, -0.002993,  0.033626],
 [-0.01008 , -0.076987,  0.035573,  0.019325,  0.026821],
 [ 1.014601,  1.164862, -0.241579, -1.435318, -1.470087]]
energy_short: [-0.997247,  0.610819,  0.608666, -0.396241, -0.277061, -0.320769, -0.565977, -0.508239, -0.508088, -0.563697,  0.615569,  0.612145, -0.713914]
energy_long: [0.092441, 0.111868, 0.11306 , 0.246312, 0.148493, 0.289749, 0.327143, 0.306826, 0.375927, 0.243409, 0.116508, 0.114174, 0.186641]