step=1734165, graph_id=0, num_atoms=13
scalar_charges: [ 1.025003, -1.220876, -1.216965,  0.804772,  0.756098,  0.772798,  0.869338,  0.845531,  0.845082,  0.871755, -1.2275  , -1.222534,  0.903075]
spherical_charges_l0: [[-1.413663],
 [-0.024825],
 [-0.015692],
 [-0.060377],
 [-0.037523],
 [-0.031814],
 [-0.014089],
 [-0.015462],
 [-0.001678],
 [-0.025122],
 [-0.024905],
 [-0.025037],
 [-1.438144]]
spherical_charges_l1: [[-2.573818e-02, -2.670240e+00, -1.518022e+00],
 [-1.253373e-02, -8.937494e-03, -1.042329e-02],
 [ 5.653951e-03, -8.954475e-03, -1.422420e-03],
 [ 1.346940e-01, -3.438549e-01, -1.967316e-02],
 [ 1.042999e-01, -1.708213e-02,  1.136755e-01],
 [ 7.631886e-02,  4.887904e-02,  9.237370e-02],
 [-8.688603e-03,  4.333954e-03, -1.546022e-02],
 [-1.882903e-02, -1.643522e-02,  7.857561e-02],
 [ 6.393924e-03,  5.126838e-02,  7.215374e-02],
 [-9.811779e-02,  2.898797e-01, -1.032636e-01],
 [-1.177727e-02,  4.967774e-04, -6.504556e-04],
 [ 3.860578e-03,  1.245454e-02, -5.982543e-03],
 [-1.480769e+00,  2.076149e+00, -1.458850e+00]]
spherical_charges_l2: [[ 1.555801e+00, -1.438613e+00,  2.315463e+00,  1.056419e+00, -1.637925e+00],
 [-8.478687e-02,  2.522435e-02, -6.945180e-02,  1.609038e-02,  2.828397e-02],
 [-5.146512e-02,  5.926695e-02, -2.632024e-02,  2.334450e-02,  3.344773e-02],
 [-7.496607e-02,  9.315693e-02, -2.166094e-03,  9.464065e-03,  7.836021e-02],
 [ 2.533567e-01,  2.431144e-01, -1.151581e-01, -4.956981e-02,  1.934378e-01],
 [ 3.291032e-01,  1.961419e-01,  4.421090e-02, -3.634432e-01,  1.148761e-01],
 [ 3.679456e-01,  3.572548e-02, -2.450205e-03,  1.003233e-01,  1.691053e-01],
 [ 5.000788e-02,  3.177057e-01, -2.458435e-01,  3.229003e-01,  1.854328e-02],
 [ 1.655139e-01,  3.731177e-01, -1.584048e-02, -1.994811e-02,  2.023091e-01],
 [-1.934529e-02, -6.967977e-02,  5.958827e-02,  6.350971e-02,  6.008808e-02],
 [-8.206113e-02, -7.458643e-02,  3.110772e-02, -4.201733e-03,  4.717904e-02],
 [-1.061908e-02, -1.049418e-01,  4.852414e-02,  2.882171e-02,  3.697978e-02],
 [ 1.437277e+00,  1.680382e+00, -3.600916e-01, -2.014323e+00, -2.071258e+00]]
energy_short: [-0.895403,  0.544719,  0.541786, -0.362858, -0.235968, -0.280237, -0.524399, -0.466918, -0.465721, -0.531227,  0.549632,  0.545795, -0.61336 ]
energy_long: [0.077626, 0.098875, 0.101033, 0.224482, 0.125209, 0.274162, 0.300554, 0.297629, 0.366058, 0.220542, 0.104335, 0.102148, 0.176685]