step=788985, graph_id=0, num_atoms=13
scalar_charges: [ 1.767245, -2.482676, -2.489559,  1.51268 ,  1.442781,  1.463644,  1.595963,  1.563947,  1.563922,  1.603199, -2.46846 , -2.477436,  1.626811]
spherical_charges_l0: [[-2.858548e+00],
 [-3.557005e-02],
 [-2.347575e-02],
 [-1.520856e-01],
 [-2.436635e-02],
 [-1.546730e-02],
 [-7.277922e-03],
 [ 2.392183e-03],
 [ 1.287783e-02],
 [-9.540326e-02],
 [-4.030372e-02],
 [-3.734529e-02],
 [-2.843580e+00]]
spherical_charges_l1: [[-2.302750e-02, -6.229376e+00, -3.543670e+00],
 [-1.047643e-02, -7.618666e-03, -9.520710e-03],
 [ 7.463146e-03, -1.765655e-02, -3.985760e-03],
 [ 2.849989e-01, -7.458732e-01, -7.429051e-02],
 [ 2.394378e-01, -2.318929e-02,  2.815521e-01],
 [ 1.966767e-01,  1.045147e-01,  2.268942e-01],
 [-1.022773e-02,  3.118430e-03, -1.694776e-02],
 [-5.674847e-02, -2.152801e-02,  2.077009e-01],
 [ 2.473499e-02,  1.176348e-01,  1.943335e-01],
 [-2.124135e-01,  6.059664e-01, -2.506588e-01],
 [-1.000869e-02,  7.265191e-03, -3.911246e-03],
 [-1.818064e-03,  1.529280e-02, -7.568755e-03],
 [-3.453164e+00,  4.850930e+00, -3.426441e+00]]
spherical_charges_l2: [[ 3.398409e+00, -2.972602e+00,  4.705058e+00,  1.864058e+00, -3.297884e+00],
 [-1.642629e-01,  5.106863e-02, -1.409490e-01,  2.983354e-02,  5.754941e-02],
 [-9.917586e-02,  1.193565e-01, -5.185807e-02,  4.227376e-02,  7.091963e-02],
 [-1.946031e-01,  1.551187e-01, -2.328867e-02,  3.119720e-02,  1.179660e-01],
 [ 4.938359e-01,  4.440550e-01, -1.874143e-01, -9.872315e-02,  3.708110e-01],
 [ 6.166121e-01,  3.724882e-01,  9.321807e-02, -6.833656e-01,  2.173145e-01],
 [ 7.076932e-01,  9.753707e-02, -4.035376e-03,  1.901562e-01,  3.361382e-01],
 [ 9.666769e-02,  6.046067e-01, -4.658679e-01,  6.025130e-01,  5.337304e-02],
 [ 3.069830e-01,  7.081628e-01, -2.864178e-02, -1.983680e-02,  3.908810e-01],
 [-5.984616e-02, -1.630026e-01,  1.187863e-01,  9.012033e-02,  8.936913e-02],
 [-1.517477e-01, -1.548839e-01,  6.511158e-02,  1.666398e-03,  9.654555e-02],
 [-3.044813e-02, -1.978306e-01,  9.062567e-02,  5.710331e-02,  7.817035e-02],
 [ 2.961432e+00,  3.644443e+00, -8.988034e-01, -3.850904e+00, -4.142996e+00]]
energy_short: [-0.812747,  0.342264,  0.338559, -0.319969, -0.18759 , -0.227444, -0.47581 , -0.416942, -0.417083, -0.491196,  0.34885 ,  0.344772, -0.538033]
energy_long: [0.089737, 0.098358, 0.09908 , 0.236688, 0.138335, 0.274982, 0.328228, 0.319542, 0.40344 , 0.23577 , 0.102064, 0.100077, 0.200698]