step=3396240, graph_id=0, num_atoms=13
scalar_charges: [ 0.790796, -0.922181, -0.920141,  0.584027,  0.549578,  0.561722,  0.632202,  0.615267,  0.61501 ,  0.631884, -0.927244, -0.923554,  0.695048]
spherical_charges_l0: [[-0.936655],
 [-0.020243],
 [-0.012342],
 [-0.037646],
 [-0.02355 ],
 [-0.020752],
 [-0.009133],
 [-0.009452],
 [ 0.001939],
 [-0.014718],
 [-0.018263],
 [-0.01897 ],
 [-0.952775]]
spherical_charges_l1: [[-1.230937e-02, -1.817667e+00, -1.037805e+00],
 [-8.983418e-03, -6.281643e-03, -7.340345e-03],
 [ 4.606022e-03, -7.958850e-03, -1.413872e-03],
 [ 9.660769e-02, -2.383642e-01, -8.503570e-03],
 [ 7.763495e-02, -9.728555e-03,  8.255985e-02],
 [ 5.169143e-02,  3.101254e-02,  6.225707e-02],
 [-4.589317e-03,  3.478670e-03, -7.873933e-03],
 [-1.269453e-02, -9.601990e-03,  5.345726e-02],
 [ 4.711790e-03,  3.460728e-02,  5.314530e-02],
 [-6.526708e-02,  2.046216e-01, -6.945174e-02],
 [-9.832940e-03,  5.788103e-04, -6.207892e-04],
 [ 2.436674e-03,  9.912143e-03, -4.781531e-03],
 [-1.009159e+00,  1.413443e+00, -1.011504e+00]]
spherical_charges_l2: [[ 9.637876e-01, -8.969066e-01,  1.466945e+00,  6.949490e-01, -1.038065e+00],
 [-6.033363e-02,  2.011631e-02, -4.859025e-02,  1.263471e-02,  1.996805e-02],
 [-4.029327e-02,  4.232492e-02, -1.972559e-02,  1.776088e-02,  2.382417e-02],
 [-3.462930e-02,  5.546342e-02,  1.524386e-02,  1.125834e-02,  4.154556e-02],
 [ 1.644242e-01,  1.547872e-01, -6.906240e-02, -3.131820e-02,  1.270649e-01],
 [ 2.055366e-01,  1.265558e-01,  3.066482e-02, -2.279370e-01,  7.646363e-02],
 [ 2.289200e-01,  2.916893e-02, -3.059168e-03,  6.325297e-02,  1.069224e-01],
 [ 3.244696e-02,  2.050030e-01, -1.509651e-01,  2.028175e-01,  1.714900e-02],
 [ 1.054032e-01,  2.395603e-01, -1.489346e-02, -8.145209e-03,  1.307735e-01],
 [-1.249954e-03, -3.426328e-02,  3.621959e-02,  2.995064e-02,  2.458514e-02],
 [-5.822831e-02, -5.316042e-02,  2.214061e-02, -2.437716e-03,  3.397829e-02],
 [-8.596708e-03, -7.524891e-02,  3.476740e-02,  2.019470e-02,  2.665052e-02],
 [ 9.106857e-01,  1.049958e+00, -2.202479e-01, -1.286587e+00, -1.320903e+00]]
energy_short: [-1.071446,  0.643084,  0.640873, -0.427083, -0.3012  , -0.34572 , -0.590463, -0.533897, -0.53282 , -0.589757,  0.648601,  0.64451 , -0.788552]
energy_long: [0.10245 , 0.117938, 0.118828, 0.25742 , 0.158457, 0.30256 , 0.331598, 0.319289, 0.385406, 0.256737, 0.122405, 0.120018, 0.192293]