step=3288105, graph_id=0, num_atoms=13
scalar_charges: [ 0.819453, -0.913356, -0.911076,  0.600914,  0.566244,  0.579328,  0.654082,  0.635768,  0.635398,  0.651491, -0.918483, -0.914674,  0.717331]
spherical_charges_l0: [[-0.948216],
 [-0.020717],
 [-0.012731],
 [-0.036921],
 [-0.023789],
 [-0.020617],
 [-0.008395],
 [-0.009135],
 [ 0.002187],
 [-0.013964],
 [-0.018505],
 [-0.019292],
 [-0.964866]]
spherical_charges_l1: [[-1.363379e-02, -1.818671e+00, -1.038117e+00],
 [-8.680177e-03, -6.678807e-03, -7.312662e-03],
 [ 3.999553e-03, -7.856037e-03, -1.541736e-03],
 [ 9.550602e-02, -2.387826e-01, -1.160409e-02],
 [ 7.655431e-02, -1.093664e-02,  8.221490e-02],
 [ 5.228046e-02,  3.232482e-02,  6.329700e-02],
 [-5.034749e-03,  3.830020e-03, -8.467474e-03],
 [-1.283121e-02, -1.008432e-02,  5.473032e-02],
 [ 4.566194e-03,  3.549154e-02,  5.327874e-02],
 [-6.686723e-02,  2.045462e-01, -7.171763e-02],
 [-9.542252e-03,  4.954513e-04, -5.696512e-04],
 [ 2.208551e-03,  9.658016e-03, -4.664017e-03],
 [-1.009617e+00,  1.413688e+00, -1.010593e+00]]
spherical_charges_l2: [[ 9.583452e-01, -8.971207e-01,  1.466019e+00,  6.979690e-01, -1.038305e+00],
 [-5.923682e-02,  1.932219e-02, -4.844531e-02,  1.186779e-02,  1.984039e-02],
 [-3.903047e-02,  4.175039e-02, -1.883133e-02,  1.747872e-02,  2.338549e-02],
 [-3.150616e-02,  5.486470e-02,  1.612613e-02,  1.034970e-02,  4.011583e-02],
 [ 1.666016e-01,  1.570319e-01, -7.180066e-02, -3.286316e-02,  1.290000e-01],
 [ 2.105854e-01,  1.303171e-01,  3.051026e-02, -2.315280e-01,  7.791477e-02],
 [ 2.351907e-01,  3.193042e-02, -3.411191e-03,  6.510285e-02,  1.110896e-01],
 [ 3.452339e-02,  2.105805e-01, -1.546453e-01,  2.069087e-01,  1.859210e-02],
 [ 1.081132e-01,  2.450235e-01, -1.510174e-02, -7.344927e-03,  1.334286e-01],
 [-5.601538e-04, -3.297781e-02,  3.529515e-02,  2.976198e-02,  2.407657e-02],
 [-5.687296e-02, -5.182554e-02,  2.157916e-02, -2.375535e-03,  3.318825e-02],
 [-8.249620e-03, -7.377984e-02,  3.409154e-02,  1.993176e-02,  2.614640e-02],
 [ 9.106001e-01,  1.047077e+00, -2.168632e-01, -1.291037e+00, -1.321951e+00]]
energy_short: [-1.060601,  0.649629,  0.647166, -0.416908, -0.296465, -0.341789, -0.587311, -0.529561, -0.528198, -0.579976,  0.65504 ,  0.650941, -0.776701]
energy_long: [0.094204, 0.115548, 0.116193, 0.25337 , 0.156467, 0.298144, 0.330171, 0.314568, 0.384799, 0.252221, 0.120015, 0.117374, 0.187886]