step=3252060, graph_id=0, num_atoms=13
scalar_charges: [ 0.801095, -0.922498, -0.919869,  0.590477,  0.555436,  0.567698,  0.640078,  0.622588,  0.622468,  0.640231, -0.928148, -0.923875,  0.702119]
spherical_charges_l0: [[-0.933323],
 [-0.019181],
 [-0.011727],
 [-0.038542],
 [-0.022586],
 [-0.020007],
 [-0.008821],
 [-0.009093],
 [ 0.002335],
 [-0.015666],
 [-0.017229],
 [-0.018022],
 [-0.948843]]
spherical_charges_l1: [[-1.214794e-02, -1.816202e+00, -1.039158e+00],
 [-9.502237e-03, -6.408225e-03, -7.708248e-03],
 [ 5.210051e-03, -8.303644e-03, -1.337740e-03],
 [ 9.744996e-02, -2.425929e-01, -9.785660e-03],
 [ 7.610853e-02, -1.025745e-02,  8.156968e-02],
 [ 5.219859e-02,  3.104041e-02,  6.258909e-02],
 [-5.095721e-03,  3.848511e-03, -8.555698e-03],
 [-1.300165e-02, -9.692558e-03,  5.403005e-02],
 [ 4.781851e-03,  3.485337e-02,  5.286014e-02],
 [-6.681149e-02,  2.084550e-01, -7.104748e-02],
 [-1.149867e-02,  4.660432e-04, -6.229633e-04],
 [ 3.062916e-03,  1.088784e-02, -5.239770e-03],
 [-1.006409e+00,  1.409290e+00, -1.010431e+00]]
spherical_charges_l2: [[ 0.951054, -0.891914,  1.458352,  0.698545, -1.031595],
 [-0.058353,  0.019134, -0.04693 ,  0.012466,  0.019069],
 [-0.03804 ,  0.040625, -0.018488,  0.017021,  0.0229  ],
 [-0.036   ,  0.054877,  0.015243,  0.010339,  0.04005 ],
 [ 0.15948 ,  0.153885, -0.07187 , -0.029646,  0.124361],
 [ 0.204874,  0.126507,  0.030396, -0.229036,  0.074629],
 [ 0.2318  ,  0.028275, -0.002717,  0.064501,  0.108411],
 [ 0.030836,  0.204711, -0.152882,  0.203428,  0.015523],
 [ 0.104032,  0.238627, -0.01315 , -0.011113,  0.129757],
 [-0.002944, -0.034921,  0.036135,  0.030615,  0.024432],
 [-0.056548, -0.050545,  0.021022, -0.00305 ,  0.032336],
 [-0.007394, -0.072572,  0.033597,  0.019399,  0.025118],
 [ 0.90144 ,  1.036661, -0.21356 , -1.283252, -1.31027 ]]
energy_short: [-1.069459,  0.64423 ,  0.641956, -0.430866, -0.305982, -0.349916, -0.594741, -0.537944, -0.537252, -0.595519,  0.649757,  0.645654, -0.786114]
energy_long: [0.103316, 0.116195, 0.117115, 0.2536  , 0.152367, 0.29919 , 0.324815, 0.318015, 0.380599, 0.252696, 0.120771, 0.118378, 0.192273]