step=2995740, graph_id=0, num_atoms=13
scalar_charges: [ 0.816908, -0.941507, -0.938878,  0.608139,  0.571563,  0.584387,  0.659717,  0.641506,  0.641329,  0.66015 , -0.947277, -0.94296 ,  0.714542]
spherical_charges_l0: [[-0.952656],
 [-0.019893],
 [-0.012408],
 [-0.03686 ],
 [-0.023663],
 [-0.020259],
 [-0.00924 ],
 [-0.008986],
 [ 0.002211],
 [-0.012955],
 [-0.017864],
 [-0.018614],
 [-0.970043]]
spherical_charges_l1: [[-1.362149e-02, -1.836420e+00, -1.047008e+00],
 [-9.685507e-03, -6.779010e-03, -7.972659e-03],
 [ 4.652472e-03, -8.075478e-03, -1.417186e-03],
 [ 9.518445e-02, -2.398715e-01, -9.994362e-03],
 [ 7.441667e-02, -9.667685e-03,  8.072144e-02],
 [ 5.202580e-02,  3.024813e-02,  6.172454e-02],
 [-5.033231e-03,  3.468804e-03, -9.003733e-03],
 [-1.310067e-02, -9.359052e-03,  5.276665e-02],
 [ 4.981716e-03,  3.378383e-02,  5.170031e-02],
 [-6.687763e-02,  2.048220e-01, -7.031292e-02],
 [-1.059828e-02,  6.292947e-04, -6.719680e-04],
 [ 2.684622e-03,  1.061319e-02, -5.117452e-03],
 [-1.018339e+00,  1.426593e+00, -1.017481e+00]]
spherical_charges_l2: [[ 0.992245, -0.920101,  1.487118,  0.693767, -1.049896],
 [-0.05933 ,  0.01903 , -0.048312,  0.012188,  0.019613],
 [-0.038597,  0.041913, -0.018831,  0.017266,  0.023597],
 [-0.036815,  0.055877,  0.013609,  0.011215,  0.041231],
 [ 0.162061,  0.154617, -0.072073, -0.031526,  0.126784],
 [ 0.208054,  0.127275,  0.030158, -0.2311  ,  0.075302],
 [ 0.234287,  0.027639, -0.002468,  0.06505 ,  0.109398],
 [ 0.032162,  0.206592, -0.15458 ,  0.205653,  0.016077],
 [ 0.106413,  0.241573, -0.013366, -0.009566,  0.131412],
 [-0.003322, -0.035972,  0.036632,  0.031375,  0.026555],
 [-0.056673, -0.051294,  0.021336, -0.002411,  0.033017],
 [-0.007668, -0.073409,  0.033944,  0.020028,  0.02588 ],
 [ 0.928736,  1.081865, -0.231371, -1.294852, -1.334119]]
energy_short: [-1.046487,  0.651631,  0.649649, -0.436954, -0.312508, -0.356147, -0.59959 , -0.543079, -0.542247, -0.601456,  0.657052,  0.653298, -0.762566]
energy_long: [0.105337, 0.117535, 0.11834 , 0.254996, 0.160475, 0.301   , 0.328108, 0.317705, 0.38283 , 0.252328, 0.121986, 0.119619, 0.198151]