step=1305630, graph_id=0, num_atoms=13
scalar_charges: [ 1.223656, -1.595067, -1.592498,  1.013101,  0.960719,  0.979836,  1.088791,  1.060679,  1.059928,  1.08429 , -1.603306, -1.598277,  1.102155]
spherical_charges_l0: [[-1.746678e+00],
 [-2.454503e-02],
 [-1.655971e-02],
 [-7.991789e-02],
 [-4.375763e-02],
 [-3.510918e-02],
 [-7.831953e-03],
 [-1.193220e-02],
 [ 1.508531e-03],
 [-3.883520e-02],
 [-2.738304e-02],
 [-2.636184e-02],
 [-1.756635e+00]]
spherical_charges_l1: [[-1.068678e-02, -3.415382e+00, -1.949683e+00],
 [-1.510019e-02, -1.019742e-02, -1.262061e-02],
 [ 7.156133e-03, -1.099701e-02, -1.812274e-03],
 [ 1.784226e-01, -4.761677e-01, -3.546928e-02],
 [ 1.487698e-01, -2.182800e-02,  1.645965e-01],
 [ 1.070271e-01,  6.579082e-02,  1.279904e-01],
 [-8.396895e-03,  5.693418e-03, -1.322958e-02],
 [-2.823077e-02, -2.018325e-02,  1.134399e-01],
 [ 1.007458e-02,  7.401126e-02,  1.071048e-01],
 [-1.426111e-01,  4.038360e-01, -1.497978e-01],
 [-1.387188e-02,  2.116005e-03, -1.519553e-03],
 [ 3.723832e-03,  1.554833e-02, -7.508641e-03],
 [-1.876712e+00,  2.633485e+00, -1.882622e+00]]
spherical_charges_l2: [[ 2.016628, -1.811702,  2.926976,  1.277492, -2.067971],
 [-0.097971,  0.028991, -0.080824,  0.018823,  0.0329  ],
 [-0.059952,  0.070778, -0.031539,  0.026678,  0.040932],
 [-0.10932 ,  0.121799, -0.01837 ,  0.018295,  0.115815],
 [ 0.363865,  0.327121, -0.138267, -0.079107,  0.276314],
 [ 0.43818 ,  0.267455,  0.063724, -0.477482,  0.16754 ],
 [ 0.474725,  0.05347 , -0.002951,  0.130425,  0.219402],
 [ 0.069148,  0.42496 , -0.315333,  0.428783,  0.038634],
 [ 0.225226,  0.50279 , -0.030497, -0.013249,  0.277008],
 [-0.031355, -0.100338,  0.090374,  0.082263,  0.093495],
 [-0.097806, -0.090347,  0.037833, -0.005741,  0.055648],
 [-0.01327 , -0.124428,  0.05752 ,  0.033765,  0.043874],
 [ 1.821077,  2.162607, -0.493072, -2.490483, -2.60489 ]]
energy_short: [-0.819595,  0.447324,  0.444602, -0.341417, -0.216492, -0.262907, -0.514392, -0.451973, -0.450163, -0.505765,  0.453815,  0.44947 , -0.550022]
energy_long: [0.064309, 0.09904 , 0.102499, 0.223267, 0.12318 , 0.25693 , 0.301469, 0.287428, 0.348128, 0.224096, 0.104539, 0.102461, 0.16372 ]