step=2543175, graph_id=0, num_atoms=13
scalar_charges: [ 0.841785, -0.971739, -0.96876 ,  0.619419,  0.577944,  0.592416,  0.674745,  0.654913,  0.654874,  0.677726, -0.977169, -0.972968,  0.730012]
spherical_charges_l0: [[-1.050524e+00],
 [-2.112651e-02],
 [-1.297412e-02],
 [-4.047399e-02],
 [-2.697712e-02],
 [-2.404865e-02],
 [-1.179039e-02],
 [-1.189161e-02],
 [ 6.679253e-04],
 [-1.463489e-02],
 [-1.975134e-02],
 [-2.021705e-02],
 [-1.075793e+00]]
spherical_charges_l1: [[-1.921249e-02, -2.010551e+00, -1.153727e+00],
 [-9.132687e-03, -7.376633e-03, -7.953622e-03],
 [ 4.055663e-03, -7.861716e-03, -1.626258e-03],
 [ 1.043492e-01, -2.554265e-01, -1.019702e-02],
 [ 8.179251e-02, -1.182498e-02,  8.730593e-02],
 [ 5.593437e-02,  3.620151e-02,  6.838121e-02],
 [-5.984898e-03,  3.206802e-03, -1.145738e-02],
 [-1.374921e-02, -1.152684e-02,  5.907877e-02],
 [ 4.487288e-03,  3.876840e-02,  5.594043e-02],
 [-7.057555e-02,  2.182980e-01, -7.513386e-02],
 [-9.935020e-03,  8.749968e-04, -7.714367e-04],
 [ 2.186413e-03,  1.042989e-02, -5.045249e-03],
 [-1.121202e+00,  1.566838e+00, -1.120433e+00]]
spherical_charges_l2: [[ 1.109907, -1.019664,  1.654301,  0.766942, -1.162035],
 [-0.06675 ,  0.021194, -0.052975,  0.015113,  0.021424],
 [-0.04356 ,  0.047077, -0.020527,  0.02037 ,  0.026275],
 [-0.04949 ,  0.067593,  0.00878 ,  0.013848,  0.049163],
 [ 0.176031,  0.171978, -0.079089, -0.030397,  0.137889],
 [ 0.225937,  0.134729,  0.036714, -0.259688,  0.081474],
 [ 0.260543,  0.023048, -0.003897,  0.071342,  0.115946],
 [ 0.028704,  0.224278, -0.171797,  0.229588,  0.013506],
 [ 0.113997,  0.264128, -0.012962, -0.016531,  0.146063],
 [-0.007319, -0.047076,  0.043054,  0.035822,  0.033064],
 [-0.064931, -0.059528,  0.024913, -0.00414 ,  0.036636],
 [-0.009003, -0.083592,  0.038748,  0.021159,  0.028159],
 [ 1.039426,  1.210942, -0.258056, -1.443842, -1.485383]]
energy_short: [-1.005851,  0.607058,  0.604754, -0.405878, -0.275465, -0.320501, -0.563714, -0.507631, -0.50726 , -0.57446 ,  0.611507,  0.608111, -0.719427]
energy_long: [0.092369, 0.115446, 0.11661 , 0.246355, 0.157586, 0.294158, 0.327112, 0.31087 , 0.374456, 0.24334 , 0.120154, 0.117741, 0.192155]