step=2791485, graph_id=0, num_atoms=13
scalar_charges: [ 0.836028, -0.978957, -0.974928,  0.627259,  0.588178,  0.601791,  0.681612,  0.662076,  0.661842,  0.681961, -0.985265, -0.980061,  0.730572]
spherical_charges_l0: [[-0.969527],
 [-0.020816],
 [-0.012339],
 [-0.041312],
 [-0.025144],
 [-0.022306],
 [-0.009483],
 [-0.009938],
 [ 0.001783],
 [-0.016083],
 [-0.018395],
 [-0.019088],
 [-0.988825]]
spherical_charges_l1: [[-1.693440e-02, -1.888263e+00, -1.079095e+00],
 [-9.484599e-03, -6.445047e-03, -7.703497e-03],
 [ 4.466793e-03, -8.059090e-03, -1.489096e-03],
 [ 1.033220e-01, -2.599487e-01, -1.150668e-02],
 [ 7.962084e-02, -1.269066e-02,  8.542827e-02],
 [ 5.495597e-02,  3.548146e-02,  6.654668e-02],
 [-5.548200e-03,  3.699946e-03, -9.764628e-03],
 [-1.365730e-02, -1.101032e-02,  5.776677e-02],
 [ 4.857518e-03,  3.778524e-02,  5.548827e-02],
 [-7.326815e-02,  2.232613e-01, -7.781006e-02],
 [-9.848409e-03,  9.089864e-04, -7.840694e-04],
 [ 2.136036e-03,  1.011164e-02, -4.890027e-03],
 [-1.046593e+00,  1.466073e+00, -1.046267e+00]]
spherical_charges_l2: [[ 1.02436 , -0.951614,  1.550416,  0.732677, -1.095189],
 [-0.061695,  0.018699, -0.050771,  0.012613,  0.019962],
 [-0.039144,  0.043864, -0.018693,  0.017563,  0.024869],
 [-0.042918,  0.060733,  0.012853,  0.011621,  0.045157],
 [ 0.178417,  0.172037, -0.080932, -0.032758,  0.138941],
 [ 0.227898,  0.137749,  0.033152, -0.257975,  0.081745],
 [ 0.257397,  0.02976 , -0.003793,  0.071087,  0.118698],
 [ 0.033559,  0.226827, -0.170244,  0.227507,  0.015073],
 [ 0.116542,  0.266418, -0.014345, -0.013567,  0.144803],
 [-0.005505, -0.041278,  0.041075,  0.034016,  0.030112],
 [-0.060529, -0.053684,  0.022234, -0.002368,  0.035394],
 [-0.00717 , -0.07658 ,  0.035421,  0.021581,  0.027133],
 [ 0.965932,  1.113935, -0.230259, -1.358757, -1.387468]]
energy_short: [-1.027534,  0.628036,  0.625538, -0.439174, -0.310478, -0.354663, -0.601498, -0.543494, -0.542551, -0.604573,  0.632762,  0.629292, -0.744178]
energy_long: [0.100004, 0.120097, 0.121865, 0.255215, 0.156195, 0.296304, 0.33758 , 0.31328 , 0.386512, 0.253975, 0.125476, 0.123227, 0.193289]