step=2547180, graph_id=0, num_atoms=13
scalar_charges: [ 0.839597, -0.987404, -0.983961,  0.620288,  0.581659,  0.595785,  0.677899,  0.657818,  0.65791 ,  0.677469, -0.994591, -0.989368,  0.728051]
spherical_charges_l0: [[-1.008865e+00],
 [-2.117965e-02],
 [-1.280437e-02],
 [-4.146823e-02],
 [-2.819041e-02],
 [-2.512737e-02],
 [-1.040586e-02],
 [-1.209253e-02],
 [ 1.343063e-04],
 [-1.624960e-02],
 [-1.972116e-02],
 [-2.016446e-02],
 [-1.031483e+00]]
spherical_charges_l1: [[-9.562305e-03, -1.931346e+00, -1.115183e+00],
 [-1.004063e-02, -6.919760e-03, -8.290646e-03],
 [ 4.957411e-03, -8.335770e-03, -1.515419e-03],
 [ 1.018154e-01, -2.568148e-01, -8.465338e-03],
 [ 8.211011e-02, -1.240478e-02,  8.811444e-02],
 [ 5.795675e-02,  3.580084e-02,  7.011615e-02],
 [-6.109782e-03,  3.435062e-03, -1.054928e-02],
 [-1.517922e-02, -1.031493e-02,  6.064437e-02],
 [ 5.449125e-03,  3.836361e-02,  5.797620e-02],
 [-7.190940e-02,  2.211043e-01, -7.395107e-02],
 [-1.064569e-02,  5.524611e-04, -6.378317e-04],
 [ 2.785833e-03,  1.078449e-02, -5.199401e-03],
 [-1.071621e+00,  1.503902e+00, -1.080697e+00]]
spherical_charges_l2: [[ 1.055842, -0.992591,  1.632601,  0.783567, -1.159703],
 [-0.067357,  0.021915, -0.053596,  0.014794,  0.021935],
 [-0.044006,  0.048101, -0.021201,  0.020091,  0.02671 ],
 [-0.047795,  0.063902,  0.008357,  0.011243,  0.051635],
 [ 0.184552,  0.177111, -0.080169, -0.036151,  0.142545],
 [ 0.236012,  0.145681,  0.035323, -0.259467,  0.084798],
 [ 0.26645 ,  0.032637, -0.00387 ,  0.074232,  0.124425],
 [ 0.037201,  0.234077, -0.176737,  0.231637,  0.018593],
 [ 0.120433,  0.273468, -0.013696, -0.010159,  0.149287],
 [-0.008013, -0.044148,  0.043062,  0.038089,  0.035133],
 [-0.065294, -0.059996,  0.02507 , -0.003478,  0.037452],
 [-0.009074, -0.083972,  0.038859,  0.022102,  0.029058],
 [ 1.008676,  1.155622, -0.239213, -1.441294, -1.477158]]
energy_short: [-1.012581,  0.614497,  0.612302, -0.414108, -0.292579, -0.336719, -0.580731, -0.523493, -0.523515, -0.580989,  0.619508,  0.61602 , -0.723365]
energy_long: [0.105276, 0.114707, 0.116297, 0.249922, 0.148472, 0.297841, 0.327132, 0.312328, 0.379573, 0.248897, 0.119719, 0.117233, 0.191292]