step=1125405, graph_id=0, num_atoms=13
scalar_charges: [ 1.403358, -1.779215, -1.777617,  1.177453,  1.115605,  1.133956,  1.249758,  1.220011,  1.219539,  1.251509, -1.78655 , -1.782839,  1.274502]
spherical_charges_l0: [[-2.111152e+00],
 [-2.581879e-02],
 [-1.692735e-02],
 [-1.007192e-01],
 [-4.716521e-02],
 [-4.004100e-02],
 [-5.593403e-03],
 [-1.476275e-02],
 [-3.208525e-04],
 [-5.523271e-02],
 [-2.991634e-02],
 [-2.829849e-02],
 [-2.128616e+00]]
spherical_charges_l1: [[-2.245439e-02, -4.176741e+00, -2.405846e+00],
 [-1.233096e-02, -1.258264e-02, -1.244212e-02],
 [ 4.903301e-03, -1.446962e-02, -4.390941e-03],
 [ 2.074913e-01, -5.758159e-01, -5.447254e-02],
 [ 1.908136e-01, -2.074524e-02,  2.012640e-01],
 [ 1.322848e-01,  7.786235e-02,  1.572150e-01],
 [-3.840232e-03,  9.222189e-03,  1.454288e-03],
 [-3.636178e-02, -2.168902e-02,  1.388301e-01],
 [ 1.351807e-02,  8.645329e-02,  1.376081e-01],
 [-1.733128e-01,  4.849601e-01, -1.860332e-01],
 [-1.603169e-02,  4.475272e-03, -2.750868e-03],
 [ 1.122185e-03,  1.800262e-02, -8.800730e-03],
 [-2.320420e+00,  3.254601e+00, -2.324203e+00]]
spherical_charges_l2: [[ 2.277350e+00, -2.090725e+00,  3.511324e+00,  1.667088e+00, -2.458688e+00],
 [-1.066903e-01,  2.671974e-02, -9.172223e-02,  1.686855e-02,  3.512460e-02],
 [-6.010541e-02,  7.947326e-02, -3.066164e-02,  2.765350e-02,  4.500465e-02],
 [-1.631122e-01,  1.568148e-01, -2.694066e-02,  4.758827e-02,  1.168038e-01],
 [ 4.059712e-01,  3.564859e-01, -1.389758e-01, -9.416704e-02,  3.022611e-01],
 [ 4.875320e-01,  3.007132e-01,  8.151255e-02, -5.184423e-01,  1.914200e-01],
 [ 5.448853e-01,  8.965204e-02, -9.430688e-03,  1.475221e-01,  2.613383e-01],
 [ 8.700878e-02,  4.825570e-01, -3.537847e-01,  4.741208e-01,  6.071264e-02],
 [ 2.513683e-01,  5.649452e-01, -3.764959e-02,  2.246287e-03,  3.168688e-01],
 [-4.982306e-02, -1.573912e-01,  1.149627e-01,  7.216108e-02,  9.218452e-02],
 [-1.134909e-01, -9.382302e-02,  3.833516e-02, -4.020895e-03,  6.639580e-02],
 [-7.801917e-03, -1.353028e-01,  6.250727e-02,  4.390972e-02,  5.030508e-02],
 [ 2.159431e+00,  2.487682e+00, -5.028776e-01, -3.099468e+00, -3.142189e+00]]
energy_short: [-0.799923,  0.404426,  0.401767, -0.313513, -0.175198, -0.216754, -0.468219, -0.405651, -0.404687, -0.474174,  0.411377,  0.407406, -0.526317]
energy_long: [0.06842 , 0.098024, 0.101286, 0.216882, 0.121835, 0.267895, 0.304567, 0.292865, 0.349782, 0.218997, 0.103465, 0.101074, 0.160366]