step=1505880, graph_id=0, num_atoms=13
scalar_charges: [ 1.063041, -1.283699, -1.280477,  0.837587,  0.78788 ,  0.804593,  0.904226,  0.879965,  0.880335,  0.90832 , -1.293034, -1.287105,  0.942701]
spherical_charges_l0: [[-1.585998e+00],
 [-2.740198e-02],
 [-1.832579e-02],
 [-7.507141e-02],
 [-4.275648e-02],
 [-3.263066e-02],
 [-1.106852e-02],
 [-1.184784e-02],
 [ 6.536369e-04],
 [-3.663797e-02],
 [-2.880191e-02],
 [-2.833419e-02],
 [-1.618860e+00]]
spherical_charges_l1: [[-1.911249e-02, -2.982310e+00, -1.717974e+00],
 [-1.707558e-02, -1.179195e-02, -1.429643e-02],
 [ 7.945105e-03, -1.276766e-02, -2.296804e-03],
 [ 1.425867e-01, -3.979394e-01, -1.940018e-02],
 [ 1.239432e-01, -1.353643e-02,  1.296847e-01],
 [ 8.690487e-02,  4.766035e-02,  1.049272e-01],
 [-6.728366e-03,  5.929635e-03, -8.248542e-03],
 [-2.230870e-02, -1.409170e-02,  8.831184e-02],
 [ 7.303464e-03,  5.583330e-02,  8.539748e-02],
 [-1.194005e-01,  3.400504e-01, -1.149415e-01],
 [-1.663374e-02,  1.900861e-03, -1.507140e-03],
 [ 4.088019e-03,  1.721695e-02, -8.313870e-03],
 [-1.674009e+00,  2.342318e+00, -1.667369e+00]]
spherical_charges_l2: [[ 1.737554, -1.572218,  2.512208,  1.091708, -1.769399],
 [-0.099838,  0.028855, -0.081134,  0.020417,  0.032294],
 [-0.060505,  0.073129, -0.029781,  0.028489,  0.041141],
 [-0.084445,  0.101507, -0.010885,  0.008232,  0.0829  ],
 [ 0.280469,  0.251171, -0.110425, -0.064048,  0.212172],
 [ 0.344734,  0.212371,  0.049959, -0.367809,  0.128266],
 [ 0.37905 ,  0.039342, -0.004368,  0.102491,  0.172062],
 [ 0.055397,  0.333558, -0.252622,  0.333223,  0.031612],
 [ 0.175632,  0.393903, -0.020954, -0.006901,  0.217476],
 [-0.025072, -0.079773,  0.063183,  0.0721  ,  0.067646],
 [-0.099295, -0.087722,  0.036503, -0.006567,  0.055648],
 [-0.010569, -0.12446 ,  0.057717,  0.033848,  0.042391],
 [ 1.585702,  1.893154, -0.423619, -2.1555  , -2.23644 ]]
energy_short: [-0.888647,  0.503892,  0.501324, -0.350259, -0.224983, -0.267532, -0.512541, -0.455513, -0.456529, -0.52399 ,  0.510884,  0.506447, -0.610985]
energy_long: [0.081222, 0.094193, 0.096939, 0.219245, 0.117638, 0.263601, 0.301244, 0.297189, 0.354064, 0.215376, 0.099665, 0.097598, 0.17479 ]