step=3204000, graph_id=0, num_atoms=13
scalar_charges: [ 0.822323, -0.937831, -0.935326,  0.602771,  0.568207,  0.58105 ,  0.655907,  0.638031,  0.637897,  0.654553, -0.943163, -0.939036,  0.719324]
spherical_charges_l0: [[-0.938607],
 [-0.020593],
 [-0.012559],
 [-0.038637],
 [-0.023407],
 [-0.020935],
 [-0.009002],
 [-0.009582],
 [ 0.001917],
 [-0.015448],
 [-0.018182],
 [-0.019071],
 [-0.958768]]
spherical_charges_l1: [[-1.506537e-02, -1.816223e+00, -1.040478e+00],
 [-9.763371e-03, -6.817068e-03, -7.998154e-03],
 [ 5.162071e-03, -8.626303e-03, -1.444594e-03],
 [ 9.373369e-02, -2.390279e-01, -1.122834e-02],
 [ 7.607256e-02, -9.401154e-03,  8.173309e-02],
 [ 5.227823e-02,  3.024569e-02,  6.257349e-02],
 [-5.229114e-03,  3.998329e-03, -8.538886e-03],
 [-1.308087e-02, -9.383805e-03,  5.382039e-02],
 [ 4.876667e-03,  3.443378e-02,  5.304549e-02],
 [-6.708619e-02,  2.045102e-01, -7.037575e-02],
 [-1.157895e-02,  6.334035e-04, -7.074676e-04],
 [ 2.853628e-03,  1.118089e-02, -5.390331e-03],
 [-1.010836e+00,  1.413541e+00, -1.013136e+00]]
spherical_charges_l2: [[ 0.952021, -0.890409,  1.46143 ,  0.697647, -1.038827],
 [-0.060744,  0.019996, -0.048997,  0.012875,  0.020018],
 [-0.04027 ,  0.042499, -0.019501,  0.017996,  0.02393 ],
 [-0.036203,  0.056436,  0.015723,  0.012339,  0.041055],
 [ 0.166558,  0.155671, -0.069431, -0.033454,  0.12776 ],
 [ 0.209886,  0.130707,  0.030263, -0.228114,  0.077516],
 [ 0.236215,  0.032657, -0.003494,  0.065468,  0.112093],
 [ 0.035474,  0.209836, -0.154728,  0.205317,  0.019036],
 [ 0.108   ,  0.243327, -0.014408, -0.006226,  0.132846],
 [-0.002377, -0.036458,  0.037277,  0.029717,  0.024746],
 [-0.058234, -0.053711,  0.022419, -0.002567,  0.033896],
 [-0.008844, -0.075763,  0.035015,  0.020019,  0.026663],
 [ 0.907017,  1.043107, -0.218692, -1.287851, -1.323536]]
energy_short: [-1.057554,  0.64657 ,  0.644348, -0.41799 , -0.299481, -0.343424, -0.586091, -0.530358, -0.52968 , -0.582608,  0.651677,  0.647797, -0.77364 ]
energy_long: [0.09778 , 0.116232, 0.117109, 0.251812, 0.156608, 0.297685, 0.325615, 0.314471, 0.379505, 0.250658, 0.120723, 0.118179, 0.185475]