step=2595240, graph_id=0, num_atoms=13
scalar_charges: [ 0.852876, -0.987221, -0.984557,  0.629369,  0.591654,  0.605126,  0.686049,  0.666611,  0.666583,  0.686692, -0.993012, -0.988897,  0.743782]
spherical_charges_l0: [[-1.007473],
 [-0.020352],
 [-0.012649],
 [-0.0356  ],
 [-0.023858],
 [-0.02032 ],
 [-0.008979],
 [-0.00809 ],
 [ 0.00361 ],
 [-0.009537],
 [-0.019088],
 [-0.019588],
 [-1.027781]]
spherical_charges_l1: [[-1.352454e-02, -1.913559e+00, -1.102094e+00],
 [-9.925425e-03, -6.893669e-03, -8.094105e-03],
 [ 4.576433e-03, -7.860323e-03, -1.331624e-03],
 [ 1.007945e-01, -2.448672e-01, -4.559359e-03],
 [ 7.980464e-02, -1.155956e-02,  8.477750e-02],
 [ 5.406624e-02,  3.378595e-02,  6.631513e-02],
 [-5.768073e-03,  3.644949e-03, -1.002775e-02],
 [-1.351248e-02, -1.054494e-02,  5.680114e-02],
 [ 4.591194e-03,  3.706419e-02,  5.483679e-02],
 [-6.560683e-02,  2.099942e-01, -6.838961e-02],
 [-9.813239e-03,  1.725728e-04, -4.216745e-04],
 [ 2.937035e-03,  1.029134e-02, -4.950927e-03],
 [-1.061146e+00,  1.487200e+00, -1.066471e+00]]
spherical_charges_l2: [[ 1.053151, -0.973835,  1.585757,  0.741986, -1.117929],
 [-0.06401 ,  0.021106, -0.051036,  0.014236,  0.021012],
 [-0.042527,  0.045091, -0.020671,  0.019267,  0.025369],
 [-0.044412,  0.062342,  0.009885,  0.01149 ,  0.047705],
 [ 0.172366,  0.166891, -0.080833, -0.032568,  0.133925],
 [ 0.224821,  0.136193,  0.03158 , -0.250951,  0.079652],
 [ 0.256722,  0.029564, -0.00308 ,  0.07022 ,  0.118863],
 [ 0.033929,  0.222646, -0.167953,  0.222376,  0.015255],
 [ 0.114548,  0.260357, -0.013543, -0.012179,  0.141031],
 [-0.005402, -0.041378,  0.040411,  0.035517,  0.031974],
 [-0.062696, -0.056627,  0.023624, -0.00378 ,  0.035525],
 [-0.008648, -0.080721,  0.037386,  0.020909,  0.02759 ],
 [ 0.991362,  1.147924, -0.242972, -1.385731, -1.425028]]
energy_short: [-1.040545,  0.628071,  0.626003, -0.426302, -0.306042, -0.348546, -0.592187, -0.535969, -0.535747, -0.595634,  0.632547,  0.629351, -0.755351]
energy_long: [0.101304, 0.118091, 0.119483, 0.255409, 0.159922, 0.302938, 0.327909, 0.318178, 0.387182, 0.253283, 0.12261 , 0.120476, 0.201053]