step=3087855, graph_id=0, num_atoms=13
scalar_charges: [ 0.823576, -0.926514, -0.924148,  0.606779,  0.5701  ,  0.582383,  0.656707,  0.638999,  0.639091,  0.65856 , -0.931784, -0.927746,  0.721734]
spherical_charges_l0: [[-0.940122],
 [-0.020753],
 [-0.012587],
 [-0.035695],
 [-0.024055],
 [-0.020953],
 [-0.008331],
 [-0.009333],
 [ 0.002055],
 [-0.012569],
 [-0.018709],
 [-0.019382],
 [-0.959891]]
spherical_charges_l1: [[-1.398958e-02, -1.842103e+00, -1.051018e+00],
 [-8.714832e-03, -6.994270e-03, -7.421645e-03],
 [ 4.121465e-03, -8.028724e-03, -1.521240e-03],
 [ 9.873036e-02, -2.421914e-01, -9.666312e-03],
 [ 7.807846e-02, -1.134231e-02,  8.413922e-02],
 [ 5.362936e-02,  3.354406e-02,  6.446756e-02],
 [-4.928316e-03,  3.366295e-03, -8.833908e-03],
 [-1.355776e-02, -1.046183e-02,  5.610124e-02],
 [ 5.075206e-03,  3.634909e-02,  5.485449e-02],
 [-6.667942e-02,  2.080967e-01, -7.211762e-02],
 [-9.400663e-03,  4.903215e-04, -5.621015e-04],
 [ 2.224720e-03,  9.795064e-03, -4.730356e-03],
 [-1.024126e+00,  1.432724e+00, -1.026010e+00]]
spherical_charges_l2: [[ 0.975428, -0.90427 ,  1.474299,  0.694154, -1.042003],
 [-0.061316,  0.019779, -0.0502  ,  0.012473,  0.02026 ],
 [-0.039665,  0.042823, -0.019025,  0.017729,  0.024061],
 [-0.036718,  0.056825,  0.013452,  0.010838,  0.043051],
 [ 0.167742,  0.158316, -0.072286, -0.032481,  0.129149],
 [ 0.211796,  0.130822,  0.031365, -0.234837,  0.079175],
 [ 0.240146,  0.031469, -0.003431,  0.066501,  0.112452],
 [ 0.033192,  0.212395, -0.15629 ,  0.210255,  0.017917],
 [ 0.108828,  0.247455, -0.01548 , -0.008988,  0.135077],
 [-0.00267 , -0.03609 ,  0.037315,  0.031475,  0.02722 ],
 [-0.058525, -0.0531  ,  0.022107, -0.002665,  0.033944],
 [-0.008175, -0.0758  ,  0.035038,  0.020598,  0.026795],
 [ 0.921608,  1.066777, -0.226049, -1.291658, -1.328619]]
energy_short: [-1.064986,  0.652535,  0.650275, -0.428659, -0.302427, -0.3448  , -0.587649, -0.532083, -0.532131, -0.594015,  0.657481,  0.653689, -0.782088]
energy_long: [0.09228 , 0.114879, 0.116086, 0.250805, 0.153352, 0.294398, 0.329367, 0.312745, 0.378359, 0.249157, 0.119325, 0.117132, 0.186282]