step=3892860, graph_id=0, num_atoms=13
scalar_charges: [ 0.798142, -0.925017, -0.92323 ,  0.602217,  0.564772,  0.57754 ,  0.648655,  0.631569,  0.631176,  0.650235, -0.929109, -0.926081,  0.708149]
spherical_charges_l0: [[-0.937323],
 [-0.021429],
 [-0.013061],
 [-0.035984],
 [-0.022467],
 [-0.020543],
 [-0.008316],
 [-0.009152],
 [ 0.002634],
 [-0.013412],
 [-0.018665],
 [-0.019709],
 [-0.949458]]
spherical_charges_l1: [[-1.041513e-02, -1.802822e+00, -1.031286e+00],
 [-9.252871e-03, -6.479498e-03, -7.520466e-03],
 [ 4.700627e-03, -8.032816e-03, -1.351933e-03],
 [ 9.645549e-02, -2.387926e-01, -8.906212e-03],
 [ 7.516205e-02, -9.638515e-03,  8.030850e-02],
 [ 5.077001e-02,  3.000286e-02,  6.138335e-02],
 [-4.461448e-03,  3.791547e-03, -7.147023e-03],
 [-1.234548e-02, -9.321218e-03,  5.312444e-02],
 [ 4.659695e-03,  3.382819e-02,  5.260381e-02],
 [-6.549235e-02,  2.049968e-01, -7.007787e-02],
 [-1.077360e-02,  4.275654e-04, -5.785095e-04],
 [ 2.814061e-03,  1.032337e-02, -4.970299e-03],
 [-9.984189e-01,  1.397780e+00, -1.003857e+00]]
spherical_charges_l2: [[ 9.481718e-01, -8.813494e-01,  1.443370e+00,  6.868981e-01, -1.019555e+00],
 [-6.053820e-02,  2.025903e-02, -4.939883e-02,  1.213743e-02,  2.044716e-02],
 [-4.054176e-02,  4.253331e-02, -1.985066e-02,  1.780461e-02,  2.398118e-02],
 [-3.082586e-02,  5.226172e-02,  1.864665e-02,  1.067396e-02,  3.814285e-02],
 [ 1.619152e-01,  1.538204e-01, -6.978229e-02, -3.095424e-02,  1.255958e-01],
 [ 2.050620e-01,  1.264175e-01,  3.068098e-02, -2.275759e-01,  7.477597e-02],
 [ 2.307161e-01,  3.203142e-02, -2.986391e-03,  6.414555e-02,  1.098399e-01],
 [ 3.301265e-02,  2.055319e-01, -1.516488e-01,  2.021954e-01,  1.761695e-02],
 [ 1.050521e-01,  2.393135e-01, -1.419248e-02, -8.319554e-03,  1.301735e-01],
 [ 2.933547e-04, -3.119618e-02,  3.474815e-02,  2.784915e-02,  2.105269e-02],
 [-5.765282e-02, -5.308217e-02,  2.210223e-02, -1.858754e-03,  3.416133e-02],
 [-9.112451e-03, -7.535539e-02,  3.476864e-02,  2.043185e-02,  2.716561e-02],
 [ 8.947620e-01,  1.028399e+00, -2.137770e-01, -1.264238e+00, -1.294887e+00]]
energy_short: [-1.06523 ,  0.624932,  0.622624, -0.438004, -0.300369, -0.345804, -0.590385, -0.533882, -0.532626, -0.598925,  0.630878,  0.626369, -0.784543]
energy_long: [0.107529, 0.125301, 0.125445, 0.263963, 0.163846, 0.311108, 0.34059 , 0.329115, 0.393948, 0.26342 , 0.129787, 0.126652, 0.196722]