step=3147930, graph_id=0, num_atoms=13
scalar_charges: [ 0.820818, -0.918579, -0.916863,  0.60136 ,  0.565173,  0.577794,  0.652218,  0.634413,  0.634287,  0.653225, -0.923611, -0.920039,  0.717423]
spherical_charges_l0: [[-0.937602],
 [-0.020014],
 [-0.012199],
 [-0.037365],
 [-0.02375 ],
 [-0.021174],
 [-0.009694],
 [-0.009985],
 [ 0.00134 ],
 [-0.013893],
 [-0.018034],
 [-0.018727],
 [-0.95657 ]]
spherical_charges_l1: [[-1.149063e-02, -1.795466e+00, -1.029262e+00],
 [-8.614005e-03, -6.376626e-03, -7.161493e-03],
 [ 4.280259e-03, -7.860184e-03, -1.460693e-03],
 [ 9.625827e-02, -2.418169e-01, -1.037724e-02],
 [ 7.498255e-02, -1.072599e-02,  8.050695e-02],
 [ 5.094026e-02,  3.095317e-02,  6.133981e-02],
 [-4.908594e-03,  3.906817e-03, -8.442574e-03],
 [-1.253374e-02, -9.879597e-03,  5.267523e-02],
 [ 4.587266e-03,  3.414839e-02,  5.147880e-02],
 [-6.707979e-02,  2.068586e-01, -7.080004e-02],
 [-9.505901e-03,  6.913893e-04, -6.647732e-04],
 [ 2.176199e-03,  9.674185e-03, -4.673337e-03],
 [-9.976087e-01,  1.394894e+00, -1.003813e+00]]
spherical_charges_l2: [[ 0.964253, -0.898359,  1.463353,  0.687262, -1.036884],
 [-0.058954,  0.019182, -0.047834,  0.011933,  0.019682],
 [-0.038862,  0.041492, -0.019115,  0.017327,  0.023219],
 [-0.03657 ,  0.056001,  0.015152,  0.012107,  0.041341],
 [ 0.163896,  0.156182, -0.072451, -0.030253,  0.127479],
 [ 0.209679,  0.12808 ,  0.032428, -0.234585,  0.076697],
 [ 0.239084,  0.027904, -0.003204,  0.066167,  0.110768],
 [ 0.03105 ,  0.209266, -0.157199,  0.209797,  0.016198],
 [ 0.106865,  0.244842, -0.01325 , -0.011099,  0.134345],
 [-0.002786, -0.036275,  0.037643,  0.03007 ,  0.025818],
 [-0.05615 , -0.051858,  0.021626, -0.002088,  0.033028],
 [-0.008511, -0.073168,  0.033785,  0.019749,  0.026105],
 [ 0.911809,  1.054045, -0.221525, -1.282843, -1.317956]]
energy_short: [-1.059626,  0.649193,  0.647225, -0.416529, -0.292052, -0.335496, -0.578353, -0.522516, -0.52183 , -0.581906,  0.654596,  0.650678, -0.773044]
energy_long: [0.097783, 0.114569, 0.115903, 0.25246 , 0.152927, 0.298329, 0.326789, 0.314595, 0.384023, 0.251057, 0.119286, 0.116896, 0.18856 ]