step=2386980, graph_id=0, num_atoms=13
scalar_charges: [ 0.868504, -0.980524, -0.977311,  0.640476,  0.6012  ,  0.615446,  0.697211,  0.67729 ,  0.677211,  0.6971  , -0.987923, -0.982895,  0.758413]
spherical_charges_l0: [[-1.073719e+00],
 [-2.082621e-02],
 [-1.263842e-02],
 [-4.263290e-02],
 [-2.869844e-02],
 [-2.505980e-02],
 [-1.273191e-02],
 [-1.278196e-02],
 [-5.543125e-04],
 [-1.557569e-02],
 [-1.906973e-02],
 [-1.965871e-02],
 [-1.094202e+00]]
spherical_charges_l1: [[-1.974983e-02, -2.091078e+00, -1.192341e+00],
 [-9.533287e-03, -7.289070e-03, -8.260624e-03],
 [ 4.203076e-03, -8.735725e-03, -2.011180e-03],
 [ 1.029233e-01, -2.611188e-01, -1.112313e-02],
 [ 8.074292e-02, -1.217064e-02,  8.820381e-02],
 [ 5.799098e-02,  3.741830e-02,  7.009306e-02],
 [-7.050934e-03,  3.109086e-03, -1.353837e-02],
 [-1.431630e-02, -1.294753e-02,  6.106516e-02],
 [ 4.809790e-03,  4.019373e-02,  5.635526e-02],
 [-7.332972e-02,  2.227658e-01, -7.610688e-02],
 [-1.052524e-02,  1.742784e-03, -1.217160e-03],
 [ 1.655941e-03,  1.108737e-02, -5.386047e-03],
 [-1.154918e+00,  1.619878e+00, -1.153408e+00]]
spherical_charges_l2: [[ 1.123001, -1.050565,  1.738058,  0.826122, -1.231618],
 [-0.063452,  0.021686, -0.051107,  0.013407,  0.021853],
 [-0.042581,  0.044752, -0.02163 ,  0.018621,  0.025584],
 [-0.050511,  0.067631,  0.010628,  0.016904,  0.049873],
 [ 0.186298,  0.181102, -0.08635 , -0.03511 ,  0.14506 ],
 [ 0.242094,  0.145023,  0.034985, -0.269923,  0.087267],
 [ 0.271405,  0.029309, -0.002665,  0.075175,  0.125206],
 [ 0.03685 ,  0.237707, -0.178989,  0.239515,  0.016594],
 [ 0.12368 ,  0.278151, -0.015031, -0.013496,  0.150792],
 [-0.008273, -0.048725,  0.046136,  0.03535 ,  0.033845],
 [-0.06069 , -0.059131,  0.024851, -0.001849,  0.036214],
 [-0.011089, -0.080072,  0.036895,  0.020995,  0.029043],
 [ 1.062236,  1.213205, -0.254255, -1.522824, -1.571266]]
energy_short: [-1.02379 ,  0.608586,  0.606496, -0.396073, -0.271379, -0.315905, -0.560654, -0.503541, -0.503112, -0.562542,  0.613945,  0.61051 , -0.737343]
energy_long: [0.100589, 0.113761, 0.115385, 0.244971, 0.149725, 0.287932, 0.312653, 0.305285, 0.366624, 0.242344, 0.119092, 0.116542, 0.19526 ]