step=2134665, graph_id=0, num_atoms=13
scalar_charges: [ 0.952441, -1.089923, -1.086628,  0.721796,  0.679712,  0.695172,  0.784762,  0.762322,  0.762009,  0.783967, -1.100494, -1.093316,  0.835434]
spherical_charges_l0: [[-1.149742],
 [-0.019836],
 [-0.012471],
 [-0.050249],
 [-0.028884],
 [-0.02562 ],
 [-0.012314],
 [-0.011798],
 [ 0.001359],
 [-0.019219],
 [-0.018909],
 [-0.019408],
 [-1.171328]]
spherical_charges_l1: [[-1.584555e-02, -2.204605e+00, -1.255926e+00],
 [-1.170487e-02, -5.784943e-03, -8.717776e-03],
 [ 6.553030e-03, -8.025596e-03, -6.587753e-04],
 [ 1.150995e-01, -2.922453e-01, -1.385507e-02],
 [ 9.525499e-02, -1.096604e-02,  1.016209e-01],
 [ 6.644495e-02,  3.882231e-02,  7.983021e-02],
 [-6.494518e-03,  3.684277e-03, -1.079853e-02],
 [-1.713473e-02, -1.134482e-02,  6.822365e-02],
 [ 6.206043e-03,  4.306455e-02,  6.627974e-02],
 [-8.342729e-02,  2.506207e-01, -8.719862e-02],
 [-1.246502e-02, -2.387374e-04, -3.125060e-04],
 [ 4.596666e-03,  1.158611e-02, -5.532301e-03],
 [-1.213917e+00,  1.704094e+00, -1.214270e+00]]
spherical_charges_l2: [[ 1.188141, -1.126545,  1.829799,  0.876852, -1.299824],
 [-0.063811,  0.020933, -0.050285,  0.014247,  0.021207],
 [-0.041053,  0.043673, -0.020833,  0.018685,  0.024813],
 [-0.056137,  0.075543,  0.002642,  0.013246,  0.062193],
 [ 0.209643,  0.196561, -0.088638, -0.042873,  0.158811],
 [ 0.263353,  0.160858,  0.035377, -0.2852  ,  0.09348 ],
 [ 0.288142,  0.033016, -0.003151,  0.079639,  0.13404 ],
 [ 0.044244,  0.256436, -0.191864,  0.251616,  0.019798],
 [ 0.133845,  0.298925, -0.015991, -0.008823,  0.16104 ],
 [-0.011722, -0.053971,  0.049745,  0.045378,  0.046263],
 [-0.062273, -0.056521,  0.023652, -0.004415,  0.034707],
 [-0.00821 , -0.080008,  0.037095,  0.020437,  0.026889],
 [ 1.124243,  1.287477, -0.264031, -1.61095 , -1.647109]]
energy_short: [-0.984403,  0.588695,  0.587022, -0.39482 , -0.271186, -0.31675 , -0.566056, -0.505863, -0.504871, -0.564836,  0.594176,  0.590479, -0.701509]
energy_long: [0.0974  , 0.108731, 0.110394, 0.24087 , 0.149229, 0.280803, 0.314066, 0.300675, 0.372041, 0.235766, 0.113928, 0.111704, 0.185989]