step=2174715, graph_id=0, num_atoms=13
scalar_charges: [ 0.903374, -1.03237 , -1.028702,  0.677876,  0.638065,  0.652217,  0.738269,  0.717184,  0.717195,  0.737008, -1.040268, -1.034795,  0.790348]
spherical_charges_l0: [[-1.180101],
 [-0.022601],
 [-0.014071],
 [-0.04704 ],
 [-0.028705],
 [-0.023393],
 [-0.004154],
 [-0.007315],
 [ 0.004748],
 [-0.017046],
 [-0.021275],
 [-0.022018],
 [-1.204055]]
spherical_charges_l1: [[-1.160336e-02, -2.191571e+00, -1.258138e+00],
 [-1.097241e-02, -7.715892e-03, -9.258863e-03],
 [ 5.611145e-03, -8.984253e-03, -1.584538e-03],
 [ 1.103041e-01, -2.880552e-01, -1.702763e-02],
 [ 9.343559e-02, -1.117173e-02,  1.005314e-01],
 [ 6.598100e-02,  3.836947e-02,  7.861906e-02],
 [-6.013358e-03,  5.281803e-03, -8.574689e-03],
 [-1.639978e-02, -1.244277e-02,  6.758455e-02],
 [ 5.813303e-03,  4.350559e-02,  6.539039e-02],
 [-8.298318e-02,  2.460788e-01, -8.628037e-02],
 [-1.315553e-02,  4.461662e-04, -6.725384e-04],
 [ 3.746948e-03,  1.260353e-02, -6.060917e-03],
 [-1.209497e+00,  1.698210e+00, -1.219277e+00]]
spherical_charges_l2: [[ 1.251022, -1.162941,  1.878475,  0.865371, -1.333223],
 [-0.069948,  0.022258, -0.056352,  0.014341,  0.023131],
 [-0.04428 ,  0.049347, -0.022003,  0.020054,  0.02758 ],
 [-0.051522,  0.072   ,  0.004329,  0.01028 ,  0.057148],
 [ 0.205817,  0.194801, -0.087542, -0.041313,  0.157393],
 [ 0.259705,  0.158148,  0.036341, -0.284992,  0.092815],
 [ 0.285362,  0.030621, -0.003302,  0.078899,  0.132113],
 [ 0.04234 ,  0.254793, -0.191498,  0.251867,  0.018743],
 [ 0.13332 ,  0.298777, -0.015897, -0.010273,  0.161464],
 [-0.009697, -0.049035,  0.044418,  0.043518,  0.039752],
 [-0.068   , -0.060559,  0.025166, -0.003491,  0.039029],
 [-0.008763, -0.086829,  0.040156,  0.023819,  0.030555],
 [ 1.166889,  1.354973, -0.28908 , -1.642755, -1.695326]]
energy_short: [-0.976858,  0.588541,  0.586352, -0.384418, -0.264458, -0.307087, -0.552678, -0.494649, -0.494496, -0.550421,  0.593874,  0.590288, -0.69573 ]
energy_long: [0.085714, 0.113704, 0.115347, 0.248019, 0.145176, 0.295534, 0.314252, 0.313082, 0.378097, 0.244305, 0.118728, 0.116184, 0.189627]