step=3488355, graph_id=0, num_atoms=13
scalar_charges: [ 0.792356, -0.903704, -0.903494,  0.586054,  0.54383 ,  0.55728 ,  0.634194,  0.615795,  0.615424,  0.638497, -0.908477, -0.906017,  0.689474]
spherical_charges_l0: [[-0.929379],
 [-0.020331],
 [-0.012578],
 [-0.035926],
 [-0.023087],
 [-0.020461],
 [-0.007897],
 [-0.008911],
 [ 0.002466],
 [-0.013571],
 [-0.017927],
 [-0.018829],
 [-0.945101]]
spherical_charges_l1: [[-1.241764e-02, -1.783711e+00, -1.021416e+00],
 [-9.094453e-03, -6.541687e-03, -7.502347e-03],
 [ 4.521346e-03, -8.141016e-03, -1.483398e-03],
 [ 9.606992e-02, -2.351476e-01, -8.203253e-03],
 [ 7.448466e-02, -9.866632e-03,  8.017819e-02],
 [ 5.097747e-02,  3.029190e-02,  6.145161e-02],
 [-4.631268e-03,  3.662528e-03, -7.645221e-03],
 [-1.252118e-02, -9.362702e-03,  5.296006e-02],
 [ 4.672610e-03,  3.386602e-02,  5.207862e-02],
 [-6.407097e-02,  2.020409e-01, -6.882139e-02],
 [-1.048502e-02,  6.216805e-04, -6.638735e-04],
 [ 2.534020e-03,  1.025114e-02, -4.944399e-03],
 [-9.891940e-01,  1.383943e+00, -9.934977e-01]]
spherical_charges_l2: [[ 9.451446e-01, -8.820274e-01,  1.444008e+00,  6.868936e-01, -1.023305e+00],
 [-5.836913e-02,  1.993528e-02, -4.754702e-02,  1.196085e-02,  1.989714e-02],
 [-3.939239e-02,  4.097633e-02, -1.957278e-02,  1.703611e-02,  2.337521e-02],
 [-3.378418e-02,  5.457200e-02,  1.624666e-02,  1.195392e-02,  4.013779e-02],
 [ 1.615915e-01,  1.535718e-01, -7.001249e-02, -3.101620e-02,  1.261542e-01],
 [ 2.055488e-01,  1.265722e-01,  3.055038e-02, -2.273043e-01,  7.554934e-02],
 [ 2.301514e-01,  3.067876e-02, -3.055644e-03,  6.371786e-02,  1.084762e-01],
 [ 3.283404e-02,  2.051293e-01, -1.514627e-01,  2.025398e-01,  1.739489e-02],
 [ 1.051882e-01,  2.391517e-01, -1.425875e-02, -8.470681e-03,  1.300148e-01],
 [-1.126991e-03, -3.387934e-02,  3.612398e-02,  2.892390e-02,  2.387191e-02],
 [-5.564021e-02, -5.185541e-02,  2.163003e-02, -1.699272e-03,  3.308534e-02],
 [-9.172366e-03, -7.289411e-02,  3.361799e-02,  1.964247e-02,  2.637617e-02],
 [ 8.946509e-01,  1.030208e+00, -2.150443e-01, -1.266516e+00, -1.298901e+00]]
energy_short: [-1.014054,  0.550127,  0.548059, -0.426025, -0.280318, -0.325519, -0.569021, -0.513442, -0.512197, -0.586398,  0.555223,  0.551501, -0.732975]
energy_long: [0.110289, 0.129153, 0.129157, 0.266884, 0.169651, 0.314195, 0.344791, 0.330716, 0.399062, 0.265339, 0.133221, 0.130154, 0.20204 ]