step=3316140, graph_id=0, num_atoms=13
scalar_charges: [ 0.816251, -0.931631, -0.929372,  0.597263,  0.562638,  0.575525,  0.64975 ,  0.631909,  0.631705,  0.648567, -0.937119, -0.933092,  0.714215]
spherical_charges_l0: [[-0.932848],
 [-0.019812],
 [-0.012189],
 [-0.037616],
 [-0.023564],
 [-0.020341],
 [-0.007656],
 [-0.009028],
 [ 0.002491],
 [-0.014494],
 [-0.017544],
 [-0.018351],
 [-0.947836]]
spherical_charges_l1: [[-1.279989e-02, -1.810091e+00, -1.036473e+00],
 [-9.205623e-03, -6.441728e-03, -7.537388e-03],
 [ 4.609173e-03, -8.062754e-03, -1.432193e-03],
 [ 9.790762e-02, -2.415773e-01, -1.028639e-02],
 [ 7.593179e-02, -1.071045e-02,  8.151189e-02],
 [ 5.165729e-02,  3.185149e-02,  6.233304e-02],
 [-4.690717e-03,  3.548068e-03, -8.070689e-03],
 [-1.267261e-02, -9.902996e-03,  5.364436e-02],
 [ 4.733618e-03,  3.459281e-02,  5.250394e-02],
 [-6.646294e-02,  2.071405e-01, -7.185773e-02],
 [-1.033002e-02,  6.995759e-04, -6.971466e-04],
 [ 2.424298e-03,  1.019901e-02, -4.922880e-03],
 [-1.003263e+00,  1.405443e+00, -1.006758e+00]]
spherical_charges_l2: [[ 0.954516, -0.890169,  1.451646,  0.688074, -1.028223],
 [-0.057543,  0.019754, -0.046582,  0.012119,  0.019595],
 [-0.038854,  0.040505, -0.019231,  0.017011,  0.023109],
 [-0.034661,  0.055008,  0.015248,  0.010043,  0.041161],
 [ 0.165779,  0.156371, -0.070982, -0.032831,  0.127283],
 [ 0.207532,  0.128919,  0.030517, -0.228627,  0.076029],
 [ 0.232048,  0.02893 , -0.002869,  0.064825,  0.109234],
 [ 0.033065,  0.207124, -0.153898,  0.203858,  0.016904],
 [ 0.105995,  0.241463, -0.013878, -0.008716,  0.131099],
 [-0.001917, -0.034068,  0.035758,  0.030421,  0.024699],
 [-0.055155, -0.051429,  0.021475, -0.001981,  0.032533],
 [-0.008962, -0.072059,  0.033258,  0.019152,  0.025778],
 [ 0.901208,  1.038613, -0.217323, -1.270177, -1.303107]]
energy_short: [-1.067193,  0.6424  ,  0.640282, -0.421933, -0.301326, -0.346144, -0.590397, -0.53395 , -0.533046, -0.587267,  0.647988,  0.643895, -0.783287]
energy_long: [0.098427, 0.115864, 0.116494, 0.254887, 0.155247, 0.299386, 0.330479, 0.318233, 0.381203, 0.254558, 0.120323, 0.117937, 0.190467]