step=3444300, graph_id=0, num_atoms=13
scalar_charges: [ 0.797012, -0.921636, -0.919813,  0.592236,  0.557321,  0.569416,  0.640053,  0.623027,  0.622727,  0.640215, -0.926248, -0.922855,  0.701558]
spherical_charges_l0: [[-0.941494],
 [-0.020859],
 [-0.012802],
 [-0.036456],
 [-0.024021],
 [-0.02126 ],
 [-0.010078],
 [-0.010419],
 [ 0.001199],
 [-0.013294],
 [-0.018486],
 [-0.019324],
 [-0.956551]]
spherical_charges_l1: [[-1.373432e-02, -1.814801e+00, -1.037232e+00],
 [-9.024934e-03, -6.471792e-03, -7.407316e-03],
 [ 4.321996e-03, -7.916252e-03, -1.439043e-03],
 [ 9.665339e-02, -2.368085e-01, -8.729083e-03],
 [ 7.407617e-02, -1.058009e-02,  7.934958e-02],
 [ 5.002018e-02,  3.140060e-02,  6.094257e-02],
 [-4.760149e-03,  3.281907e-03, -8.509328e-03],
 [-1.205732e-02, -9.963081e-03,  5.238213e-02],
 [ 4.369915e-03,  3.393812e-02,  5.096685e-02],
 [-6.426123e-02,  2.023263e-01, -6.942569e-02],
 [-9.869178e-03,  4.641683e-04, -5.656181e-04],
 [ 2.389760e-03,  9.821567e-03, -4.738388e-03],
 [-1.005619e+00,  1.407458e+00, -1.007958e+00]]
spherical_charges_l2: [[ 9.650500e-01, -8.962826e-01,  1.458167e+00,  6.835968e-01, -1.031793e+00],
 [-6.001979e-02,  2.024218e-02, -4.889397e-02,  1.221916e-02,  2.030115e-02],
 [-4.010121e-02,  4.213210e-02, -1.963509e-02,  1.765709e-02,  2.371969e-02],
 [-3.404571e-02,  5.425371e-02,  1.637816e-02,  1.158971e-02,  3.959311e-02],
 [ 1.631723e-01,  1.551743e-01, -7.191803e-02, -3.104760e-02,  1.263865e-01],
 [ 2.069786e-01,  1.273919e-01,  3.022093e-02, -2.302977e-01,  7.526521e-02],
 [ 2.321091e-01,  2.906441e-02, -2.850231e-03,  6.441216e-02,  1.089507e-01],
 [ 3.194504e-02,  2.061381e-01, -1.531575e-01,  2.040578e-01,  1.600828e-02],
 [ 1.054913e-01,  2.408336e-01, -1.396177e-02, -9.647625e-03,  1.306856e-01],
 [-1.022624e-03, -3.324636e-02,  3.563379e-02,  2.893777e-02,  2.375805e-02],
 [-5.723333e-02, -5.305203e-02,  2.210909e-02, -1.757736e-03,  3.400757e-02],
 [-9.110279e-03, -7.475545e-02,  3.448786e-02,  2.025340e-02,  2.697544e-02],
 [ 9.079935e-01,  1.050875e+00, -2.221422e-01, -1.273629e+00, -1.309528e+00]]
energy_short: [-1.067675,  0.644504,  0.64218 , -0.428591, -0.301527, -0.345783, -0.590491, -0.533683, -0.532426, -0.591069,  0.650072,  0.645826, -0.78455 ]
energy_long: [0.10052 , 0.118994, 0.119669, 0.25821 , 0.158573, 0.306041, 0.333256, 0.324332, 0.387957, 0.257561, 0.123262, 0.120717, 0.192034]