step=1894365, graph_id=0, num_atoms=13
scalar_charges: [ 1.055238, -1.179886, -1.176263,  0.807762,  0.76182 ,  0.778276,  0.874466,  0.850297,  0.849769,  0.874855, -1.187477, -1.182256,  0.931882]
spherical_charges_l0: [[-1.265519],
 [-0.024818],
 [-0.015327],
 [-0.051465],
 [-0.02897 ],
 [-0.026355],
 [-0.011716],
 [-0.010902],
 [ 0.002522],
 [-0.020654],
 [-0.024235],
 [-0.024332],
 [-1.294733]]
spherical_charges_l1: [[-2.124010e-02, -2.420612e+00, -1.393159e+00],
 [-1.108560e-02, -9.425768e-03, -9.819811e-03],
 [ 4.831128e-03, -8.903091e-03, -1.613104e-03],
 [ 1.217597e-01, -3.161821e-01, -1.263882e-02],
 [ 8.995074e-02, -1.395503e-02,  9.690009e-02],
 [ 6.321532e-02,  3.953266e-02,  7.670560e-02],
 [-6.412325e-03,  3.721523e-03, -1.154775e-02],
 [-1.569002e-02, -1.247979e-02,  6.469610e-02],
 [ 5.474467e-03,  4.206607e-02,  6.121075e-02],
 [-9.124092e-02,  2.730016e-01, -9.277204e-02],
 [-9.843650e-03,  2.822898e-04, -4.782531e-04],
 [ 2.841399e-03,  1.128161e-02, -5.440412e-03],
 [-1.347659e+00,  1.885079e+00, -1.347688e+00]]
spherical_charges_l2: [[ 1.398911, -1.299855,  2.112457,  0.984931, -1.491888],
 [-0.078242,  0.022343, -0.065136,  0.013986,  0.025945],
 [-0.046367,  0.054136, -0.022853,  0.021306,  0.030067],
 [-0.070812,  0.080524,  0.005954,  0.01545 ,  0.063536],
 [ 0.218184,  0.213057, -0.099564, -0.03847 ,  0.168142],
 [ 0.286837,  0.169693,  0.039468, -0.321159,  0.09408 ],
 [ 0.318863,  0.029161, -0.002133,  0.088522,  0.146226],
 [ 0.041412,  0.277706, -0.218565,  0.281616,  0.014563],
 [ 0.143471,  0.328146, -0.010673, -0.018331,  0.179464],
 [-0.01733 , -0.064246,  0.057404,  0.047842,  0.046833],
 [-0.073008, -0.065486,  0.027244, -0.003639,  0.042016],
 [-0.008555, -0.093749,  0.043362,  0.026448,  0.033121],
 [ 1.314146,  1.525859, -0.322598, -1.860876, -1.911059]]
energy_short: [-0.954984,  0.575532,  0.572773, -0.362135, -0.23867 , -0.283479, -0.531227, -0.471215, -0.469872, -0.532717,  0.580893,  0.576942, -0.673302]
energy_long: [0.074635, 0.094659, 0.09611 , 0.224528, 0.128468, 0.272996, 0.282963, 0.295308, 0.348332, 0.221856, 0.099283, 0.097112, 0.171864]