step=432540, graph_id=0, num_atoms=13
scalar_charges: [ 1.839281, -3.393251, -3.394592,  1.641181,  1.606262,  1.618264,  1.726926,  1.703425,  1.704129,  1.728525, -3.378428, -3.386523,  1.7109  ]
spherical_charges_l0: [[-3.373839],
 [-0.028441],
 [-0.024039],
 [-0.171769],
 [ 0.011772],
 [ 0.019047],
 [ 0.038032],
 [ 0.038319],
 [ 0.03926 ],
 [-0.104198],
 [-0.046847],
 [-0.039854],
 [-3.302452]]
spherical_charges_l1: [[ 5.135993e-03, -7.693240e+00, -4.324762e+00],
 [ 5.635269e-03,  3.662399e-02,  1.793713e-02],
 [ 1.120122e-02,  1.692623e-02,  1.366604e-02],
 [ 3.596244e-01, -1.091650e+00, -1.354851e-01],
 [ 4.312147e-01,  1.294935e-02,  4.920064e-01],
 [ 3.583294e-01,  9.971499e-02,  3.884073e-01],
 [ 4.644709e-03,  1.740275e-02,  4.145357e-02],
 [-1.093134e-01,  1.213458e-02,  3.499571e-01],
 [ 4.911888e-02,  1.624090e-01,  3.600802e-01],
 [-3.396431e-01,  8.740240e-01, -3.424011e-01],
 [ 3.574416e-02, -1.999163e-02,  1.099606e-02],
 [ 1.041219e-02, -3.003364e-02,  1.505912e-02],
 [-4.331195e+00,  6.089641e+00, -4.287817e+00]]
spherical_charges_l2: [[ 3.480612, -3.023537,  4.928706,  2.176827, -3.392663],
 [-0.195684,  0.057293, -0.187694,  0.017092,  0.077866],
 [-0.131487,  0.164984, -0.077977,  0.047437,  0.101848],
 [-0.157798,  0.070212,  0.121436,  0.047379,  0.013374],
 [ 0.586401,  0.503424, -0.119808, -0.137368,  0.453526],
 [ 0.673051,  0.455541,  0.144692, -0.73852 ,  0.287969],
 [ 0.817226,  0.197655, -0.015086,  0.219946,  0.405913],
 [ 0.104399,  0.696169, -0.494566,  0.672095,  0.135071],
 [ 0.326974,  0.791907, -0.053834,  0.029704,  0.477519],
 [-0.027472, -0.107701,  0.103957,  0.029983, -0.022156],
 [-0.20761 , -0.221245,  0.0931  ,  0.009726,  0.139182],
 [-0.046076, -0.254862,  0.115856,  0.079807,  0.110182],
 [ 3.156872,  3.780787, -0.84626 , -4.22958 , -4.335203]]
energy_short: [-0.782384,  0.299043,  0.29423 , -0.347779, -0.239203, -0.281766, -0.527327, -0.47136 , -0.469948, -0.536648,  0.313541,  0.30501 , -0.488646]
energy_long: [0.130528, 0.113058, 0.111539, 0.255893, 0.153418, 0.323172, 0.385457, 0.371661, 0.395328, 0.254965, 0.115187, 0.112339, 0.219252]