step=893115, graph_id=0, num_atoms=13
scalar_charges: [ 1.627168, -2.34539 , -2.345455,  1.391973,  1.329532,  1.350386,  1.47772 ,  1.446555,  1.445994,  1.480967, -2.345772, -2.345783,  1.495652]
spherical_charges_l0: [[-2.461264e+00],
 [-2.408765e-02],
 [-1.519403e-02],
 [-1.045528e-01],
 [-1.591529e-02],
 [-3.942795e-04],
 [ 2.820783e-02],
 [ 2.514330e-02],
 [ 3.096928e-02],
 [-5.390669e-02],
 [-2.715597e-02],
 [-2.532661e-02],
 [-2.453697e+00]]
spherical_charges_l1: [[-7.667298e-03, -5.270707e+00, -2.989589e+00],
 [-8.835084e-03, -1.064106e-02, -1.003798e-02],
 [ 5.267748e-03, -1.354407e-02, -3.786074e-03],
 [ 2.629782e-01, -6.774848e-01, -6.517764e-02],
 [ 2.643299e-01, -2.110590e-02,  2.996860e-01],
 [ 2.053010e-01,  1.036308e-01,  2.329174e-01],
 [-1.064829e-02,  6.967951e-03, -1.012311e-02],
 [-6.220421e-02, -1.803322e-02,  2.147253e-01],
 [ 2.639406e-02,  1.245696e-01,  2.122026e-01],
 [-1.987426e-01,  5.689089e-01, -2.347973e-01],
 [-1.681707e-02,  8.011268e-03, -4.514434e-03],
 [-1.369852e-03,  1.757590e-02, -8.678038e-03],
 [-2.919314e+00,  4.107965e+00, -2.912429e+00]]
spherical_charges_l2: [[ 2.681242e+00, -2.384130e+00,  4.029141e+00,  1.825310e+00, -2.804565e+00],
 [-1.164228e-01,  3.272417e-02, -9.956947e-02,  1.914259e-02,  3.894641e-02],
 [-6.679412e-02,  8.515009e-02, -3.593858e-02,  2.854117e-02,  5.000738e-02],
 [-1.582437e-01,  1.431880e-01, -1.155028e-02,  2.172501e-02,  9.974158e-02],
 [ 4.619226e-01,  3.902723e-01, -1.472399e-01, -9.643060e-02,  3.394512e-01],
 [ 5.428035e-01,  3.265467e-01,  9.144355e-02, -5.917682e-01,  2.211239e-01],
 [ 6.329771e-01,  1.188618e-01, -8.553925e-03,  1.660178e-01,  3.006445e-01],
 [ 9.739216e-02,  5.509126e-01, -3.912578e-01,  5.487702e-01,  6.814026e-02],
 [ 2.860471e-01,  6.389565e-01, -5.127028e-02, -1.516817e-03,  3.584894e-01],
 [-5.129068e-02, -1.415669e-01,  1.013065e-01,  8.975979e-02,  8.064020e-02],
 [-1.197930e-01, -1.071210e-01,  4.438692e-02, -4.045242e-03,  7.066642e-02],
 [-1.250351e-02, -1.441052e-01,  6.645106e-02,  4.455254e-02,  5.400736e-02],
 [ 2.430125e+00,  2.857314e+00, -6.235382e-01, -3.407132e+00, -3.518185e+00]]
energy_short: [-0.775676,  0.362159,  0.358141, -0.287675, -0.163762, -0.20589 , -0.455669, -0.395762, -0.394733, -0.463618,  0.369064,  0.365053, -0.498619]
energy_long: [0.087251, 0.093634, 0.096755, 0.222332, 0.134172, 0.272606, 0.333474, 0.297644, 0.37147 , 0.222277, 0.099518, 0.097183, 0.175823]