step=3944925, graph_id=0, num_atoms=13
scalar_charges: [ 0.801972, -0.925179, -0.923885,  0.605605,  0.56788 ,  0.580732,  0.652241,  0.635051,  0.634641,  0.653835, -0.929075, -0.926298,  0.712198]
spherical_charges_l0: [[-0.941105],
 [-0.021533],
 [-0.013131],
 [-0.036502],
 [-0.022982],
 [-0.020933],
 [-0.008585],
 [-0.009533],
 [ 0.002232],
 [-0.013874],
 [-0.018666],
 [-0.019744],
 [-0.952806]]
spherical_charges_l1: [[-1.067674e-02, -1.809281e+00, -1.034947e+00],
 [-9.397496e-03, -6.452315e-03, -7.579241e-03],
 [ 4.818582e-03, -8.063318e-03, -1.310268e-03],
 [ 9.666325e-02, -2.393359e-01, -9.090227e-03],
 [ 7.519948e-02, -9.706137e-03,  8.038329e-02],
 [ 5.064042e-02,  3.011691e-02,  6.126873e-02],
 [-4.499661e-03,  3.785310e-03, -7.318035e-03],
 [-1.225676e-02, -9.404616e-03,  5.300256e-02],
 [ 4.608769e-03,  3.386714e-02,  5.244849e-02],
 [-6.550688e-02,  2.053058e-01, -7.024201e-02],
 [-1.091276e-02,  3.491061e-04, -5.447805e-04],
 [ 2.944392e-03,  1.040767e-02, -5.007269e-03],
 [-1.001704e+00,  1.402372e+00, -1.007053e+00]]
spherical_charges_l2: [[ 9.535274e-01, -8.848052e-01,  1.447715e+00,  6.856353e-01, -1.022150e+00],
 [-6.083597e-02,  2.033353e-02, -4.961403e-02,  1.220375e-02,  2.050302e-02],
 [-4.064516e-02,  4.271218e-02, -1.986837e-02,  1.788359e-02,  2.404609e-02],
 [-3.122078e-02,  5.229672e-02,  1.837399e-02,  1.106976e-02,  3.788217e-02],
 [ 1.622569e-01,  1.540809e-01, -6.989481e-02, -3.093157e-02,  1.258616e-01],
 [ 2.052008e-01,  1.263466e-01,  3.059816e-02, -2.281089e-01,  7.485848e-02],
 [ 2.302650e-01,  3.148997e-02, -3.022967e-03,  6.397327e-02,  1.092659e-01],
 [ 3.276268e-02,  2.054380e-01, -1.515082e-01,  2.023687e-01,  1.729854e-02],
 [ 1.049847e-01,  2.393336e-01, -1.427568e-02, -8.654636e-03,  1.301233e-01],
 [ 1.833990e-05, -3.166267e-02,  3.491575e-02,  2.749942e-02,  2.096232e-02],
 [-5.765536e-02, -5.308149e-02,  2.210582e-02, -1.916352e-03,  3.411120e-02],
 [-9.100262e-03, -7.548513e-02,  3.483309e-02,  2.042565e-02,  2.715928e-02],
 [ 8.980494e-01,  1.034214e+00, -2.163682e-01, -1.265225e+00, -1.298068e+00]]
energy_short: [-1.068047,  0.623751,  0.621412, -0.440023, -0.302122, -0.347556, -0.592178, -0.535607, -0.534301, -0.600803,  0.629636,  0.625133, -0.787565]
energy_long: [0.106895, 0.125161, 0.125244, 0.264488, 0.164084, 0.311885, 0.339939, 0.329997, 0.394078, 0.264034, 0.129579, 0.12649 , 0.19677 ]