step=2419020, graph_id=0, num_atoms=13
scalar_charges: [ 0.858596, -1.007818, -1.004977,  0.637286,  0.59801 ,  0.612389,  0.69485 ,  0.674656,  0.674554,  0.695102, -1.014512, -1.009951,  0.749987]
spherical_charges_l0: [[-1.076747],
 [-0.020319],
 [-0.012318],
 [-0.040214],
 [-0.027592],
 [-0.024921],
 [-0.010863],
 [-0.011043],
 [ 0.001655],
 [-0.012389],
 [-0.018769],
 [-0.019352],
 [-1.100794]]
spherical_charges_l1: [[-1.147735e-02, -2.036708e+00, -1.162681e+00],
 [-9.397956e-03, -7.077580e-03, -7.994971e-03],
 [ 4.769714e-03, -7.965482e-03, -1.344007e-03],
 [ 1.065647e-01, -2.704884e-01, -1.372977e-02],
 [ 8.410155e-02, -1.191020e-02,  9.301154e-02],
 [ 6.047122e-02,  3.670818e-02,  7.151334e-02],
 [-6.737975e-03,  2.885140e-03, -1.314962e-02],
 [-1.561006e-02, -1.149863e-02,  6.200027e-02],
 [ 5.803159e-03,  4.042929e-02,  5.908187e-02],
 [-7.635064e-02,  2.326314e-01, -8.066811e-02],
 [-1.005916e-02,  8.288291e-04, -7.525433e-04],
 [ 2.466462e-03,  1.047105e-02, -5.055707e-03],
 [-1.128488e+00,  1.578510e+00, -1.135033e+00]]
spherical_charges_l2: [[ 1.156527, -1.064757,  1.736383,  0.801105, -1.222159],
 [-0.063301,  0.020447, -0.050275,  0.01381 ,  0.020643],
 [-0.040866,  0.043831, -0.019836,  0.018753,  0.024348],
 [-0.045658,  0.069628,  0.009774,  0.008619,  0.055796],
 [ 0.186465,  0.18193 , -0.085324, -0.033907,  0.146971],
 [ 0.242404,  0.145541,  0.037366, -0.273075,  0.08559 ],
 [ 0.271123,  0.02865 , -0.002323,  0.075649,  0.125202],
 [ 0.035339,  0.238271, -0.181823,  0.240227,  0.016816],
 [ 0.122561,  0.279794, -0.013255, -0.014113,  0.153248],
 [-0.007313, -0.044529,  0.044444,  0.043727,  0.040202],
 [-0.060273, -0.056034,  0.023487, -0.003551,  0.0343  ],
 [-0.008687, -0.078744,  0.036457,  0.020297,  0.026971],
 [ 1.079726,  1.258208, -0.272341, -1.505233, -1.558461]]
energy_short: [-1.019656,  0.609437,  0.607351, -0.409173, -0.282959, -0.327759, -0.575039, -0.516558, -0.516022, -0.578757,  0.614351,  0.611053, -0.735472]
energy_long: [0.087419, 0.109594, 0.110667, 0.241095, 0.129179, 0.289058, 0.316461, 0.30827 , 0.372434, 0.238951, 0.11463 , 0.112272, 0.18243 ]