step=3504375, graph_id=0, num_atoms=13
scalar_charges: [ 0.787193, -0.906407, -0.906374,  0.582878,  0.541685,  0.554842,  0.630544,  0.612293,  0.611972,  0.634332, -0.910784, -0.908673,  0.685917]
spherical_charges_l0: [[-0.92865 ],
 [-0.02073 ],
 [-0.012817],
 [-0.036051],
 [-0.022279],
 [-0.020196],
 [-0.008762],
 [-0.009101],
 [ 0.002531],
 [-0.013471],
 [-0.018213],
 [-0.019134],
 [-0.944696]]
spherical_charges_l1: [[-1.143713e-02, -1.785792e+00, -1.021003e+00],
 [-9.352723e-03, -6.411069e-03, -7.566985e-03],
 [ 4.687546e-03, -7.974953e-03, -1.320312e-03],
 [ 9.609193e-02, -2.367488e-01, -8.566135e-03],
 [ 7.408819e-02, -9.623999e-03,  7.986841e-02],
 [ 5.114467e-02,  2.989039e-02,  6.135079e-02],
 [-4.750395e-03,  3.656975e-03, -7.950358e-03],
 [-1.274333e-02, -9.104902e-03,  5.304917e-02],
 [ 4.884503e-03,  3.364065e-02,  5.225252e-02],
 [-6.462423e-02,  2.029580e-01, -6.929033e-02],
 [-1.054221e-02,  2.114761e-04, -4.647191e-04],
 [ 2.943984e-03,  1.016281e-02, -4.887260e-03],
 [-9.923707e-01,  1.388567e+00, -9.955189e-01]]
spherical_charges_l2: [[ 9.482618e-01, -8.794417e-01,  1.430862e+00,  6.729455e-01, -1.011527e+00],
 [-5.884399e-02,  1.994005e-02, -4.805823e-02,  1.199293e-02,  1.999317e-02],
 [-3.970957e-02,  4.136220e-02, -1.957858e-02,  1.727554e-02,  2.352667e-02],
 [-3.343431e-02,  5.411733e-02,  1.617115e-02,  1.068871e-02,  3.953177e-02],
 [ 1.598269e-01,  1.535888e-01, -7.068950e-02, -2.919526e-02,  1.247791e-01],
 [ 2.050874e-01,  1.249665e-01,  3.097196e-02, -2.288553e-01,  7.368888e-02],
 [ 2.309808e-01,  2.897340e-02, -2.897331e-03,  6.413388e-02,  1.084464e-01],
 [ 3.143493e-02,  2.041257e-01, -1.527871e-01,  2.029630e-01,  1.590626e-02],
 [ 1.041344e-01,  2.384399e-01, -1.279888e-02, -1.041339e-02,  1.301081e-01],
 [-1.213001e-03, -3.334228e-02,  3.534214e-02,  2.920087e-02,  2.329198e-02],
 [-5.612763e-02, -5.189316e-02,  2.163485e-02, -1.990339e-03,  3.310817e-02],
 [-8.915770e-03, -7.337394e-02,  3.386355e-02,  1.973624e-02,  2.633484e-02],
 [ 8.930717e-01,  1.033867e+00, -2.181154e-01, -1.251143e+00, -1.284573e+00]]
energy_short: [-1.02039 ,  0.558989,  0.556847, -0.425956, -0.281823, -0.326842, -0.571281, -0.515033, -0.513939, -0.586761,  0.564403,  0.560491, -0.738347]
energy_long: [0.111979, 0.129459, 0.129431, 0.267807, 0.17096 , 0.315865, 0.344311, 0.332787, 0.397857, 0.266679, 0.133579, 0.130521, 0.204454]