step=1946430, graph_id=0, num_atoms=13
scalar_charges: [ 0.975718, -1.071463, -1.069345,  0.750846,  0.709712,  0.724603,  0.815231,  0.793582,  0.793719,  0.81519 , -1.078137, -1.073824,  0.859023]
spherical_charges_l0: [[-1.269247],
 [-0.020772],
 [-0.012972],
 [-0.052995],
 [-0.036661],
 [-0.03098 ],
 [-0.014042],
 [-0.015488],
 [-0.001842],
 [-0.020853],
 [-0.020297],
 [-0.020746],
 [-1.297763]]
spherical_charges_l1: [[-2.304157e-02, -2.447121e+00, -1.407438e+00],
 [-1.112523e-02, -8.045973e-03, -9.593141e-03],
 [ 5.192359e-03, -8.910413e-03, -1.896756e-03],
 [ 1.155664e-01, -3.018853e-01, -1.839022e-02],
 [ 9.326513e-02, -1.758344e-02,  1.019349e-01],
 [ 6.435773e-02,  4.680139e-02,  8.026494e-02],
 [-7.409793e-03,  2.557407e-03, -1.564505e-02],
 [-1.543268e-02, -1.572055e-02,  6.931631e-02],
 [ 5.217224e-03,  4.591849e-02,  6.335587e-02],
 [-8.832169e-02,  2.569847e-01, -9.220117e-02],
 [-1.257785e-02,  2.185924e-03, -1.507531e-03],
 [ 2.385679e-03,  1.280363e-02, -6.205976e-03],
 [-1.358881e+00,  1.904181e+00, -1.352422e+00]]
spherical_charges_l2: [[ 1.413864, -1.297537,  2.116282,  0.965198, -1.494454],
 [-0.071852,  0.02509 , -0.055958,  0.01622 ,  0.024468],
 [-0.04709 ,  0.050101, -0.024524,  0.021045,  0.02839 ],
 [-0.058644,  0.08039 ,  0.002965,  0.012626,  0.066162],
 [ 0.231931,  0.220562, -0.10476 , -0.0447  ,  0.179728],
 [ 0.295517,  0.176953,  0.043689, -0.337345,  0.101321],
 [ 0.331656,  0.027876, -0.002877,  0.091057,  0.148875],
 [ 0.040384,  0.291062, -0.225056,  0.297272,  0.015652],
 [ 0.14993 ,  0.34625 , -0.015679, -0.019961,  0.187732],
 [-0.011951, -0.055572,  0.051702,  0.053226,  0.053171],
 [-0.069945, -0.067247,  0.02833 , -0.0039  ,  0.040108],
 [-0.011896, -0.091488,  0.042278,  0.022867,  0.031743],
 [ 1.30773 ,  1.527561, -0.327878, -1.830544, -1.888057]]
energy_short: [-0.948533,  0.58116 ,  0.579186, -0.38095 , -0.26562 , -0.307876, -0.551103, -0.495224, -0.495515, -0.551667,  0.586893,  0.582971, -0.667015]
energy_long: [0.074372, 0.09504 , 0.097479, 0.218714, 0.123919, 0.272832, 0.284649, 0.285746, 0.344732, 0.214769, 0.100682, 0.098425, 0.172475]