step=3236040, graph_id=0, num_atoms=13
scalar_charges: [ 0.805102, -0.911535, -0.908987,  0.593787,  0.559251,  0.571844,  0.645199,  0.627382,  0.627211,  0.643934, -0.916776, -0.912795,  0.705557]
spherical_charges_l0: [[-0.937922],
 [-0.021344],
 [-0.013298],
 [-0.035983],
 [-0.022736],
 [-0.020057],
 [-0.008991],
 [-0.008942],
 [ 0.00243 ],
 [-0.013127],
 [-0.019193],
 [-0.020009],
 [-0.955473]]
spherical_charges_l1: [[-1.251735e-02, -1.797153e+00, -1.030936e+00],
 [-9.737278e-03, -6.740790e-03, -7.872005e-03],
 [ 5.081181e-03, -8.329418e-03, -1.256058e-03],
 [ 9.580620e-02, -2.389886e-01, -8.669467e-03],
 [ 7.303916e-02, -9.359710e-03,  7.787539e-02],
 [ 4.997072e-02,  2.975382e-02,  6.037175e-02],
 [-4.677959e-03,  3.780908e-03, -7.748311e-03],
 [-1.227897e-02, -9.484404e-03,  5.165099e-02],
 [ 4.420606e-03,  3.324002e-02,  5.055267e-02],
 [-6.596610e-02,  2.052524e-01, -6.930301e-02],
 [-1.078674e-02, -1.007238e-05, -3.638648e-04],
 [ 3.229920e-03,  1.061273e-02, -5.097820e-03],
 [-9.974979e-01,  1.396040e+00, -1.002819e+00]]
spherical_charges_l2: [[ 0.962845, -0.888219,  1.443859,  0.669301, -1.022748],
 [-0.063104,  0.019553, -0.051548,  0.012677,  0.020392],
 [-0.040475,  0.044561, -0.019234,  0.01838 ,  0.024838],
 [-0.034662,  0.054702,  0.015298,  0.010567,  0.041222],
 [ 0.159354,  0.152796, -0.071445, -0.029936,  0.123709],
 [ 0.20454 ,  0.125249,  0.029302, -0.227093,  0.073963],
 [ 0.229692,  0.027702, -0.002603,  0.063835,  0.107481],
 [ 0.031682,  0.203334, -0.151774,  0.201985,  0.015078],
 [ 0.104421,  0.237391, -0.013065, -0.01056 ,  0.12886 ],
 [-0.001829, -0.034157,  0.03615 ,  0.029911,  0.024787],
 [-0.060436, -0.053098,  0.022017, -0.003262,  0.034513],
 [-0.007174, -0.077551,  0.035914,  0.021288,  0.02692 ],
 [ 0.90457 ,  1.051301, -0.224955, -1.259627, -1.298649]]
energy_short: [-1.056369,  0.644405,  0.642108, -0.42177 , -0.299635, -0.34418 , -0.589377, -0.532197, -0.53136 , -0.585896,  0.650087,  0.645902, -0.773477]
energy_long: [0.100332, 0.117079, 0.117795, 0.255545, 0.155941, 0.301356, 0.330752, 0.317743, 0.383819, 0.254443, 0.121576, 0.118968, 0.190944]