step=3792735, graph_id=0, num_atoms=13
scalar_charges: [ 0.793367, -0.92249 , -0.920713,  0.595859,  0.558428,  0.571135,  0.642367,  0.62513 ,  0.624695,  0.643868, -0.926637, -0.923566,  0.701955]
spherical_charges_l0: [[-0.933997],
 [-0.02146 ],
 [-0.013055],
 [-0.036808],
 [-0.022892],
 [-0.020924],
 [-0.008996],
 [-0.009667],
 [ 0.002057],
 [-0.01422 ],
 [-0.01875 ],
 [-0.019767],
 [-0.945915]]
spherical_charges_l1: [[-1.020533e-02, -1.803122e+00, -1.031811e+00],
 [-9.045424e-03, -6.447277e-03, -7.385289e-03],
 [ 4.526430e-03, -7.945764e-03, -1.393028e-03],
 [ 9.646823e-02, -2.375971e-01, -8.449559e-03],
 [ 7.533085e-02, -9.617023e-03,  8.039537e-02],
 [ 5.080534e-02,  3.020785e-02,  6.145520e-02],
 [-4.495131e-03,  3.647540e-03, -7.385829e-03],
 [-1.236874e-02, -9.446728e-03,  5.314611e-02],
 [ 4.602482e-03,  3.400615e-02,  5.252989e-02],
 [-6.487056e-02,  2.040493e-01, -6.946281e-02],
 [-1.056466e-02,  5.389248e-04, -6.260214e-04],
 [ 2.635871e-03,  1.018063e-02, -4.906243e-03],
 [-9.978914e-01,  1.397127e+00, -1.003659e+00]]
spherical_charges_l2: [[ 9.486397e-01, -8.803355e-01,  1.442975e+00,  6.860321e-01, -1.018983e+00],
 [-6.089544e-02,  2.023133e-02, -4.970879e-02,  1.222109e-02,  2.045506e-02],
 [-4.057218e-02,  4.269231e-02, -1.982267e-02,  1.781361e-02,  2.406719e-02],
 [-3.242393e-02,  5.249313e-02,  1.796493e-02,  1.137962e-02,  3.759481e-02],
 [ 1.619503e-01,  1.536653e-01, -6.933481e-02, -3.113759e-02,  1.257822e-01],
 [ 2.045328e-01,  1.259885e-01,  3.087680e-02, -2.271126e-01,  7.448598e-02],
 [ 2.298154e-01,  3.106928e-02, -2.965519e-03,  6.394912e-02,  1.089538e-01],
 [ 3.252181e-02,  2.045469e-01, -1.513394e-01,  2.016155e-01,  1.736083e-02],
 [ 1.046311e-01,  2.385811e-01, -1.405233e-02, -8.336904e-03,  1.298924e-01],
 [-5.475087e-04, -3.232810e-02,  3.501448e-02,  2.763647e-02,  2.101678e-02],
 [-5.813885e-02, -5.321382e-02,  2.214348e-02, -2.012700e-03,  3.431012e-02],
 [-8.940663e-03, -7.569512e-02,  3.493783e-02,  2.055491e-02,  2.719240e-02],
 [ 8.944865e-01,  1.028507e+00, -2.145885e-01, -1.262243e+00, -1.294191e+00]]
energy_short: [-1.065944,  0.621357,  0.619054, -0.441142, -0.303071, -0.348467, -0.593471, -0.536574, -0.535174, -0.601865,  0.627093,  0.622719, -0.785948]
energy_long: [0.108361, 0.126462, 0.126571, 0.265718, 0.163992, 0.313692, 0.3433  , 0.330674, 0.395697, 0.265358, 0.130928, 0.127841, 0.198658]