step=792990, graph_id=0, num_atoms=13
scalar_charges: [ 1.675668, -2.398268, -2.404439,  1.422117,  1.352446,  1.375251,  1.502788,  1.471166,  1.470636,  1.512225, -2.387457, -2.394008,  1.548293]
spherical_charges_l0: [[-2.823081e+00],
 [-3.106158e-02],
 [-2.010326e-02],
 [-1.324282e-01],
 [-1.217105e-02],
 [-9.102544e-04],
 [ 3.080698e-02],
 [ 2.692190e-02],
 [ 3.407542e-02],
 [-7.805640e-02],
 [-3.946788e-02],
 [-3.388501e-02],
 [-2.761396e+00]]
spherical_charges_l1: [[-5.406193e-02, -6.379063e+00, -3.654091e+00],
 [-4.908693e-03, -4.554296e-03, -4.840645e-03],
 [ 2.449863e-03, -1.164084e-02, -3.147638e-03],
 [ 3.086940e-01, -8.322466e-01, -6.901399e-02],
 [ 2.975928e-01, -1.832119e-02,  3.237574e-01],
 [ 2.272798e-01,  1.041172e-01,  2.610823e-01],
 [-4.732198e-03,  1.515491e-02,  1.280583e-02],
 [-6.807493e-02, -1.299550e-02,  2.341749e-01],
 [ 2.705341e-02,  1.266039e-01,  2.325650e-01],
 [-2.411304e-01,  6.965031e-01, -2.641744e-01],
 [-4.173592e-03,  3.531938e-03, -1.876797e-03],
 [ 1.914872e-04,  1.112690e-02, -5.451121e-03],
 [-3.523301e+00,  4.949233e+00, -3.488113e+00]]
spherical_charges_l2: [[ 3.238502e+00, -2.711549e+00,  4.389658e+00,  1.767688e+00, -2.992423e+00],
 [-1.585073e-01,  4.390360e-02, -1.342706e-01,  2.703319e-02,  5.217594e-02],
 [-9.761155e-02,  1.061072e-01, -5.005943e-02,  4.313181e-02,  6.096354e-02],
 [-1.929834e-01,  1.577280e-01, -1.573544e-03,  2.372760e-02,  1.156834e-01],
 [ 4.800556e-01,  4.302465e-01, -1.654246e-01, -7.062311e-02,  3.570148e-01],
 [ 5.807912e-01,  3.372104e-01,  1.159419e-01, -6.855600e-01,  2.192602e-01],
 [ 6.944370e-01,  9.227255e-02, -8.513656e-03,  1.852640e-01,  3.209272e-01],
 [ 6.406804e-02,  5.759764e-01, -4.473549e-01,  6.064317e-01,  4.674745e-02],
 [ 2.878369e-01,  6.832249e-01, -2.929476e-02, -4.262579e-02,  3.941317e-01],
 [-5.805947e-02, -1.627647e-01,  1.240747e-01,  9.342655e-02,  8.440297e-02],
 [-1.415594e-01, -1.516756e-01,  6.448722e-02, -1.960444e-03,  8.726314e-02],
 [-3.209938e-02, -1.882730e-01,  8.637080e-02,  4.932265e-02,  7.169987e-02],
 [ 2.788231e+00,  3.408433e+00, -8.232937e-01, -3.541340e+00, -3.755653e+00]]
energy_short: [-0.847906,  0.340449,  0.335941, -0.31969 , -0.181093, -0.226823, -0.48004 , -0.418166, -0.417286, -0.500516,  0.346775,  0.342904, -0.575287]
energy_long: [0.093724, 0.099463, 0.101102, 0.240833, 0.141392, 0.293099, 0.333159, 0.317359, 0.403386, 0.241607, 0.103235, 0.101628, 0.206864]