step=2390985, graph_id=0, num_atoms=13
scalar_charges: [ 0.873129, -0.984722, -0.981888,  0.649334,  0.611101,  0.625082,  0.706737,  0.687376,  0.687426,  0.707726, -0.991985, -0.987047,  0.763551]
spherical_charges_l0: [[-1.068514],
 [-0.019608],
 [-0.012037],
 [-0.044844],
 [-0.031993],
 [-0.026432],
 [-0.011829],
 [-0.013242],
 [-0.001091],
 [-0.016656],
 [-0.018008],
 [-0.018646],
 [-1.089271]]
spherical_charges_l1: [[-1.669464e-02, -2.071384e+00, -1.174687e+00],
 [-9.646893e-03, -6.865359e-03, -8.170987e-03],
 [ 4.845404e-03, -8.286617e-03, -1.634491e-03],
 [ 1.050113e-01, -2.597992e-01, -1.332742e-02],
 [ 8.486421e-02, -1.356167e-02,  9.206109e-02],
 [ 5.947847e-02,  3.889740e-02,  7.163593e-02],
 [-6.826155e-03,  3.122260e-03, -1.315820e-02],
 [-1.462088e-02, -1.291404e-02,  6.165763e-02],
 [ 5.249082e-03,  4.052742e-02,  5.814923e-02],
 [-7.245395e-02,  2.207438e-01, -7.934996e-02],
 [-1.100265e-02,  1.433468e-03, -1.082527e-03],
 [ 2.207272e-03,  1.118069e-02, -5.414024e-03],
 [-1.142845e+00,  1.598978e+00, -1.143451e+00]]
spherical_charges_l2: [[ 1.146423, -1.054984,  1.725888,  0.796705, -1.213333],
 [-0.061631,  0.019857, -0.049769,  0.013046,  0.020512],
 [-0.039393,  0.044083, -0.019717,  0.017549,  0.025148],
 [-0.045502,  0.069889,  0.006924,  0.01049 ,  0.052627],
 [ 0.189084,  0.181745, -0.087497, -0.035624,  0.145259],
 [ 0.243032,  0.143764,  0.031693, -0.271237,  0.085598],
 [ 0.271363,  0.026663, -0.002931,  0.074813,  0.123844],
 [ 0.037625,  0.237386, -0.178897,  0.23926 ,  0.013684],
 [ 0.125203,  0.278586, -0.015023, -0.014239,  0.149198],
 [-0.006668, -0.045962,  0.042637,  0.041028,  0.037935],
 [-0.060083, -0.053868,  0.022356, -0.00232 ,  0.035187],
 [-0.007667, -0.076466,  0.035334,  0.021498,  0.027344],
 [ 1.068415,  1.244324, -0.267735, -1.493539, -1.542852]]
energy_short: [-1.006098,  0.604598,  0.602609, -0.397738, -0.277238, -0.320453, -0.562509, -0.507483, -0.507489, -0.567736,  0.609811,  0.60636 , -0.724606]
energy_long: [0.088631, 0.11294 , 0.114621, 0.2434  , 0.142121, 0.283695, 0.31218 , 0.305292, 0.370631, 0.240415, 0.118523, 0.116091, 0.189768]