step=2675340, graph_id=0, num_atoms=13
scalar_charges: [ 0.827092, -0.96615 , -0.963006,  0.613758,  0.575778,  0.589277,  0.668285,  0.649091,  0.649086,  0.668134, -0.972853, -0.967981,  0.721895]
spherical_charges_l0: [[-1.009753e+00],
 [-2.217770e-02],
 [-1.347349e-02],
 [-4.325013e-02],
 [-2.648330e-02],
 [-2.432760e-02],
 [-9.847606e-03],
 [-1.109226e-02],
 [ 7.906866e-04],
 [-1.818104e-02],
 [-2.080214e-02],
 [-2.127076e-02],
 [-1.029995e+00]]
spherical_charges_l1: [[-1.618360e-02, -1.968725e+00, -1.120909e+00],
 [-1.058863e-02, -6.098235e-03, -8.092561e-03],
 [ 5.768312e-03, -7.822392e-03, -7.764950e-04],
 [ 1.019324e-01, -2.583166e-01, -1.161499e-02],
 [ 8.166107e-02, -9.730492e-03,  8.848523e-02],
 [ 5.683893e-02,  3.195811e-02,  6.729709e-02],
 [-5.820596e-03,  3.801340e-03, -9.937122e-03],
 [-1.485124e-02, -9.101772e-03,  5.807821e-02],
 [ 5.677202e-03,  3.667675e-02,  5.713000e-02],
 [-7.274140e-02,  2.215689e-01, -7.657490e-02],
 [-1.155278e-02, -1.002805e-03,  9.510551e-05],
 [ 4.570477e-03,  1.086603e-02, -5.178306e-03],
 [-1.089080e+00,  1.526194e+00, -1.086784e+00]]
spherical_charges_l2: [[ 1.062617, -0.984354,  1.603755,  0.757058, -1.127586],
 [-0.067291,  0.019791, -0.05506 ,  0.013727,  0.021273],
 [-0.042884,  0.047307, -0.020285,  0.019599,  0.026455],
 [-0.043677,  0.062088,  0.011638,  0.010381,  0.046396],
 [ 0.178102,  0.170906, -0.080248, -0.033679,  0.138363],
 [ 0.228259,  0.139222,  0.031344, -0.255483,  0.079098],
 [ 0.256873,  0.030762, -0.003048,  0.071984,  0.12017 ],
 [ 0.035152,  0.226857, -0.171794,  0.225443,  0.015542],
 [ 0.116772,  0.266228, -0.012763, -0.01193 ,  0.144136],
 [-0.006331, -0.041906,  0.040953,  0.036098,  0.030876],
 [-0.06624 , -0.05843 ,  0.024257, -0.003767,  0.037669],
 [-0.007452, -0.083955,  0.038907,  0.022976,  0.028899],
 [ 1.002525,  1.157615, -0.240256, -1.404419, -1.435262]]
energy_short: [-1.036962,  0.6402  ,  0.638101, -0.433256, -0.308715, -0.352565, -0.597124, -0.540041, -0.53979 , -0.598424,  0.64524 ,  0.641766, -0.754316]
energy_long: [0.104867, 0.122699, 0.123557, 0.254375, 0.157799, 0.298165, 0.329335, 0.315282, 0.382469, 0.252455, 0.127154, 0.124744, 0.198272]