step=1401750, graph_id=0, num_atoms=13
scalar_charges: [ 1.203796, -1.402478, -1.400861,  0.963985,  0.908945,  0.926976,  1.033391,  1.006877,  1.006542,  1.036114, -1.411137, -1.406157,  1.079086]
spherical_charges_l0: [[-1.68326 ],
 [-0.028397],
 [-0.018029],
 [-0.076788],
 [-0.050038],
 [-0.04112 ],
 [-0.013049],
 [-0.020141],
 [-0.004548],
 [-0.034205],
 [-0.028779],
 [-0.028465],
 [-1.716593]]
spherical_charges_l1: [[-2.545056e-02, -3.327870e+00, -1.922367e+00],
 [-1.528510e-02, -1.232689e-02, -1.366963e-02],
 [ 6.639229e-03, -1.392308e-02, -3.508475e-03],
 [ 1.626157e-01, -4.383898e-01, -3.646094e-02],
 [ 1.323512e-01, -1.699375e-02,  1.456005e-01],
 [ 9.652454e-02,  5.746569e-02,  1.153044e-01],
 [-8.462857e-03,  8.684224e-03, -1.198637e-02],
 [-2.495194e-02, -1.787393e-02,  1.013221e-01],
 [ 7.680256e-03,  6.648240e-02,  9.449063e-02],
 [-1.290756e-01,  3.647324e-01, -1.350578e-01],
 [-1.631177e-02,  3.857758e-03, -2.457739e-03],
 [ 2.550131e-03,  1.799030e-02, -8.746593e-03],
 [-1.860852e+00,  2.608707e+00, -1.854504e+00]]
spherical_charges_l2: [[ 1.84883 , -1.721014,  2.807316,  1.313862, -1.968027],
 [-0.105   ,  0.029795, -0.087632,  0.020044,  0.034505],
 [-0.063525,  0.078328, -0.031624,  0.029197,  0.044635],
 [-0.09728 ,  0.123836, -0.017317,  0.011929,  0.097987],
 [ 0.319662,  0.292074, -0.141648, -0.074244,  0.241714],
 [ 0.403046,  0.251361,  0.056333, -0.44452 ,  0.145343],
 [ 0.471682,  0.059884, -0.00443 ,  0.130768,  0.219649],
 [ 0.060763,  0.403878, -0.306625,  0.403951,  0.033458],
 [ 0.206003,  0.474395, -0.023342, -0.017087,  0.258502],
 [-0.028051, -0.098842,  0.078915,  0.075587,  0.080707],
 [-0.106511, -0.096114,  0.039982, -0.004799,  0.061792],
 [-0.012537, -0.132763,  0.061358,  0.037944,  0.047583],
 [ 1.733234,  2.026079, -0.423951, -2.461558, -2.516653]]
energy_short: [-0.887936,  0.4814  ,  0.479427, -0.345392, -0.215272, -0.259051, -0.506213, -0.447327, -0.446443, -0.512828,  0.488415,  0.484269, -0.614561]
energy_long: [0.062663, 0.09036 , 0.093479, 0.217457, 0.132575, 0.270972, 0.308932, 0.290991, 0.35443 , 0.216433, 0.09587 , 0.093802, 0.152662]