step=2819520, graph_id=0, num_atoms=13
scalar_charges: [ 0.858656, -0.981872, -0.977463,  0.630491,  0.594941,  0.608327,  0.686409,  0.6681  ,  0.668123,  0.685904, -0.987308, -0.98229 ,  0.750696]
spherical_charges_l0: [[-0.981274],
 [-0.021437],
 [-0.012897],
 [-0.038811],
 [-0.024176],
 [-0.021487],
 [-0.010118],
 [-0.009854],
 [ 0.001973],
 [-0.013869],
 [-0.018984],
 [-0.019741],
 [-1.00289 ]]
spherical_charges_l1: [[-2.188146e-02, -1.934193e+00, -1.102673e+00],
 [-1.001026e-02, -6.991851e-03, -8.210583e-03],
 [ 4.840027e-03, -8.263769e-03, -1.365784e-03],
 [ 1.025277e-01, -2.562480e-01, -1.424397e-02],
 [ 7.659002e-02, -1.123948e-02,  8.583528e-02],
 [ 5.556694e-02,  3.334735e-02,  6.541098e-02],
 [-6.337037e-03,  3.265967e-03, -1.252503e-02],
 [-1.444133e-02, -1.000373e-02,  5.699226e-02],
 [ 5.992427e-03,  3.628752e-02,  5.498553e-02],
 [-7.288574e-02,  2.202355e-01, -7.940527e-02],
 [-1.103358e-02,  4.441781e-05, -4.004727e-04],
 [ 3.128081e-03,  1.081587e-02, -5.202270e-03],
 [-1.073620e+00,  1.503706e+00, -1.070721e+00]]
spherical_charges_l2: [[ 1.04466 , -0.97216 ,  1.581736,  0.736419, -1.121581],
 [-0.063657,  0.020098, -0.052199,  0.01292 ,  0.020941],
 [-0.041052,  0.044362, -0.019661,  0.018366,  0.02501 ],
 [-0.038807,  0.060423,  0.014153,  0.009724,  0.044352],
 [ 0.179544,  0.171091, -0.079582, -0.034194,  0.140657],
 [ 0.230312,  0.13925 ,  0.035049, -0.256932,  0.082922],
 [ 0.258417,  0.027675, -0.002728,  0.072061,  0.119142],
 [ 0.034363,  0.22796 , -0.171897,  0.229102,  0.017007],
 [ 0.117064,  0.267561, -0.013867, -0.012324,  0.146326],
 [-0.004142, -0.039   ,  0.039058,  0.034489,  0.028538],
 [-0.060973, -0.05452 ,  0.022664, -0.00311 ,  0.03503 ],
 [-0.00796 , -0.078536,  0.036336,  0.021381,  0.027504],
 [ 0.98449 ,  1.141424, -0.242646, -1.383513, -1.426747]]
energy_short: [-1.066297,  0.630456,  0.627778, -0.428547, -0.311288, -0.354716, -0.595476, -0.541223, -0.541148, -0.59629 ,  0.635107,  0.631543, -0.780125]
energy_long: [0.101442, 0.11871 , 0.119652, 0.253243, 0.165059, 0.304273, 0.336806, 0.318975, 0.384149, 0.252104, 0.123101, 0.120614, 0.193879]