step=1453815, graph_id=0, num_atoms=13
scalar_charges: [ 1.089487, -1.356727, -1.353669,  0.884301,  0.830658,  0.846618,  0.944542,  0.920216,  0.919834,  0.951493, -1.365267, -1.360099,  0.973503]
spherical_charges_l0: [[-1.657693e+00],
 [-2.200616e-02],
 [-1.430020e-02],
 [-5.944354e-02],
 [-3.797594e-02],
 [-3.194101e-02],
 [-9.764181e-03],
 [-1.193941e-02],
 [ 1.691860e-03],
 [-1.915483e-02],
 [-2.356382e-02],
 [-2.293498e-02],
 [-1.694466e+00]]
spherical_charges_l1: [[-3.268342e-02, -3.278181e+00, -1.868309e+00],
 [-1.130185e-02, -1.019935e-02, -1.038296e-02],
 [ 4.351944e-03, -9.296569e-03, -2.047122e-03],
 [ 1.599133e-01, -4.067649e-01, -1.852579e-02],
 [ 1.303806e-01, -1.630020e-02,  1.424874e-01],
 [ 9.367292e-02,  5.405574e-02,  1.127989e-01],
 [-8.193152e-03,  5.676021e-03, -1.147109e-02],
 [-2.479047e-02, -1.516271e-02,  9.501281e-02],
 [ 8.727023e-03,  6.062365e-02,  9.009347e-02],
 [-1.144713e-01,  3.432108e-01, -1.190845e-01],
 [-9.837591e-03,  2.040195e-03, -1.339515e-03],
 [ 1.448947e-03,  1.203912e-02, -5.858531e-03],
 [-1.820598e+00,  2.549872e+00, -1.803882e+00]]
spherical_charges_l2: [[ 1.871114, -1.703178,  2.708985,  1.217507, -1.892916],
 [-0.082272,  0.024775, -0.067287,  0.016863,  0.027558],
 [-0.05261 ,  0.059671, -0.026553,  0.024115,  0.034563],
 [-0.105394,  0.119353, -0.023126,  0.009167,  0.106784],
 [ 0.29067 ,  0.268083, -0.124269, -0.065296,  0.220629],
 [ 0.367712,  0.231833,  0.048429, -0.4026  ,  0.129311],
 [ 0.41394 ,  0.051439, -0.006692,  0.11243 ,  0.193374],
 [ 0.0581  ,  0.365298, -0.279507,  0.358593,  0.02806 ],
 [ 0.183757,  0.427052, -0.018629, -0.014069,  0.230597],
 [-0.032117, -0.098989,  0.079253,  0.082769,  0.091207],
 [-0.080792, -0.075659,  0.031693, -0.003941,  0.046742],
 [-0.011746, -0.103524,  0.047823,  0.027975,  0.036804],
 [ 1.713539,  2.036638, -0.441678, -2.35659 , -2.411314]]
energy_short: [-0.86328 ,  0.508581,  0.505948, -0.365078, -0.228054, -0.269387, -0.513549, -0.455458, -0.454626, -0.531726,  0.516111,  0.511665, -0.590471]
energy_long: [0.071531, 0.093233, 0.095603, 0.218007, 0.121294, 0.254747, 0.307677, 0.296413, 0.370134, 0.216175, 0.098424, 0.09633 , 0.169882]