step=3600495, graph_id=0, num_atoms=13
scalar_charges: [ 0.794097, -0.91872 , -0.916933,  0.592812,  0.552459,  0.565524,  0.639473,  0.621517,  0.621114,  0.642593, -0.923221, -0.920092,  0.697849]
spherical_charges_l0: [[-0.928691],
 [-0.021153],
 [-0.013016],
 [-0.036522],
 [-0.023337],
 [-0.020956],
 [-0.009095],
 [-0.009752],
 [ 0.001789],
 [-0.014045],
 [-0.018447],
 [-0.019434],
 [-0.942201]]
spherical_charges_l1: [[-9.912988e-03, -1.792276e+00, -1.024549e+00],
 [-9.458609e-03, -6.580101e-03, -7.683078e-03],
 [ 4.719608e-03, -8.254978e-03, -1.434580e-03],
 [ 9.650569e-02, -2.381238e-01, -8.863766e-03],
 [ 7.484074e-02, -1.002282e-02,  8.004306e-02],
 [ 5.061930e-02,  3.060556e-02,  6.135920e-02],
 [-4.609889e-03,  3.618354e-03, -7.755491e-03],
 [-1.233362e-02, -9.537771e-03,  5.295767e-02],
 [ 4.584888e-03,  3.395713e-02,  5.214943e-02],
 [-6.527487e-02,  2.044324e-01, -7.000870e-02],
 [-1.079970e-02,  5.893417e-04, -6.586349e-04],
 [ 2.687247e-03,  1.048812e-02, -5.055384e-03],
 [-9.924360e-01,  1.389187e+00, -9.977847e-01]]
spherical_charges_l2: [[ 9.429297e-01, -8.797932e-01,  1.441039e+00,  6.882779e-01, -1.019876e+00],
 [-6.043082e-02,  2.007284e-02, -4.937602e-02,  1.226191e-02,  2.033870e-02],
 [-4.027850e-02,  4.253975e-02, -1.970086e-02,  1.766826e-02,  2.410902e-02],
 [-3.339154e-02,  5.393581e-02,  1.687122e-02,  1.114714e-02,  3.959880e-02],
 [ 1.631109e-01,  1.549277e-01, -7.059420e-02, -3.133760e-02,  1.264048e-01],
 [ 2.073134e-01,  1.279021e-01,  3.043900e-02, -2.288011e-01,  7.566551e-02],
 [ 2.315754e-01,  3.105836e-02, -2.984539e-03,  6.447776e-02,  1.096940e-01],
 [ 3.362584e-02,  2.068942e-01, -1.526975e-01,  2.032105e-01,  1.752599e-02],
 [ 1.059589e-01,  2.407745e-01, -1.420571e-02, -8.207075e-03,  1.306298e-01],
 [-9.812724e-04, -3.320676e-02,  3.567638e-02,  2.906626e-02,  2.307125e-02],
 [-5.756205e-02, -5.271750e-02,  2.195078e-02, -2.159098e-03,  3.382400e-02],
 [-8.705992e-03, -7.496411e-02,  3.461601e-02,  2.028739e-02,  2.678340e-02],
 [ 8.932213e-01,  1.025964e+00, -2.127515e-01, -1.264807e+00, -1.294513e+00]]
energy_short: [-1.046225,  0.59578 ,  0.593598, -0.436656, -0.294082, -0.339477, -0.584803, -0.52767 , -0.526301, -0.597152,  0.601535,  0.597324, -0.76571 ]
energy_long: [0.110108, 0.128262, 0.128466, 0.266498, 0.169116, 0.312161, 0.34078 , 0.330074, 0.39568 , 0.265909, 0.132673, 0.12976 , 0.20061 ]