step=2190735, graph_id=0, num_atoms=13
scalar_charges: [ 0.923552, -1.034084, -1.030345,  0.679052,  0.637431,  0.652381,  0.739542,  0.718188,  0.718303,  0.741105, -1.04162 , -1.035995,  0.805206]
spherical_charges_l0: [[-1.135146e+00],
 [-2.078897e-02],
 [-1.283832e-02],
 [-4.420133e-02],
 [-2.967306e-02],
 [-2.593387e-02],
 [-1.292039e-02],
 [-1.253376e-02],
 [-8.452443e-04],
 [-1.629903e-02],
 [-1.999850e-02],
 [-2.034295e-02],
 [-1.158479e+00]]
spherical_charges_l1: [[-1.640701e-02, -2.150405e+00, -1.225773e+00],
 [-9.719599e-03, -7.197296e-03, -8.243412e-03],
 [ 4.192324e-03, -8.074980e-03, -1.692395e-03],
 [ 1.081674e-01, -2.724550e-01, -1.361672e-02],
 [ 8.912700e-02, -1.046446e-02,  9.711066e-02],
 [ 6.389608e-02,  3.647819e-02,  7.542633e-02],
 [-5.736803e-03,  2.906199e-03, -1.063565e-02],
 [-1.669342e-02, -1.020819e-02,  6.411673e-02],
 [ 7.005853e-03,  3.903477e-02,  6.276406e-02],
 [-7.701671e-02,  2.322564e-01, -8.250383e-02],
 [-9.223445e-03,  1.929795e-03, -1.264465e-03],
 [ 1.268646e-03,  1.032820e-02, -5.026156e-03],
 [-1.191464e+00,  1.666409e+00, -1.189304e+00]]
spherical_charges_l2: [[ 1.200129, -1.106152,  1.815412,  0.836532, -1.279446],
 [-0.068252,  0.022779, -0.052871,  0.016402,  0.021879],
 [-0.045643,  0.048764, -0.022061,  0.020948,  0.027235],
 [-0.059818,  0.073661,  0.009025,  0.022394,  0.054487],
 [ 0.198122,  0.19001 , -0.09211 , -0.036866,  0.151298],
 [ 0.256084,  0.152968,  0.035727, -0.288083,  0.092904],
 [ 0.291243,  0.032773, -0.003298,  0.079849,  0.13384 ],
 [ 0.037743,  0.252603, -0.189295,  0.256043,  0.01654 ],
 [ 0.131134,  0.296427, -0.016804, -0.016381,  0.160615],
 [-0.010529, -0.057329,  0.051557,  0.034421,  0.037441],
 [-0.067533, -0.062632,  0.026292, -0.004731,  0.037754],
 [-0.009644, -0.087029,  0.040349,  0.021589,  0.029079],
 [ 1.121213,  1.302367, -0.274115, -1.57992 , -1.62228 ]]
energy_short: [-1.029737,  0.590919,  0.588872, -0.400019, -0.275734, -0.319929, -0.565677, -0.507666, -0.507838, -0.571618,  0.595416,  0.59217 , -0.743146]
energy_long: [0.101613, 0.115712, 0.117916, 0.242241, 0.139507, 0.285827, 0.32245 , 0.30463 , 0.371611, 0.239135, 0.121211, 0.118965, 0.195305]