step=3980970, graph_id=0, num_atoms=13
scalar_charges: [ 0.799395, -0.926337, -0.924806,  0.605164,  0.567648,  0.580451,  0.651664,  0.63451 ,  0.634081,  0.653137, -0.930298, -0.927433,  0.710818]
spherical_charges_l0: [[-0.937731],
 [-0.021623],
 [-0.013181],
 [-0.036587],
 [-0.022914],
 [-0.020954],
 [-0.008681],
 [-0.009621],
 [ 0.002182],
 [-0.013966],
 [-0.01869 ],
 [-0.019784],
 [-0.949194]]
spherical_charges_l1: [[-1.031368e-02, -1.804954e+00, -1.032129e+00],
 [-9.384550e-03, -6.443662e-03, -7.566296e-03],
 [ 4.815719e-03, -8.068264e-03, -1.309461e-03],
 [ 9.641394e-02, -2.386642e-01, -9.029041e-03],
 [ 7.504696e-02, -9.836141e-03,  8.025463e-02],
 [ 5.065992e-02,  3.017796e-02,  6.131510e-02],
 [-4.525243e-03,  3.774416e-03, -7.367425e-03],
 [-1.227520e-02, -9.386729e-03,  5.308286e-02],
 [ 4.611094e-03,  3.388450e-02,  5.246467e-02],
 [-6.534492e-02,  2.048002e-01, -7.008232e-02],
 [-1.100613e-02,  3.304195e-04, -5.388600e-04],
 [ 2.969628e-03,  1.042892e-02, -5.016891e-03],
 [-9.991020e-01,  1.398503e+00, -1.004704e+00]]
spherical_charges_l2: [[ 9.496232e-01, -8.815485e-01,  1.443612e+00,  6.856422e-01, -1.018906e+00],
 [-6.099664e-02,  2.053596e-02, -4.970179e-02,  1.229392e-02,  2.061465e-02],
 [-4.084536e-02,  4.277552e-02, -1.998001e-02,  1.794726e-02,  2.410935e-02],
 [-3.082039e-02,  5.214857e-02,  1.869218e-02,  1.077436e-02,  3.769033e-02],
 [ 1.622314e-01,  1.539883e-01, -6.975084e-02, -3.107329e-02,  1.258297e-01],
 [ 2.052046e-01,  1.265630e-01,  3.052723e-02, -2.275792e-01,  7.462344e-02],
 [ 2.300242e-01,  3.187704e-02, -2.913780e-03,  6.400378e-02,  1.096224e-01],
 [ 3.312391e-02,  2.054039e-01, -1.515827e-01,  2.018495e-01,  1.750496e-02],
 [ 1.050044e-01,  2.392210e-01, -1.417628e-02, -8.160597e-03,  1.299713e-01],
 [ 1.918899e-04, -3.126469e-02,  3.461099e-02,  2.762699e-02,  2.064521e-02],
 [-5.770819e-02, -5.317909e-02,  2.214902e-02, -1.903653e-03,  3.415800e-02],
 [-9.226136e-03, -7.562153e-02,  3.489185e-02,  2.041769e-02,  2.723153e-02],
 [ 8.947543e-01,  1.029469e+00, -2.148316e-01, -1.262111e+00, -1.294066e+00]]
energy_short: [-1.067778,  0.623887,  0.621514, -0.439635, -0.301911, -0.347363, -0.592363, -0.535539, -0.534154, -0.600552,  0.629861,  0.625301, -0.787212]
energy_long: [0.106826, 0.125134, 0.12519 , 0.264667, 0.163593, 0.311352, 0.340325, 0.329567, 0.394295, 0.264344, 0.129617, 0.126431, 0.19671 ]