step=1261575, graph_id=0, num_atoms=13
scalar_charges: [-0.890937,  3.35116 ,  3.34835 , -0.900688, -0.879981, -0.894307, -0.88721 , -0.898382, -0.887764, -0.886296,  3.351126,  3.348285, -0.901205]
spherical_charges_l0: [[-6.584959e-03],
 [-1.252815e-04],
 [-2.057732e-04],
 [-2.308358e-02],
 [-1.060891e-01],
 [-1.627394e+00],
 [-2.544006e-02],
 [-1.576967e+00],
 [-7.173312e-02],
 [-7.218318e-04],
 [-5.539153e-04],
 [-5.556883e-04],
 [-8.343144e-03]]
spherical_charges_l1: [[-9.325701e-03,  1.933337e-02,  5.274225e-03],
 [-1.267081e-05,  1.766359e-04,  9.306915e-05],
 [-3.121655e-04,  9.961037e-04,  3.411016e-04],
 [-2.493271e-02,  6.327172e-02,  1.841304e-02],
 [ 2.772583e-02,  1.216455e-01,  3.791425e-02],
 [-1.054143e-01,  8.421382e-01,  1.758045e-01],
 [ 3.436678e-03, -8.028608e-04,  1.010522e-02],
 [ 3.540127e-01, -5.820120e-01,  1.688360e-01],
 [ 5.120745e-02, -5.500403e-02, -1.182133e-03],
 [ 1.567377e-02, -3.403492e-02, -6.457489e-03],
 [ 1.530891e-03, -3.334632e-04,  1.978257e-04],
 [-4.396490e-04, -1.138988e-03,  5.346513e-04],
 [ 1.586065e-02, -1.867937e-02,  9.059199e-03]]
spherical_charges_l2: [[-1.313916e-02,  3.111732e-02, -1.565647e-02, -1.169924e-02, -1.671493e-03],
 [ 7.035197e-04, -5.728003e-04,  6.176066e-05, -8.160109e-04,  1.317184e-04],
 [ 9.509202e-04,  7.053520e-04,  1.275874e-04, -6.101779e-04,  5.888626e-04],
 [ 3.759017e-02,  3.108512e-02, -6.091385e-02, -3.734067e-02,  8.601359e-03],
 [-4.293734e-02, -7.513715e-02, -1.856408e-01, -7.598063e-02,  1.945216e-02],
 [ 2.304735e-01,  1.100291e+00,  2.996065e+00,  1.922002e+00, -9.789255e-01],
 [ 2.304084e-02, -8.501632e-02, -2.477180e-03, -4.310559e-03, -9.605376e-03],
 [ 1.289035e+00,  1.622468e+00, -1.327531e+00, -7.948567e-01, -2.481582e+00],
 [-5.189942e-02, -6.478442e-02,  8.772742e-02,  5.551889e-02,  1.750095e-01],
 [-2.243539e-02, -2.156501e-03, -1.338563e-02,  8.212508e-02,  6.290605e-02],
 [ 3.168292e-04,  2.703378e-04, -1.769019e-04,  5.001713e-04,  3.080069e-04],
 [ 1.407420e-04,  4.094842e-04, -2.023670e-04,  5.755882e-04,  3.732041e-04],
 [-1.655006e-02, -2.545989e-02,  1.348638e-02,  1.763234e-02,  2.070840e-02]]
energy_short: [-0.204204, -0.274554, -0.29314 ,  0.052198,  0.175896,  0.118243,  0.006865, -0.020409,  0.007602, -0.138583, -0.261845, -0.277573,  0.128154]
energy_long: [0.073127, 0.152297, 0.152254, 0.066337, 0.089363, 0.068459, 0.051563, 0.071739, 0.088559, 0.069566, 0.152268, 0.152283, 0.078396]