step=2663325, graph_id=0, num_atoms=13
scalar_charges: [0.565003, 2.068827, 2.088616, 0.731505, 0.716139, 0.755198, 0.6517  , 0.625532, 0.620599, 0.714526, 2.055727, 2.075283, 0.544287]
spherical_charges_l0: [[-3.577815e-03],
 [-6.199011e-06],
 [-5.960343e-06],
 [-3.713518e-02],
 [-1.352603e-01],
 [-1.501815e+00],
 [-2.576612e-02],
 [-1.378945e+00],
 [-1.160934e-01],
 [-7.068531e-03],
 [-6.334169e-06],
 [-1.110425e-05],
 [ 1.872019e-03]]
spherical_charges_l1: [[-1.594464e-02,  1.634280e-03, -3.457188e-03],
 [-8.737961e-06,  4.855191e-07, -4.136302e-07],
 [-4.654804e-06,  2.950034e-08,  2.212077e-06],
 [-5.205337e-03,  5.561437e-02,  1.627509e-02],
 [ 5.301466e-03,  9.769379e-02,  4.176612e-02],
 [-1.096769e-01,  5.559897e-01,  9.643333e-02],
 [ 9.008183e-04,  4.521334e-03,  1.272624e-02],
 [ 2.063133e-01, -3.791815e-01,  5.480713e-02],
 [ 4.851311e-02, -7.343553e-02,  3.046010e-02],
 [ 1.437194e-02, -2.388004e-02, -4.041209e-03],
 [ 1.734018e-05, -3.833717e-06,  5.008012e-07],
 [-1.231522e-06, -4.394833e-06,  1.362784e-06],
 [ 1.904655e-03, -7.112901e-03,  4.034349e-03]]
spherical_charges_l2: [[-1.506023e-02,  2.989541e-02, -2.411729e-02, -1.872151e-02,  1.041159e-02],
 [-2.103576e-05,  2.659368e-05, -8.869627e-06,  2.251168e-05,  8.447114e-06],
 [-2.961386e-05, -1.406039e-05, -2.408025e-05, -1.349841e-07,  2.968623e-06],
 [ 2.336268e-02,  2.473879e-02, -7.213976e-02, -4.319059e-02,  2.562879e-02],
 [-2.474415e-02, -8.907624e-02, -1.729106e-01, -7.322785e-02,  1.359433e-02],
 [ 1.727005e-01,  6.866440e-01,  1.843632e+00,  1.205602e+00, -5.717177e-01],
 [ 1.593165e-02, -5.814138e-02, -5.809751e-03, -2.383652e-03, -1.512570e-02],
 [ 7.168436e-01,  9.624611e-01, -8.072243e-01, -5.005704e-01, -1.396853e+00],
 [-4.782901e-02, -6.046690e-02,  7.882051e-02,  3.757692e-02,  1.586002e-01],
 [-3.084129e-02, -1.787555e-02, -1.434254e-02,  6.685995e-02,  4.852618e-02],
 [ 5.165251e-06, -3.561687e-05,  1.516306e-05,  1.708304e-05,  1.628497e-05],
 [-3.163317e-05, -2.436935e-05,  1.111738e-05, -4.278361e-06,  1.510303e-05],
 [-2.238410e-02, -1.945185e-02,  9.532147e-03,  1.833168e-02,  2.389363e-02]]
energy_short: [-0.1377  , -0.444806, -0.455106,  0.183837,  0.368388,  0.307485,  0.177764,  0.170629,  0.196001,  0.026694, -0.428584, -0.440158,  0.156297]
energy_long: [0.045908, 0.03268 , 0.033509, 0.040412, 0.052485, 0.047646, 0.022279, 0.058782, 0.05406 , 0.042342, 0.033133, 0.033389, 0.045848]