step=2290860, graph_id=0, num_atoms=13
scalar_charges: [-0.812282,  3.007169,  2.993333, -0.679786, -0.76983 , -0.891595, -0.503176, -0.714631, -0.557985, -0.614086,  3.016713,  2.997332, -0.743479]
spherical_charges_l0: [[-2.829748e-03],
 [-7.639321e-04],
 [-8.992921e-04],
 [-2.558596e-02],
 [-1.262565e-01],
 [-1.426131e+00],
 [-2.514916e-02],
 [-1.359966e+00],
 [-1.102322e-01],
 [-3.163481e-04],
 [-1.133914e-03],
 [-9.111180e-04],
 [ 1.693499e-03]]
spherical_charges_l1: [[-1.375667e-02,  6.844011e-03, -1.392411e-03],
 [ 3.725032e-04, -5.848888e-04, -1.479104e-04],
 [-2.196301e-04, -3.678044e-04, -3.423454e-04],
 [-1.672210e-03,  6.279473e-02,  1.884384e-02],
 [ 8.613124e-03,  9.394817e-02,  4.063988e-02],
 [-1.000002e-01,  5.487909e-01,  1.019229e-01],
 [ 4.869134e-04,  5.802537e-03,  1.420217e-02],
 [ 2.256971e-01, -3.615591e-01,  6.353509e-02],
 [ 4.518621e-02, -6.448878e-02,  2.092567e-02],
 [ 1.594321e-02, -2.697690e-02, -5.225470e-03],
 [-6.364321e-06,  3.692223e-04, -1.824398e-04],
 [-5.237854e-04,  1.089988e-04, -8.044500e-05],
 [ 3.663811e-03, -1.055889e-02,  4.860228e-03]]
spherical_charges_l2: [[-7.694457e-03,  2.117045e-02, -1.239337e-02, -1.327684e-02,  3.958075e-03],
 [-1.124154e-04,  1.216780e-04, -3.598985e-04, -2.940511e-04,  3.728252e-04],
 [ 8.684322e-05,  2.224731e-04, -4.927379e-04, -2.396572e-04,  3.375593e-04],
 [ 4.319442e-02,  2.472404e-02, -4.803031e-02, -4.513235e-02,  2.087534e-02],
 [-2.863712e-02, -7.204372e-02, -1.789183e-01, -7.776396e-02,  2.155745e-02],
 [ 1.596910e-01,  7.126121e-01,  1.836494e+00,  1.242337e+00, -5.833747e-01],
 [ 1.472013e-02, -5.577339e-02, -8.088904e-03, -1.107455e-03, -1.568057e-02],
 [ 7.599892e-01,  1.005181e+00, -8.135385e-01, -5.112227e-01, -1.469406e+00],
 [-3.834825e-02, -4.505160e-02,  7.399553e-02,  3.731795e-02,  1.527795e-01],
 [-2.064732e-02, -6.403368e-03, -1.662741e-02,  5.841041e-02,  3.806940e-02],
 [-9.117954e-06, -5.127902e-04,  1.531470e-04,  5.639916e-04,  5.536698e-04],
 [-4.381632e-04, -1.801412e-04,  4.723212e-05,  3.438374e-04,  5.361238e-04],
 [-1.511772e-02, -1.332640e-02,  7.692913e-03,  1.341524e-02,  1.603611e-02]]
energy_short: [-0.193844, -0.34664 , -0.359984,  0.07592 ,  0.229618,  0.170823,  0.051797,  0.035675,  0.064332, -0.090288, -0.335115, -0.346109,  0.11681 ]
energy_long: [0.058739, 0.148884, 0.148902, 0.053367, 0.064749, 0.052099, 0.033317, 0.062373, 0.064812, 0.054591, 0.148907, 0.148896, 0.059529]