step=1589985, graph_id=0, num_atoms=13
scalar_charges: [-1.063187,  3.558608,  3.548734, -1.03407 , -1.025249, -1.080029, -0.951753, -1.029558, -0.97014 , -1.00147 ,  3.564848,  3.548204, -1.045045]
spherical_charges_l0: [[-8.349624e-03],
 [-4.357804e-04],
 [-1.677048e-04],
 [-3.446101e-02],
 [-1.089231e-01],
 [-1.478934e+00],
 [-2.611860e-02],
 [-1.357709e+00],
 [-9.037882e-02],
 [-5.272763e-03],
 [-1.833694e-04],
 [-2.693295e-04],
 [-6.453190e-03]]
spherical_charges_l1: [[-1.190032e-02,  1.905551e-02, -2.589539e-03],
 [ 1.162420e-03, -1.510265e-03, -1.073628e-06],
 [-1.559044e-03,  6.768828e-04, -2.820983e-04],
 [-1.783371e-02,  6.651638e-02,  1.968032e-02],
 [ 2.115624e-02,  1.148691e-01,  4.212702e-02],
 [-1.054763e-01,  6.494162e-01,  1.148194e-01],
 [ 1.399416e-03, -8.397731e-04,  6.636675e-03],
 [ 2.474228e-01, -4.044086e-01,  7.326153e-02],
 [ 4.753047e-02, -5.040098e-02,  1.151031e-02],
 [ 1.799340e-02, -3.508737e-02, -3.613379e-03],
 [ 7.954740e-04,  2.036905e-04, -7.282403e-05],
 [-9.843338e-04, -5.973390e-04,  2.772248e-04],
 [ 1.294690e-02, -1.968208e-02,  7.120758e-03]]
spherical_charges_l2: [[-1.011065e-02,  2.927751e-02, -2.225192e-02, -2.226825e-02,  3.647688e-03],
 [ 7.731866e-04, -6.938644e-04,  5.619574e-04, -1.363950e-04,  1.063084e-05],
 [ 1.469681e-04, -6.333944e-04, -7.206858e-04, -1.174509e-04,  1.339632e-04],
 [ 3.456868e-02,  3.653825e-02, -4.330098e-02, -1.383677e-02,  1.634510e-02],
 [-2.215169e-02, -8.647129e-02, -2.125073e-01, -8.988225e-02,  3.106465e-02],
 [ 2.364431e-01,  9.285901e-01,  2.488910e+00,  1.581008e+00, -7.723970e-01],
 [ 2.055534e-02, -7.491184e-02, -7.072520e-03, -1.975459e-03, -8.975623e-03],
 [ 9.579625e-01,  1.313447e+00, -1.095790e+00, -6.621367e-01, -1.902919e+00],
 [-4.643559e-02, -5.537893e-02,  9.784606e-02,  5.244111e-02,  1.927929e-01],
 [-2.045577e-02, -1.216604e-02, -1.192438e-02,  6.202305e-02,  4.395464e-02],
 [ 3.776597e-04,  4.752770e-04, -1.573631e-04, -2.401848e-04, -5.100652e-04],
 [ 1.579272e-04,  2.072239e-04, -1.145819e-04, -4.572441e-04, -4.462769e-04],
 [-2.023887e-02, -2.408416e-02,  9.816130e-03,  2.597137e-02,  2.677954e-02]]
energy_short: [-0.160089, -0.291832, -0.310168,  0.048236,  0.188233,  0.132799,  0.014429, -0.002396,  0.021164, -0.131793, -0.281501, -0.294942,  0.162686]
energy_long: [0.055638, 0.145158, 0.14515 , 0.047763, 0.065744, 0.056223, 0.030102, 0.060971, 0.065234, 0.048473, 0.145147, 0.145138, 0.058872]