step=2871585, graph_id=0, num_atoms=13
scalar_charges: [0.651086, 1.062611, 1.062708, 0.602035, 0.658109, 0.542851, 0.778138, 0.660432, 0.784565, 0.70465 , 1.062554, 1.06286 , 0.677044]
spherical_charges_l0: [[-5.837529e-03],
 [-1.436291e-05],
 [-5.346730e-06],
 [-3.611869e-02],
 [-1.405292e-01],
 [-1.582286e+00],
 [-2.814917e-02],
 [-1.454227e+00],
 [-1.252291e-01],
 [-7.841851e-03],
 [-7.139344e-06],
 [-8.901028e-06],
 [-2.495989e-03]]
spherical_charges_l1: [[-1.719372e-02,  6.818205e-03, -3.386373e-03],
 [-2.753221e-05, -1.722509e-05, -1.579699e-05],
 [ 1.187766e-05, -8.971980e-06,  4.509542e-06],
 [-8.176542e-03,  5.458209e-02,  1.741848e-02],
 [ 2.716439e-04,  1.017728e-01,  4.042122e-02],
 [-1.315896e-01,  5.194988e-01,  7.284647e-02],
 [ 6.858866e-04,  5.669540e-03,  1.524429e-02],
 [ 2.049016e-01, -3.608727e-01,  2.926187e-02],
 [ 5.057297e-02, -7.910512e-02,  3.347120e-02],
 [ 1.473582e-02, -2.631634e-02,  1.265341e-04],
 [-1.415896e-05, -3.843731e-06, -1.253688e-07],
 [ 6.703668e-06,  1.281019e-05, -5.571863e-06],
 [ 2.993155e-03, -1.084664e-02,  5.367962e-03]]
spherical_charges_l2: [[-1.658627e-02,  2.437851e-02, -1.852628e-02, -1.387065e-02,  5.569273e-03],
 [-3.507579e-05,  2.099776e-06, -1.526818e-05,  1.722361e-05,  1.428256e-06],
 [-3.829730e-05,  2.370759e-05, -2.377332e-05,  2.307595e-05,  1.544037e-05],
 [ 2.978896e-02,  2.247990e-02, -6.145210e-02, -3.658021e-02,  2.424058e-02],
 [-2.320877e-02, -8.838959e-02, -1.793968e-01, -7.581758e-02,  1.718291e-02],
 [ 1.732996e-01,  6.927850e-01,  1.842488e+00,  1.217451e+00, -5.930277e-01],
 [ 1.696674e-02, -5.814156e-02, -7.746089e-03, -2.386175e-03, -1.744788e-02],
 [ 7.182658e-01,  9.801434e-01, -7.891251e-01, -5.190320e-01, -1.422252e+00],
 [-4.472369e-02, -5.741471e-02,  8.208475e-02,  3.113073e-02,  1.662522e-01],
 [-2.732427e-02, -1.576638e-02, -1.342156e-02,  5.607734e-02,  3.726655e-02],
 [-3.481549e-05, -3.787152e-05,  1.512780e-05,  1.377888e-06,  2.610073e-05],
 [-2.115404e-05, -3.973006e-05,  1.999994e-05,  3.706795e-06,  2.015618e-05],
 [-2.176638e-02, -1.860233e-02,  9.635938e-03,  1.940811e-02,  2.432527e-02]]
energy_short: [-0.181447, -0.324413, -0.334594,  0.114223,  0.317334,  0.247841,  0.11649 ,  0.112775,  0.143431, -0.029712, -0.317264, -0.32376 ,  0.117088]
energy_long: [0.039826, 0.028989, 0.029003, 0.037219, 0.050342, 0.044685, 0.021126, 0.054539, 0.053486, 0.040569, 0.028791, 0.028887, 0.039768]