step=488610, graph_id=0, num_atoms=13
scalar_charges: [-0.929948,  3.164733,  3.156596, -0.892275, -0.924996, -0.937934, -0.864432, -0.907517, -0.887974, -0.899764,  3.165276,  3.148996, -0.900476]
spherical_charges_l0: [[-6.760476e-04],
 [ 9.171098e-05],
 [-2.133793e-04],
 [-4.518256e-02],
 [-9.186796e-02],
 [-1.615306e+00],
 [-1.489065e-02],
 [-1.341235e+00],
 [-2.773997e-02],
 [-2.192789e-02],
 [-9.511314e-05],
 [-1.059737e-04],
 [ 5.223818e-03]]
spherical_charges_l1: [[-2.110415e-02,  4.014610e-02, -3.193125e-03],
 [-9.102506e-04,  3.125034e-07, -1.032462e-04],
 [ 1.696215e-04, -4.442107e-04,  1.043281e-04],
 [-3.446601e-02,  1.507495e-01,  3.715668e-02],
 [ 1.807897e-02,  2.980058e-01,  1.167645e-01],
 [-8.924781e-02,  1.361289e+00,  3.723300e-01],
 [ 5.190818e-03,  8.336070e-03,  1.580255e-02],
 [ 3.765369e-01, -8.451191e-01,  3.185843e-01],
 [ 1.171306e-01, -1.449979e-01,  3.985031e-02],
 [ 5.922063e-02, -1.106601e-01,  2.736822e-02],
 [-3.819242e-05, -2.155531e-04,  1.185840e-04],
 [ 2.309303e-04,  1.640777e-04, -4.297067e-05],
 [ 2.308763e-02, -3.497738e-02,  7.044967e-03]]
spherical_charges_l2: [[-3.429159e-02,  3.918558e-02, -4.647087e-02, -8.603612e-03,  2.512593e-02],
 [ 1.832319e-04,  1.961167e-04,  9.676191e-04,  1.050379e-03, -3.604922e-04],
 [-4.542078e-04, -5.419134e-04,  5.020058e-05,  5.603877e-04, -3.829469e-04],
 [ 8.765683e-02,  8.542676e-03,  8.474679e-02, -3.555162e-02, -2.663402e-02],
 [-1.006916e-02, -1.625617e-01,  1.037592e-02, -1.113694e-01, -1.172233e-01],
 [ 3.690478e-01,  1.566500e+00,  3.764805e+00,  2.484501e+00, -1.147869e+00],
 [ 3.394486e-02, -6.312604e-02, -4.298764e-03, -5.778112e-03,  8.177024e-04],
 [ 1.375999e+00,  1.816049e+00, -1.528769e+00, -6.575093e-01, -2.467521e+00],
 [ 3.527608e-04, -1.890493e-02,  2.012303e-02, -6.750657e-03, -3.172665e-03],
 [-2.042769e-02, -8.490602e-03, -1.551697e-02,  5.137208e-02,  3.161539e-02],
 [ 4.435836e-04, -2.063426e-04,  1.313039e-04, -1.315986e-05, -2.873835e-04],
 [-3.666913e-04, -8.160372e-06, -7.699065e-06, -4.064627e-04, -1.376080e-04],
 [-3.699477e-02, -4.225354e-02,  2.556059e-02,  2.980036e-02,  3.566771e-02]]
energy_short: [-0.257886, -0.137047, -0.153774,  0.144263,  0.123114,  0.103555, -0.036693, -0.032621, -0.046135, -0.077024, -0.122321, -0.137601,  0.097187]
energy_long: [0.033817, 0.110802, 0.110817, 0.031221, 0.058356, 0.014322, 0.009902, 0.018059, 0.047823, 0.034102, 0.1108  , 0.110783, 0.041395]