step=2471085, graph_id=0, num_atoms=13
scalar_charges: [1.537135, 1.04797 , 1.129178, 1.584875, 1.584285, 1.56622 , 1.554438, 1.486883, 1.522469, 1.593302, 1.064481, 1.123842, 1.521897]
spherical_charges_l0: [[ 2.270825e-03],
 [-7.251479e-06],
 [-8.058523e-06],
 [-3.508820e-02],
 [-1.731663e-01],
 [-2.098600e+00],
 [-3.511964e-02],
 [-1.924961e+00],
 [-1.483666e-01],
 [-3.266913e-03],
 [-1.165242e-05],
 [-1.415350e-05],
 [ 6.095220e-03]]
spherical_charges_l1: [[-1.979048e-02,  9.478253e-03,  4.176310e-03],
 [-9.403516e-06, -2.012465e-06, -5.624718e-06],
 [-4.531713e-06,  7.763247e-07,  7.309603e-07],
 [-8.977401e-03,  5.857407e-02,  1.216398e-02],
 [ 5.463965e-03,  1.275174e-01,  5.498217e-02],
 [-1.840293e-01,  7.844284e-01,  1.090526e-01],
 [ 2.654477e-04,  9.000664e-03,  1.953667e-02],
 [ 3.105292e-01, -5.224590e-01,  7.591286e-02],
 [ 6.376199e-02, -9.722440e-02,  3.518928e-02],
 [ 1.715617e-02, -2.932707e-02, -6.608110e-03],
 [ 2.512626e-06,  7.747710e-07, -5.374675e-08],
 [ 1.650766e-06,  5.467698e-06, -1.983414e-06],
 [ 9.319258e-03, -1.561161e-02,  9.416921e-03]]
spherical_charges_l2: [[-1.565408e-02,  3.625446e-02, -2.926132e-02, -2.971157e-02,  9.133625e-03],
 [-5.384677e-07,  2.044306e-05,  2.997052e-05,  2.696818e-05, -1.338188e-05],
 [-2.888268e-05, -3.610337e-06, -1.000038e-05,  1.171705e-05, -4.546527e-06],
 [ 4.026778e-02,  2.661637e-02, -6.069738e-02, -4.458949e-02,  1.775073e-02],
 [-4.360721e-02, -1.064226e-01, -2.444691e-01, -1.001756e-01,  2.143753e-02],
 [ 2.234453e-01,  9.732884e-01,  2.598032e+00,  1.710092e+00, -8.383084e-01],
 [ 2.225144e-02, -7.596888e-02, -1.072641e-02, -2.316337e-03, -1.817845e-02],
 [ 9.896725e-01,  1.356055e+00, -1.122248e+00, -6.767790e-01, -1.979471e+00],
 [-5.927607e-02, -6.960193e-02,  1.038781e-01,  5.136234e-02,  2.077091e-01],
 [-2.449792e-02, -1.267721e-02, -1.966634e-02,  6.942711e-02,  4.286226e-02],
 [-1.418722e-05, -1.435962e-05,  1.404390e-06,  2.043053e-06,  1.282935e-05],
 [-1.637335e-05, -1.699808e-05,  9.775708e-06, -2.334695e-06,  3.892196e-06],
 [-2.159924e-02, -1.982309e-02,  1.043424e-02,  1.740259e-02,  1.965146e-02]]
energy_short: [-0.219429, -0.325657, -0.337948,  0.120388,  0.309614,  0.244047,  0.115274,  0.10271 ,  0.134528, -0.027875, -0.31163 , -0.322515,  0.069581]
energy_long: [0.046045, 0.046613, 0.047725, 0.039688, 0.051744, 0.048943, 0.027017, 0.060809, 0.054066, 0.042607, 0.047927, 0.047969, 0.046616]