step=768960, graph_id=0, num_atoms=13
scalar_charges: [-1.062219,  3.649727,  3.64392 , -1.070115, -1.087433, -1.132392, -1.036186, -1.099001, -1.050099, -1.064819,  3.658031,  3.643   , -1.043921]
spherical_charges_l0: [[-1.815364e-02],
 [ 2.245129e-04],
 [ 5.184113e-04],
 [-2.583132e-02],
 [-1.299350e-01],
 [-1.864329e+00],
 [-2.723839e-02],
 [-1.597567e+00],
 [-6.768213e-02],
 [-3.706633e-03],
 [ 2.343069e-04],
 [ 2.042052e-04],
 [-1.087551e-02]]
spherical_charges_l1: [[-2.197012e-02,  8.956322e-03, -7.008200e-03],
 [-4.834009e-04,  8.230347e-04, -7.985619e-06],
 [ 1.417812e-03,  4.853804e-06,  7.367642e-04],
 [-4.884819e-02,  1.370360e-01,  4.355140e-02],
 [ 5.328823e-02,  2.814838e-01,  9.243561e-02],
 [-2.682604e-01,  1.267173e+00,  1.739260e-01],
 [ 1.009873e-02,  9.048934e-03,  2.834166e-02],
 [ 5.399984e-01, -8.676687e-01,  2.139932e-01],
 [ 9.119218e-02, -1.177553e-01, -1.154871e-02],
 [ 3.917894e-02, -7.941753e-02,  1.825288e-02],
 [-5.271379e-04, -5.777443e-04,  3.165828e-04],
 [ 5.812780e-04,  1.209664e-04, -4.119000e-06],
 [ 2.284767e-02, -2.634025e-02,  2.113323e-02]]
spherical_charges_l2: [[-4.738394e-02,  8.623169e-02, -7.670827e-02, -4.918170e-02,  3.644983e-02],
 [-1.339192e-03, -4.386840e-04, -1.447981e-03,  1.067967e-04,  5.916329e-05],
 [-8.425503e-04,  3.623217e-03,  5.570946e-04,  1.098315e-03,  1.376701e-03],
 [ 9.792371e-03,  3.516813e-02, -9.591155e-03,  1.554472e-02, -1.531338e-02],
 [-9.272608e-02, -1.112879e-01, -3.430392e-01, -9.899962e-02, -9.009677e-03],
 [ 4.022894e-01,  1.649171e+00,  4.378161e+00,  2.784284e+00, -1.245705e+00],
 [ 1.624640e-02, -1.084928e-01, -1.300865e-02, -1.184536e-02, -2.065945e-02],
 [ 1.540524e+00,  2.110679e+00, -1.704166e+00, -8.601835e-01, -2.944109e+00],
 [-3.550503e-02, -3.955574e-02,  1.147514e-01, -2.024029e-02,  1.314590e-01],
 [-3.131537e-02, -2.444428e-02, -2.147265e-03,  6.407117e-02,  7.453924e-02],
 [-1.689951e-03, -5.983079e-04,  1.600600e-04, -1.234817e-03, -8.433469e-05],
 [ 8.442717e-04, -1.471512e-03,  7.995986e-04,  3.079102e-05, -4.305830e-04],
 [-5.054885e-02, -6.725218e-02,  2.830770e-02,  7.818986e-02,  7.602378e-02]]
energy_short: [-0.165565, -0.26423 , -0.286313,  0.123466,  0.163936,  0.124992,  0.002121, -0.00893 , -0.003853, -0.096853, -0.252357, -0.269131,  0.179507]
energy_long: [0.041942, 0.122848, 0.122874, 0.035333, 0.065964, 0.016786, 0.021699, 0.02473 , 0.055162, 0.038582, 0.122886, 0.122855, 0.047173]