step=1205505, graph_id=0, num_atoms=13
scalar_charges: [-1.048179,  3.48038 ,  3.474143, -1.043356, -1.041385, -1.075468, -1.010323, -1.049006, -1.01364 , -1.029274,  3.485847,  3.475383, -1.034457]
spherical_charges_l0: [[-2.037343e-02],
 [ 3.518281e-04],
 [ 3.477350e-04],
 [-2.851729e-02],
 [-1.313502e-01],
 [-1.636093e+00],
 [-2.432832e-02],
 [-1.458258e+00],
 [-9.105773e-02],
 [-2.620621e-03],
 [ 2.247892e-04],
 [ 2.091766e-04],
 [-1.519499e-02]]
spherical_charges_l1: [[-8.493887e-03,  2.496754e-02,  9.314728e-03],
 [-2.117533e-04,  3.079149e-04, -7.999967e-06],
 [ 4.768689e-04,  3.108877e-04,  3.755877e-04],
 [-1.587351e-02,  6.269874e-02,  1.766786e-02],
 [ 3.610523e-02,  1.407799e-01,  3.902129e-02],
 [-9.828857e-02,  8.219973e-01,  1.679201e-01],
 [ 5.574278e-03,  4.313937e-03,  1.985338e-02],
 [ 3.131611e-01, -5.446638e-01,  1.633073e-01],
 [ 5.164849e-02, -7.217106e-02, -1.572802e-03],
 [ 2.492174e-02, -4.808731e-02,  5.660926e-04],
 [ 2.747492e-04, -1.462309e-04,  1.545374e-04],
 [ 1.068284e-04, -1.100505e-04,  1.451387e-04],
 [ 1.871300e-02, -2.124651e-02,  1.037226e-02]]
spherical_charges_l2: [[-2.511293e-02,  5.239968e-02, -4.080922e-02, -3.424848e-02,  2.016223e-02],
 [-3.343338e-05, -6.134536e-04, -1.403047e-03, -9.991062e-04,  6.232687e-04],
 [-4.104403e-05,  2.371919e-03, -4.096178e-04, -2.432934e-04,  1.779993e-03],
 [ 1.520218e-02,  4.534809e-02, -6.020128e-02, -2.561815e-02,  7.500930e-03],
 [-5.362007e-02, -4.608252e-02, -3.039108e-01, -8.240999e-02,  5.158670e-02],
 [ 2.680241e-01,  1.181278e+00,  3.111834e+00,  2.021220e+00, -9.329042e-01],
 [ 3.363847e-02, -7.652929e-02, -4.176925e-04, -5.547726e-03, -1.013375e-04],
 [ 1.250736e+00,  1.686482e+00, -1.395276e+00, -7.897723e-01, -2.357439e+00],
 [-4.482852e-02, -3.945856e-02,  1.054167e-01,  5.228626e-02,  1.945193e-01],
 [-2.811866e-02, -1.229596e-02, -1.059563e-02,  9.116126e-02,  6.335261e-02],
 [-1.075728e-03, -2.952991e-05, -7.326116e-05,  1.420724e-04,  6.847313e-04],
 [ 3.324861e-04, -5.895131e-04,  2.227793e-04,  5.578503e-04,  3.206805e-04],
 [-2.732056e-02, -4.013191e-02,  1.750834e-02,  4.403988e-02,  4.302310e-02]]
energy_short: [-0.217085, -0.285248, -0.303427,  0.034723,  0.161115,  0.101699, -0.008517, -0.036319, -0.008557, -0.160135, -0.272395, -0.287712,  0.109833]
energy_long: [0.069229, 0.157219, 0.157333, 0.061851, 0.079789, 0.054149, 0.052276, 0.066409, 0.078503, 0.066241, 0.157252, 0.157276, 0.074017]