step=1285605, graph_id=0, num_atoms=13
scalar_charges: [-0.73224 ,  2.962305,  2.959265, -0.746112, -0.733355, -0.744199, -0.751466, -0.755169, -0.747628, -0.730421,  2.961   ,  2.959232, -0.748703]
spherical_charges_l0: [[-1.083152e-02],
 [-2.453908e-05],
 [ 9.684829e-05],
 [-2.986423e-02],
 [-1.372208e-01],
 [-1.833053e+00],
 [-2.515105e-02],
 [-1.675974e+00],
 [-7.876870e-02],
 [-6.050569e-03],
 [-1.093546e-04],
 [-8.232869e-05],
 [-1.042703e-02]]
spherical_charges_l1: [[-1.032000e-02,  2.509129e-02,  6.229778e-03],
 [ 2.458934e-04, -1.557555e-05,  1.233107e-04],
 [-5.114492e-04,  8.483451e-04,  2.014367e-04],
 [-1.744486e-02,  8.404671e-02,  3.577536e-02],
 [ 2.429992e-02,  1.880805e-01,  7.416914e-02],
 [-9.090237e-02,  9.890602e-01,  1.973845e-01],
 [ 5.998125e-03,  2.589256e-03,  1.878693e-02],
 [ 3.341285e-01, -6.499893e-01,  2.036248e-01],
 [ 6.921727e-02, -8.909120e-02,  1.219432e-02],
 [ 3.074893e-02, -4.882916e-02,  1.534721e-03],
 [ 1.248282e-03, -1.339500e-04,  9.348696e-05],
 [-4.524121e-04, -8.987568e-04,  4.153320e-04],
 [ 1.954869e-02, -2.393379e-02,  9.155409e-03]]
spherical_charges_l2: [[-1.098315e-02,  4.627483e-02, -2.193938e-02, -2.335739e-02,  7.295962e-03],
 [ 5.393637e-04, -9.774345e-05, -3.817182e-04, -9.244786e-04,  3.741700e-04],
 [ 5.350114e-04,  9.544055e-04, -4.534378e-05, -4.773462e-04,  6.336570e-04],
 [ 3.071521e-02,  3.528636e-02, -6.818481e-02, -2.374432e-02,  1.053368e-02],
 [-3.419448e-02, -1.383049e-01, -1.972160e-01, -1.052748e-01,  2.085730e-02],
 [ 3.393784e-01,  1.298796e+00,  3.400516e+00,  2.148160e+00, -1.039559e+00],
 [ 1.966623e-02, -8.179427e-02, -3.948342e-03, -8.278162e-03, -1.021884e-02],
 [ 1.310853e+00,  1.821967e+00, -1.490419e+00, -8.147951e-01, -2.595455e+00],
 [-3.824255e-02, -8.091716e-02,  9.998787e-02,  4.860623e-02,  1.867521e-01],
 [-3.426253e-02, -2.733290e-02, -7.779418e-03,  8.855492e-02,  7.995470e-02],
 [-3.845431e-04,  3.086337e-04, -2.351396e-04,  2.581154e-04,  4.500242e-04],
 [ 3.645952e-04, -7.855544e-05,  1.981624e-05,  6.539879e-04,  3.284239e-04],
 [-2.141698e-02, -3.458142e-02,  1.456519e-02,  3.387200e-02,  2.936613e-02]]
energy_short: [-0.17518 , -0.289108, -0.30947 ,  0.064854,  0.194911,  0.141735,  0.021452,  0.007695,  0.029692, -0.125839, -0.275288, -0.292964,  0.157929]
energy_long: [0.05838 , 0.143854, 0.143797, 0.049049, 0.073202, 0.049896, 0.034261, 0.053082, 0.069895, 0.049986, 0.143823, 0.143833, 0.063035]