step=1934415, graph_id=0, num_atoms=13
scalar_charges: [-1.069234,  3.911942,  3.908208, -1.196264, -1.122805, -1.186538, -1.003343, -1.096829, -1.033529, -1.136395,  3.911508,  3.908653, -1.034191]
spherical_charges_l0: [[-1.319917e-02],
 [-4.832509e-05],
 [ 1.261134e-05],
 [-5.013389e-02],
 [-1.253128e-01],
 [-1.464584e+00],
 [-3.240668e-02],
 [-1.329726e+00],
 [-1.026521e-01],
 [-8.675217e-03],
 [-3.115101e-04],
 [-1.838004e-04],
 [-8.256597e-03]]
spherical_charges_l1: [[-1.348748e-02,  1.982534e-02,  3.551485e-03],
 [ 2.741083e-04, -1.068466e-04,  8.646564e-06],
 [ 1.673438e-04,  3.183373e-05, -7.190806e-05],
 [-7.867403e-03,  7.812862e-02,  1.361256e-02],
 [ 7.791180e-03,  1.115149e-01,  4.626076e-02],
 [-1.181581e-01,  6.173999e-01,  1.052638e-01],
 [ 3.928501e-04,  5.048111e-03,  1.017101e-02],
 [ 2.348803e-01, -4.029016e-01,  8.599429e-02],
 [ 5.292138e-02, -7.020701e-02,  1.889139e-02],
 [ 1.923443e-02, -3.350553e-02, -4.874070e-03],
 [ 2.856133e-04, -3.460492e-05,  4.606514e-06],
 [-2.223939e-04, -1.875698e-04,  5.984814e-05],
 [ 1.371695e-02, -1.909219e-02,  9.530100e-03]]
spherical_charges_l2: [[-1.497770e-02,  3.985419e-02, -3.073260e-02, -2.282781e-02,  1.303522e-02],
 [ 4.552267e-07,  1.037866e-04, -4.577006e-04, -3.498519e-04,  3.551172e-04],
 [-4.731647e-05,  1.939574e-04, -4.520082e-04, -1.720464e-04,  3.481601e-04],
 [ 2.452752e-02,  3.193047e-02, -6.010788e-02, -3.584922e-02,  1.449047e-02],
 [-2.015379e-02, -1.192965e-01, -1.920528e-01, -8.198443e-02,  1.776691e-02],
 [ 1.800689e-01,  8.493552e-01,  2.137882e+00,  1.425771e+00, -6.709117e-01],
 [ 1.787492e-02, -6.493224e-02, -1.058507e-02, -3.876428e-03, -1.564894e-02],
 [ 8.382989e-01,  1.116204e+00, -9.160946e-01, -5.905334e-01, -1.638206e+00],
 [-3.952140e-02, -6.010245e-02,  9.021506e-02,  4.200594e-02,  1.748604e-01],
 [-2.272086e-02, -1.004156e-02, -1.443598e-02,  6.569818e-02,  4.825869e-02],
 [-1.254204e-04, -1.120452e-04, -6.299245e-05,  8.383977e-04,  8.124370e-04],
 [-1.694852e-04, -9.475190e-06, -3.220639e-05,  5.978335e-04,  5.923007e-04],
 [-2.867501e-02, -3.310139e-02,  1.339458e-02,  3.027609e-02,  3.433245e-02]]
energy_short: [-0.232377, -0.359369, -0.368856,  0.094152,  0.23465 ,  0.177322,  0.049494,  0.043936,  0.066591, -0.071941, -0.345111, -0.352962,  0.075716]
energy_long: [0.074362, 0.145131, 0.145114, 0.063394, 0.076315, 0.067397, 0.043213, 0.07555 , 0.076596, 0.062634, 0.145284, 0.145286, 0.077575]