step=3119895, graph_id=0, num_atoms=13
scalar_charges: [0.47936 , 1.054561, 1.031098, 0.451947, 0.515905, 0.37038 , 0.624304, 0.493442, 0.642737, 0.550302, 1.05243 , 1.041299, 0.52455 ]
spherical_charges_l0: [[-6.448873e-03],
 [-7.342619e-06],
 [-8.142541e-06],
 [-2.912739e-02],
 [-1.356916e-01],
 [-1.770655e+00],
 [-2.883644e-02],
 [-1.664515e+00],
 [-1.338549e-01],
 [-5.463641e-03],
 [ 9.143292e-06],
 [ 2.305715e-06],
 [-3.485323e-03]]
spherical_charges_l1: [[-1.711184e-02,  4.594705e-03, -3.354153e-03],
 [-1.220361e-05, -3.467876e-06, -2.740313e-06],
 [-1.341451e-06, -1.796995e-05, -3.532857e-06],
 [-5.157047e-03,  4.037792e-02,  1.223173e-02],
 [ 2.029945e-03,  9.080854e-02,  3.672390e-02],
 [-1.390603e-01,  5.596480e-01,  8.421799e-02],
 [ 1.125636e-03,  5.014090e-03,  1.395771e-02],
 [ 2.221165e-01, -4.006833e-01,  2.953557e-02],
 [ 4.250999e-02, -6.585310e-02,  2.480696e-02],
 [ 1.130652e-02, -1.651474e-02, -4.834518e-03],
 [ 1.064209e-05,  3.574184e-06, -3.208914e-06],
 [-1.175080e-05,  1.221402e-05, -5.139326e-06],
 [ 1.033013e-03, -7.580895e-03,  3.507897e-03]]
spherical_charges_l2: [[-1.833731e-02,  2.833136e-02, -1.962278e-02, -1.025525e-02,  8.551336e-03],
 [-2.284572e-05,  2.415352e-05, -1.240927e-05,  4.361307e-05,  1.047758e-05],
 [-7.019164e-05, -8.571142e-06, -3.286158e-05,  3.274600e-05,  3.135106e-06],
 [ 3.905649e-02,  1.322746e-02, -5.414212e-02, -3.838977e-02,  2.778862e-02],
 [-2.611849e-02, -6.860802e-02, -1.816327e-01, -7.426192e-02,  2.100996e-02],
 [ 1.762897e-01,  7.494087e-01,  1.951292e+00,  1.279902e+00, -6.153120e-01],
 [ 1.369593e-02, -5.414561e-02, -6.666163e-03, -2.721272e-03, -1.781467e-02],
 [ 7.794874e-01,  1.045452e+00, -8.570464e-01, -5.307426e-01, -1.533933e+00],
 [-3.922842e-02, -4.140224e-02,  7.864407e-02,  3.114165e-02,  1.529142e-01],
 [-2.342988e-02, -1.148358e-02, -1.258608e-02,  5.234812e-02,  3.685405e-02],
 [ 3.754430e-06, -7.722276e-05,  4.032892e-05,  2.849259e-06,  1.301034e-05],
 [-5.666173e-05, -3.651650e-05,  1.975821e-05, -2.702893e-05,  1.758827e-05],
 [-2.422728e-02, -2.340754e-02,  1.190939e-02,  1.757780e-02,  2.540542e-02]]
energy_short: [-0.162509, -0.367856, -0.379525,  0.13617 ,  0.344039,  0.268526,  0.142385,  0.132779,  0.16831 , -0.014768, -0.35651 , -0.366245,  0.135063]
energy_long: [0.042541, 0.031943, 0.032903, 0.039384, 0.053502, 0.048701, 0.023447, 0.059113, 0.055676, 0.041773, 0.032022, 0.032291, 0.042179]