step=1882350, graph_id=0, num_atoms=13
scalar_charges: [-0.891964,  3.274712,  3.274798, -0.867334, -0.875119, -0.939908, -0.792294, -0.865621, -0.805956, -0.831413,  3.274954,  3.275136, -0.856878]
spherical_charges_l0: [[-5.026951e-03],
 [-2.808576e-04],
 [-5.295191e-05],
 [-2.530896e-02],
 [-1.028221e-01],
 [-1.349017e+00],
 [-2.033681e-02],
 [-1.263555e+00],
 [-7.926162e-02],
 [-3.105639e-04],
 [-3.771145e-04],
 [-1.491347e-04],
 [-1.337054e-03]]
spherical_charges_l1: [[-1.483659e-02,  1.233555e-02, -1.114273e-03],
 [ 4.801903e-04, -2.127034e-04,  1.724102e-04],
 [ 3.008021e-04,  3.859015e-04,  1.908659e-04],
 [-1.116771e-02,  3.717445e-02,  1.351380e-02],
 [ 1.409929e-03,  9.172625e-02,  3.560366e-02],
 [-1.341894e-01,  6.222697e-01,  8.717755e-02],
 [ 6.668054e-04,  6.233607e-03,  1.402386e-02],
 [ 2.493021e-01, -4.202796e-01,  9.255373e-02],
 [ 4.288921e-02, -6.592397e-02,  1.512216e-02],
 [ 9.244218e-03, -1.564548e-02, -6.612090e-03],
 [ 4.245387e-04, -5.640635e-04,  2.964192e-04],
 [-5.565130e-05, -5.058778e-04,  2.496103e-04],
 [ 7.771728e-03, -1.334739e-02,  4.919209e-03]]
spherical_charges_l2: [[-1.509083e-02,  3.444561e-02, -1.836356e-02, -1.494563e-02,  1.044263e-02],
 [ 4.534959e-04, -4.077147e-04, -4.873272e-04, -8.054642e-04,  2.375010e-04],
 [ 6.177140e-04,  3.382498e-04, -3.901435e-04, -7.914725e-04,  6.709301e-04],
 [ 3.401658e-02,  2.811925e-02, -4.758547e-02, -1.582190e-02,  2.021455e-02],
 [-1.853572e-02, -1.006354e-01, -1.555354e-01, -6.228788e-02,  1.634627e-02],
 [ 1.595206e-01,  7.629128e-01,  2.040541e+00,  1.339607e+00, -6.039511e-01],
 [ 1.888550e-02, -5.488244e-02, -8.111982e-03, -1.351156e-03, -5.382306e-03],
 [ 7.906975e-01,  1.087793e+00, -9.224256e-01, -5.612476e-01, -1.567888e+00],
 [-3.012195e-02, -5.334949e-02,  7.869950e-02,  3.221693e-02,  1.490724e-01],
 [-1.612265e-02, -6.868985e-03, -1.286302e-02,  5.570318e-02,  4.424377e-02],
 [-5.701483e-04,  2.768491e-04, -3.218602e-04,  1.014186e-03,  1.228265e-03],
 [ 2.648938e-04,  2.216915e-04, -1.432732e-04,  1.088587e-03,  7.610231e-04],
 [-2.019380e-02, -2.453905e-02,  1.071486e-02,  1.885814e-02,  2.048773e-02]]
energy_short: [-0.214817, -0.32838 , -0.337093,  0.052886,  0.220315,  0.163621,  0.046279,  0.029768,  0.052893, -0.119022, -0.317729, -0.323935,  0.103993]
energy_long: [0.058487, 0.132753, 0.132761, 0.050371, 0.065679, 0.067468, 0.02932 , 0.071566, 0.065325, 0.051273, 0.132755, 0.132761, 0.060436]