step=3400245, graph_id=0, num_atoms=13
scalar_charges: [0.464215, 1.031935, 1.009533, 0.445437, 0.482927, 0.384341, 0.573298, 0.475306, 0.589963, 0.527544, 1.026577, 1.01782 , 0.491312]
spherical_charges_l0: [[-6.398365e-03],
 [-5.614490e-06],
 [ 1.586990e-05],
 [-3.727758e-02],
 [-1.567838e-01],
 [-1.780025e+00],
 [-3.294465e-02],
 [-1.648116e+00],
 [-1.345356e-01],
 [-8.342635e-03],
 [ 1.386317e-05],
 [ 1.495925e-05],
 [-3.978489e-03]]
spherical_charges_l1: [[-1.731652e-02,  7.016205e-03, -2.737949e-03],
 [-1.466138e-05,  6.636949e-06, -2.825545e-06],
 [-4.778378e-06, -4.114744e-06, -6.000428e-06],
 [-7.929717e-03,  4.804168e-02,  1.347486e-02],
 [ 3.237722e-03,  1.089015e-01,  4.567745e-02],
 [-1.418098e-01,  5.261579e-01,  7.333333e-02],
 [ 1.440046e-03,  5.413813e-03,  1.530320e-02],
 [ 2.218805e-01, -3.840846e-01,  1.404540e-02],
 [ 5.142383e-02, -8.089843e-02,  3.445153e-02],
 [ 1.282725e-02, -2.098496e-02, -3.413583e-03],
 [ 2.952029e-05,  1.473361e-05, -7.124916e-06],
 [-2.010750e-05, -1.142053e-07,  1.209866e-06],
 [ 1.680326e-03, -9.226824e-03,  4.118717e-03]]
spherical_charges_l2: [[-1.707759e-02,  2.513352e-02, -1.605418e-02, -9.966759e-03,  5.826795e-03],
 [-2.731398e-05,  4.140763e-05,  7.732861e-06,  5.431406e-05,  5.928609e-06],
 [-8.598279e-05, -2.626823e-05, -7.431134e-05,  1.553710e-05, -1.144836e-06],
 [ 3.746548e-02,  1.491067e-02, -5.855896e-02, -4.028549e-02,  3.308954e-02],
 [-2.526352e-02, -9.300319e-02, -1.780639e-01, -9.006327e-02,  1.543637e-02],
 [ 1.677487e-01,  7.126291e-01,  1.914516e+00,  1.245082e+00, -6.048299e-01],
 [ 1.518252e-02, -6.189912e-02, -7.706358e-03, -2.919730e-03, -2.175209e-02],
 [ 7.343197e-01,  1.009107e+00, -8.321140e-01, -5.193408e-01, -1.461395e+00],
 [-4.767548e-02, -6.086341e-02,  8.422352e-02,  3.225925e-02,  1.693209e-01],
 [-2.580750e-02, -1.383623e-02, -1.226419e-02,  5.425633e-02,  3.689947e-02],
 [ 1.558259e-05, -9.874243e-05,  4.745087e-05,  1.083417e-05,  1.327097e-05],
 [-9.142076e-05, -4.163115e-05,  1.891879e-05, -3.272485e-05,  2.831025e-05],
 [-2.310182e-02, -2.186000e-02,  1.152788e-02,  1.698389e-02,  2.381902e-02]]
energy_short: [-0.15855 , -0.357302, -0.371135,  0.133185,  0.337748,  0.262332,  0.136454,  0.128137,  0.164293, -0.013873, -0.34679 , -0.357355,  0.136003]
energy_long: [0.040103, 0.029453, 0.030413, 0.036114, 0.050789, 0.051596, 0.021743, 0.061478, 0.051646, 0.037874, 0.029626, 0.029896, 0.039269]