step=2803500, graph_id=0, num_atoms=13
scalar_charges: [0.620463, 1.08429 , 1.077486, 0.598821, 0.6281  , 0.543208, 0.725322, 0.61853 , 0.733031, 0.673782, 1.088283, 1.082005, 0.650724]
spherical_charges_l0: [[-3.491398e-03],
 [-1.791866e-05],
 [-2.747520e-05],
 [-3.581777e-02],
 [-1.403594e-01],
 [-1.627544e+00],
 [-3.112534e-02],
 [-1.518297e+00],
 [-1.232784e-01],
 [-6.671018e-03],
 [-2.466469e-05],
 [-2.317845e-05],
 [ 1.919285e-04]]
spherical_charges_l1: [[-1.723678e-02,  4.349279e-03, -4.035440e-03],
 [-2.355864e-05, -1.343892e-06, -8.181933e-06],
 [ 3.060592e-07,  9.907600e-07, -1.455029e-06],
 [-1.155428e-02,  5.189847e-02,  1.074207e-02],
 [ 6.638356e-03,  1.081351e-01,  4.088720e-02],
 [-1.278750e-01,  5.555453e-01,  7.917948e-02],
 [ 4.931943e-04,  6.168669e-03,  1.447018e-02],
 [ 2.245290e-01, -3.922038e-01,  4.365450e-02],
 [ 4.888043e-02, -7.481554e-02,  2.605674e-02],
 [ 1.282394e-02, -2.468754e-02, -2.922308e-03],
 [-7.206135e-06, -1.027988e-05,  3.064075e-06],
 [ 1.159731e-05,  8.482773e-06, -3.828146e-06],
 [ 2.014344e-03, -9.082310e-03,  3.167479e-03]]
spherical_charges_l2: [[-1.290572e-02,  2.770609e-02, -2.093660e-02, -1.700404e-02,  8.734390e-03],
 [-1.389480e-05, -5.511277e-06, -2.727565e-06,  1.495652e-05, -1.556921e-05],
 [ 3.437625e-06,  1.910962e-05,  1.338980e-05,  1.096197e-05, -3.830819e-06],
 [ 3.081763e-02,  1.533925e-02, -6.124502e-02, -3.686431e-02,  2.361280e-02],
 [-2.292232e-02, -8.563790e-02, -1.789374e-01, -7.803361e-02,  2.142672e-02],
 [ 1.636657e-01,  7.354800e-01,  1.909830e+00,  1.250713e+00, -6.111695e-01],
 [ 1.533129e-02, -6.135219e-02, -8.460563e-03, -2.786760e-03, -1.783561e-02],
 [ 7.744838e-01,  1.023049e+00, -8.509446e-01, -5.204668e-01, -1.504336e+00],
 [-4.708867e-02, -5.612890e-02,  8.098269e-02,  3.688209e-02,  1.639891e-01],
 [-2.633488e-02, -1.175251e-02, -1.342176e-02,  5.529035e-02,  3.878726e-02],
 [-1.232759e-05, -1.607533e-05,  5.626679e-06, -9.474656e-06,  1.083514e-06],
 [-3.157180e-06, -2.560192e-05,  1.405566e-05, -6.271174e-06, -3.292864e-06],
 [-2.161881e-02, -1.872542e-02,  8.468495e-03,  2.046719e-02,  2.371672e-02]]
energy_short: [-0.156746, -0.39161 , -0.403753,  0.148412,  0.342734,  0.268474,  0.141259,  0.130281,  0.168771, -0.00349 , -0.379786, -0.389792,  0.139004]
energy_long: [0.052157, 0.042844, 0.04339 , 0.048493, 0.062131, 0.052559, 0.031754, 0.065444, 0.064685, 0.051082, 0.042992, 0.043158, 0.052312]