step=1581975, graph_id=0, num_atoms=13
scalar_charges: [-1.040073,  3.556319,  3.54443 , -1.012166, -1.011062, -1.065681, -0.934361, -1.012686, -0.950573, -0.977751,  3.562183,  3.544259, -1.019087]
spherical_charges_l0: [[-7.495252e-03],
 [-3.894959e-04],
 [-1.562237e-04],
 [-3.972705e-02],
 [-1.220243e-01],
 [-1.545930e+00],
 [-2.726736e-02],
 [-1.388813e+00],
 [-1.067045e-01],
 [-5.143373e-03],
 [-1.538614e-04],
 [-2.529760e-04],
 [-4.077270e-03]]
spherical_charges_l1: [[-1.025440e-02,  1.937342e-02,  2.801034e-04],
 [ 8.971714e-04, -1.337405e-03, -3.108575e-05],
 [-1.356092e-03,  5.065093e-04, -2.585309e-04],
 [-2.251231e-02,  6.895811e-02,  1.980864e-02],
 [ 1.594708e-02,  1.238128e-01,  4.844761e-02],
 [-1.272683e-01,  7.074237e-01,  1.005545e-01],
 [ 2.059318e-03,  2.064933e-03,  1.165001e-02],
 [ 2.845917e-01, -4.597613e-01,  9.548008e-02],
 [ 5.007403e-02, -6.234926e-02,  1.515864e-02],
 [ 1.813917e-02, -3.715067e-02, -7.646036e-04],
 [ 6.275518e-04,  1.370696e-04, -4.727576e-05],
 [-7.988135e-04, -5.019841e-04,  2.338772e-04],
 [ 1.329665e-02, -2.102625e-02,  9.251595e-03]]
spherical_charges_l2: [[-6.548753e-03,  2.296551e-02, -1.943583e-02, -2.596865e-02,  4.248895e-04],
 [ 7.811327e-04, -7.686174e-04,  6.706598e-04, -1.065836e-04, -9.072101e-05],
 [ 1.555692e-04, -8.087983e-04, -6.565696e-04, -9.714792e-06, -1.959482e-05],
 [ 2.773919e-02,  3.231854e-02, -5.767570e-02, -1.395887e-02,  1.931157e-02],
 [-2.501402e-02, -1.175546e-01, -2.401201e-01, -1.060180e-01,  3.368928e-02],
 [ 2.291425e-01,  9.487960e-01,  2.639165e+00,  1.677814e+00, -8.711135e-01],
 [ 1.822159e-02, -7.403399e-02, -9.867538e-03, -3.821013e-03, -1.211687e-02],
 [ 9.605315e-01,  1.313180e+00, -1.128393e+00, -6.743609e-01, -2.001480e+00],
 [-5.167013e-02, -6.581077e-02,  1.061993e-01,  5.830640e-02,  2.059748e-01],
 [-2.943565e-02, -1.524667e-02, -1.395152e-02,  7.260186e-02,  5.397522e-02],
 [ 4.671134e-04,  5.382104e-04, -1.557743e-04, -3.976411e-04, -7.140274e-04],
 [ 2.323758e-04,  3.033606e-04, -1.459342e-04, -5.924812e-04, -6.012569e-04],
 [-1.970194e-02, -1.922362e-02,  7.786544e-03,  2.473400e-02,  2.342651e-02]]
energy_short: [-0.142361, -0.313301, -0.331997,  0.063194,  0.203835,  0.149584,  0.026658,  0.016296,  0.036422, -0.116135, -0.303104, -0.316973,  0.182603]
energy_long: [0.058054, 0.142411, 0.142389, 0.05014 , 0.068106, 0.045268, 0.033421, 0.05207 , 0.066352, 0.050706, 0.142413, 0.142414, 0.061189]