step=3536415, graph_id=0, num_atoms=13
scalar_charges: [0.57456 , 1.052554, 1.032788, 0.524272, 0.561816, 0.428187, 0.652709, 0.545609, 0.671627, 0.59465 , 1.056447, 1.046423, 0.61853 ]
spherical_charges_l0: [[-4.905281e-03],
 [-7.067764e-06],
 [ 3.190691e-05],
 [-3.694814e-02],
 [-1.554199e-01],
 [-1.898106e+00],
 [-3.256705e-02],
 [-1.763121e+00],
 [-1.320737e-01],
 [-6.466113e-03],
 [ 2.614850e-05],
 [ 2.626069e-05],
 [-3.450947e-03]]
spherical_charges_l1: [[-1.783181e-02,  6.064929e-03, -1.777442e-03],
 [-1.748948e-05,  9.504112e-06, -1.207111e-07],
 [ 3.601944e-07, -6.053136e-06, -9.927860e-07],
 [-9.489516e-03,  4.651446e-02,  1.311439e-02],
 [ 3.293237e-03,  1.068758e-01,  4.407511e-02],
 [-1.536286e-01,  5.472147e-01,  7.900100e-02],
 [ 1.265632e-03,  4.580193e-03,  1.362605e-02],
 [ 2.272030e-01, -3.961412e-01,  1.040273e-02],
 [ 5.027556e-02, -7.953008e-02,  3.145953e-02],
 [ 1.205434e-02, -1.907003e-02, -4.362063e-03],
 [ 3.119704e-05,  1.789144e-05, -7.774857e-06],
 [-2.573338e-05,  4.489992e-06, -4.886616e-07],
 [ 1.104932e-03, -7.350856e-03,  3.889753e-03]]
spherical_charges_l2: [[-1.634072e-02,  2.568532e-02, -1.646133e-02, -1.118401e-02,  6.363465e-03],
 [-5.090381e-05,  4.999750e-05, -6.350489e-06,  5.898740e-05,  1.716791e-05],
 [-1.206161e-04, -2.302178e-05, -1.061015e-04,  1.863340e-05,  1.391459e-05],
 [ 4.009244e-02,  1.291193e-02, -6.019670e-02, -4.294677e-02,  3.238955e-02],
 [-2.422811e-02, -9.213503e-02, -1.736959e-01, -9.035596e-02,  1.445721e-02],
 [ 1.839045e-01,  7.436394e-01,  2.000623e+00,  1.291119e+00, -6.285054e-01],
 [ 1.388639e-02, -6.013193e-02, -6.989481e-03, -3.287419e-03, -2.132403e-02],
 [ 7.804893e-01,  1.060399e+00, -8.690905e-01, -5.391261e-01, -1.532157e+00],
 [-4.567268e-02, -6.013356e-02,  8.108021e-02,  3.435620e-02,  1.647251e-01],
 [-2.765781e-02, -1.500991e-02, -1.371543e-02,  5.831968e-02,  3.901033e-02],
 [ 1.061746e-05, -1.288381e-04,  6.208725e-05,  1.142563e-05,  2.017337e-05],
 [-1.144314e-04, -5.400228e-05,  2.529777e-05, -3.655502e-05,  3.934378e-05],
 [-2.272793e-02, -2.141818e-02,  1.056304e-02,  1.760947e-02,  2.374960e-02]]
energy_short: [-0.160512, -0.343932, -0.357533,  0.120054,  0.323037,  0.240386,  0.120199,  0.105885,  0.148004, -0.025618, -0.3331  , -0.343919,  0.13374 ]
energy_long: [0.042267, 0.029868, 0.030592, 0.03889 , 0.053032, 0.054282, 0.022906, 0.062694, 0.054183, 0.040182, 0.029984, 0.030165, 0.041506]