step=3820770, graph_id=0, num_atoms=13
scalar_charges: [0.550658, 1.171879, 1.146236, 0.525689, 0.562859, 0.423317, 0.663591, 0.547746, 0.684759, 0.599702, 1.172974, 1.160747, 0.600139]
spherical_charges_l0: [[-6.243294e-03],
 [-4.855608e-06],
 [ 3.997656e-05],
 [-3.964838e-02],
 [-1.712847e-01],
 [-1.946463e+00],
 [-3.334580e-02],
 [-1.804687e+00],
 [-1.513366e-01],
 [-6.413783e-03],
 [ 2.063466e-05],
 [ 2.353783e-05],
 [-5.076783e-03]]
spherical_charges_l1: [[-1.860574e-02,  4.976663e-03, -2.403893e-03],
 [-1.330577e-05,  1.775490e-05,  2.405094e-06],
 [-8.769662e-06, -5.486615e-08, -2.384033e-07],
 [-9.669958e-03,  5.349863e-02,  1.637961e-02],
 [ 3.184534e-03,  1.143146e-01,  4.934042e-02],
 [-1.577012e-01,  5.543793e-01,  7.938564e-02],
 [ 1.800106e-03,  4.488637e-03,  1.405943e-02],
 [ 2.371773e-01, -4.194836e-01,  9.204329e-03],
 [ 5.385103e-02, -8.703674e-02,  3.672866e-02],
 [ 1.386998e-02, -2.199164e-02, -2.689038e-03],
 [ 3.965699e-05,  2.065325e-05, -5.671859e-06],
 [-2.989440e-05, -2.480324e-06,  5.487154e-06],
 [ 7.589484e-04, -7.665081e-03,  3.287878e-03]]
spherical_charges_l2: [[-1.562898e-02,  2.291132e-02, -1.486892e-02, -1.168595e-02,  4.500044e-03],
 [-4.451765e-05,  2.869796e-05,  1.569793e-05,  6.284861e-05, -6.685902e-06],
 [-1.138701e-04, -3.122773e-05, -1.026050e-04,  1.991418e-05,  1.838085e-06],
 [ 4.336961e-02,  1.224815e-02, -5.857164e-02, -4.528434e-02,  3.569068e-02],
 [-2.526857e-02, -9.109969e-02, -1.978515e-01, -9.706767e-02,  2.211055e-02],
 [ 1.795579e-01,  7.567839e-01,  2.021181e+00,  1.307148e+00, -6.366204e-01],
 [ 1.598820e-02, -6.339961e-02, -7.587221e-03, -3.311818e-03, -2.385210e-02],
 [ 7.791685e-01,  1.069681e+00, -8.713055e-01, -5.387482e-01, -1.530831e+00],
 [-4.925867e-02, -6.189135e-02,  9.048906e-02,  3.390521e-02,  1.853680e-01],
 [-2.725545e-02, -1.383708e-02, -1.439521e-02,  6.030429e-02,  3.945500e-02],
 [ 1.224936e-05, -1.220139e-04,  5.714007e-05,  6.184228e-06,  1.205101e-05],
 [-1.131079e-04, -4.974116e-05,  2.266803e-05, -2.982012e-05,  4.089760e-05],
 [-2.244112e-02, -2.061064e-02,  1.099463e-02,  1.702531e-02,  2.408963e-02]]
energy_short: [-0.139189, -0.353406, -0.367495,  0.133438,  0.33488 ,  0.255415,  0.131116,  0.121071,  0.159735, -0.01411 , -0.341995, -0.353521,  0.155728]
energy_long: [0.036659, 0.023844, 0.024857, 0.033891, 0.047792, 0.047052, 0.017861, 0.056262, 0.049568, 0.035346, 0.023982, 0.024301, 0.035679]