step=532665, graph_id=0, num_atoms=13
scalar_charges: [-0.889119,  3.290249,  3.283821, -0.877335, -0.901549, -0.918423, -0.859153, -0.896906, -0.872005, -0.882104,  3.300097,  3.274075, -0.850751]
spherical_charges_l0: [[-3.947902e-03],
 [-2.640919e-04],
 [-5.989123e-05],
 [-5.303436e-02],
 [-1.553110e-01],
 [-1.652719e+00],
 [-2.159392e-02],
 [-1.396928e+00],
 [-4.187394e-02],
 [-5.890375e-03],
 [-4.054539e-06],
 [-5.668325e-06],
 [ 3.755419e-03]]
spherical_charges_l1: [[-1.975408e-02,  4.275100e-02, -7.797321e-03],
 [-1.067624e-04,  1.432825e-04,  1.225081e-04],
 [-1.441516e-04,  1.175883e-04,  6.640820e-05],
 [-4.623272e-02,  2.346287e-01,  5.451380e-02],
 [ 1.535095e-02,  4.963770e-01,  1.798416e-01],
 [-2.806338e-01,  1.467995e+00,  2.999095e-01],
 [ 7.479869e-03,  3.040899e-03,  8.893527e-03],
 [ 4.896937e-01, -9.523729e-01,  3.450440e-01],
 [ 1.612346e-01, -2.061697e-01,  5.002518e-02],
 [ 9.291076e-02, -1.540285e-01,  4.157722e-02],
 [ 1.406683e-04, -1.602995e-04,  8.912736e-05],
 [ 1.086177e-04, -1.889294e-04,  1.065890e-04],
 [ 2.831987e-02, -4.489630e-02,  5.278066e-03]]
spherical_charges_l2: [[-3.174112e-02,  5.933992e-02, -6.167311e-02, -2.157457e-02,  2.437667e-02],
 [ 9.230338e-04,  3.228390e-04,  4.163377e-04, -3.046039e-04,  8.542004e-05],
 [ 1.277554e-04, -3.268817e-04, -1.335872e-04, -2.816808e-04, -6.399242e-06],
 [ 9.197676e-02,  1.742752e-02,  6.631253e-02, -4.183846e-02, -1.035129e-02],
 [ 4.313434e-03, -1.798943e-01,  3.414023e-02, -1.175072e-01, -1.694591e-01],
 [ 4.949795e-01,  1.488687e+00,  3.968067e+00,  2.427596e+00, -1.176812e+00],
 [ 6.104696e-02, -9.234437e-02, -1.018479e-02,  2.823006e-03, -1.515628e-04],
 [ 1.494186e+00,  1.799402e+00, -1.709925e+00, -5.770559e-01, -2.565396e+00],
 [-2.629671e-02, -4.340697e-02,  3.398210e-02, -6.792122e-04, -1.518319e-02],
 [-3.330494e-02, -2.963711e-02, -1.109131e-02,  9.383821e-02,  7.113077e-02],
 [ 2.054264e-04,  7.621462e-05, -5.046392e-05,  7.227198e-05, -8.391814e-05],
 [-9.115790e-05,  1.642305e-04, -9.355628e-05, -6.990210e-06,  1.211682e-05],
 [-5.239717e-02, -6.461258e-02,  3.041955e-02,  4.577243e-02,  4.342928e-02]]
energy_short: [-0.185504, -0.205958, -0.228214,  0.163783,  0.16909 ,  0.148376,  0.004194,  0.014021,  0.000896, -0.065984, -0.190595, -0.210223,  0.165563]
energy_long: [ 0.022501,  0.128544,  0.128485,  0.009967,  0.04105 ,  0.003428, -0.004307,  0.003911,  0.029778,  0.012648,  0.128359,  0.128334,  0.029175]