step=2819520, graph_id=0, num_atoms=13
scalar_charges: [0.629782, 1.095398, 1.084769, 0.603778, 0.629716, 0.549524, 0.730627, 0.630615, 0.730143, 0.683973, 1.10122 , 1.091572, 0.656644]
spherical_charges_l0: [[-2.142783e-03],
 [-2.286826e-05],
 [-2.090743e-05],
 [-3.319246e-02],
 [-1.504365e-01],
 [-1.643574e+00],
 [-2.986648e-02],
 [-1.504883e+00],
 [-1.182826e-01],
 [-4.739503e-03],
 [-2.495592e-05],
 [-2.403300e-05],
 [-3.186762e-04]]
spherical_charges_l1: [[-1.607820e-02,  3.899592e-03, -2.783726e-03],
 [-2.733244e-05, -5.420586e-06, -1.288672e-05],
 [ 2.496759e-06, -8.921785e-06, -9.793046e-07],
 [-9.918401e-03,  5.264116e-02,  1.260504e-02],
 [ 5.675787e-03,  1.089281e-01,  4.456295e-02],
 [-1.256054e-01,  5.512870e-01,  9.633155e-02],
 [ 6.947885e-04,  4.990274e-03,  1.414053e-02],
 [ 2.136498e-01, -3.683630e-01,  4.850404e-02],
 [ 5.607392e-02, -7.936852e-02,  3.318375e-02],
 [ 1.154011e-02, -2.327272e-02, -3.462501e-03],
 [-9.168870e-06, -1.983053e-06, -8.584209e-09],
 [ 5.658897e-06,  1.500419e-05, -6.384923e-06],
 [ 2.101906e-03, -8.169986e-03,  4.623522e-03]]
spherical_charges_l2: [[-1.071789e-02,  2.643313e-02, -1.883875e-02, -1.566783e-02,  8.526278e-03],
 [-1.495009e-05, -6.933766e-06,  2.174126e-06,  1.250068e-05, -1.289675e-05],
 [-5.080229e-06,  1.537764e-05, -1.619966e-06,  8.275649e-06, -8.376161e-07],
 [ 3.336845e-02,  1.341336e-02, -5.932765e-02, -3.097512e-02,  2.177278e-02],
 [-1.939879e-02, -1.035755e-01, -1.630103e-01, -8.330791e-02,  9.244864e-03],
 [ 1.756562e-01,  7.340240e-01,  1.931946e+00,  1.240990e+00, -6.095639e-01],
 [ 1.661517e-02, -6.128167e-02, -1.002508e-02, -3.256922e-03, -1.805370e-02],
 [ 7.246468e-01,  9.857882e-01, -8.518360e-01, -4.820311e-01, -1.457960e+00],
 [-4.905121e-02, -6.568317e-02,  7.701910e-02,  4.094923e-02,  1.619205e-01],
 [-2.262326e-02, -1.030671e-02, -1.307468e-02,  5.050519e-02,  3.507070e-02],
 [-8.595410e-06, -2.317669e-05,  9.234660e-06,  2.130334e-07,  6.566573e-06],
 [-5.912008e-06, -2.548276e-05,  1.279584e-05, -2.223533e-06,  1.680439e-06],
 [-2.259054e-02, -1.999669e-02,  8.890677e-03,  2.174530e-02,  2.530246e-02]]
energy_short: [-0.182539, -0.38557 , -0.397686,  0.138925,  0.330291,  0.26844 ,  0.134299,  0.12796 ,  0.155623, -0.015069, -0.373182, -0.38368 ,  0.117694]
energy_long: [0.054099, 0.042454, 0.042846, 0.048547, 0.063226, 0.054929, 0.030572, 0.062968, 0.06519 , 0.05074 , 0.042629, 0.042702, 0.053948]