step=3248055, graph_id=0, num_atoms=13
scalar_charges: [0.455912, 0.988058, 0.971355, 0.436138, 0.475967, 0.364892, 0.577088, 0.476274, 0.585905, 0.521371, 0.988229, 0.979817, 0.47861 ]
spherical_charges_l0: [[-3.231654e-03],
 [-2.011131e-06],
 [ 3.555148e-06],
 [-3.520449e-02],
 [-1.514292e-01],
 [-1.705525e+00],
 [-3.081312e-02],
 [-1.583485e+00],
 [-1.315095e-01],
 [-6.423104e-03],
 [ 1.227158e-05],
 [ 1.045063e-05],
 [-8.632052e-04]]
spherical_charges_l1: [[-1.764224e-02,  6.856625e-03, -1.935571e-03],
 [-1.962323e-05, -9.663310e-06, -8.635724e-06],
 [ 1.350111e-06, -1.530136e-05, -4.430906e-06],
 [-8.923705e-03,  4.687721e-02,  1.239271e-02],
 [ 4.087740e-03,  1.043571e-01,  4.639727e-02],
 [-1.368185e-01,  5.328541e-01,  8.496422e-02],
 [ 8.714839e-04,  5.574646e-03,  1.440273e-02],
 [ 2.218827e-01, -3.854383e-01,  2.294132e-02],
 [ 5.047269e-02, -7.809622e-02,  3.421879e-02],
 [ 1.231342e-02, -2.128224e-02, -4.417828e-03],
 [ 1.450749e-05,  5.879937e-06, -3.609360e-06],
 [-1.018734e-05,  1.014897e-05, -3.748433e-06],
 [ 1.495642e-03, -8.783448e-03,  4.169967e-03]]
spherical_charges_l2: [[-1.795635e-02,  2.333887e-02, -1.471113e-02, -7.867345e-03,  2.965063e-03],
 [-3.013295e-05,  1.369783e-05, -9.259959e-06,  3.957987e-05,  2.538352e-07],
 [-5.905636e-05, -5.317655e-06, -5.067278e-05,  1.662731e-05,  2.728350e-06],
 [ 3.509887e-02,  1.254151e-02, -6.570055e-02, -4.087779e-02,  2.993262e-02],
 [-2.553117e-02, -8.724416e-02, -1.823743e-01, -8.427973e-02,  1.796208e-02],
 [ 1.671165e-01,  6.883649e-01,  1.861096e+00,  1.215442e+00, -5.942144e-01],
 [ 1.353969e-02, -6.146215e-02, -6.638261e-03, -2.827647e-03, -2.062525e-02],
 [ 7.171155e-01,  9.899176e-01, -8.138984e-01, -5.013031e-01, -1.430936e+00],
 [-4.719950e-02, -5.866994e-02,  8.247641e-02,  3.580883e-02,  1.698931e-01],
 [-2.696317e-02, -1.395269e-02, -1.352246e-02,  5.736846e-02,  3.988806e-02],
 [-2.868485e-07, -7.885075e-05,  3.938380e-05,  6.417040e-06,  1.572076e-05],
 [-6.512851e-05, -3.880601e-05,  1.754352e-05, -2.485162e-05,  2.167019e-05],
 [-2.247345e-02, -2.090381e-02,  1.140529e-02,  1.396979e-02,  2.047919e-02]]
energy_short: [-0.173565, -0.359112, -0.371952,  0.135199,  0.33412 ,  0.26117 ,  0.133876,  0.125358,  0.159062, -0.012782, -0.348383, -0.358367,  0.121964]
energy_long: [0.038168, 0.026389, 0.027088, 0.034644, 0.04862 , 0.049051, 0.018028, 0.058653, 0.0502  , 0.037008, 0.026402, 0.026665, 0.03753 ]