step=2679345, graph_id=0, num_atoms=13
scalar_charges: [1.134497, 1.462864, 1.473299, 1.051403, 1.194911, 0.919783, 1.388639, 1.240368, 1.417694, 1.25315 , 1.470283, 1.472276, 1.19489 ]
spherical_charges_l0: [[-1.626355e-03],
 [ 2.736176e-07],
 [-1.075956e-05],
 [-3.232177e-02],
 [-1.430852e-01],
 [-1.629583e+00],
 [-3.485845e-02],
 [-1.538174e+00],
 [-1.324179e-01],
 [-5.013277e-03],
 [-1.057384e-05],
 [-1.884700e-05],
 [ 2.518207e-03]]
spherical_charges_l1: [[-1.690963e-02,  3.564512e-03, -2.443053e-03],
 [-2.650520e-05, -4.172282e-06, -1.364679e-05],
 [ 1.232707e-05,  5.317494e-08,  4.672370e-06],
 [-6.602159e-03,  5.922358e-02,  1.362596e-02],
 [ 5.982158e-03,  1.046840e-01,  4.588596e-02],
 [-1.338149e-01,  5.927361e-01,  1.104084e-01],
 [ 1.411621e-03,  6.735404e-03,  1.749805e-02],
 [ 2.365226e-01, -3.964818e-01,  6.731968e-02],
 [ 5.324405e-02, -7.894257e-02,  2.937623e-02],
 [ 1.459682e-02, -2.557518e-02, -3.259193e-03],
 [ 1.183388e-05, -2.043744e-05,  1.143327e-05],
 [ 1.863921e-05, -4.641214e-06,  3.290963e-06],
 [ 1.611270e-04, -6.288785e-03,  4.253011e-03]]
spherical_charges_l2: [[-9.303403e-03,  2.491826e-02, -2.122844e-02, -2.011543e-02,  9.672222e-03],
 [ 3.138351e-06,  7.932563e-06, -1.306395e-05, -1.129363e-05,  2.137671e-05],
 [-2.340976e-05,  4.639222e-06, -4.275088e-05,  4.740902e-06,  1.353415e-05],
 [ 3.418338e-02,  2.803903e-02, -6.945340e-02, -4.407435e-02,  2.537762e-02],
 [-2.578239e-02, -8.230575e-02, -1.971725e-01, -8.406628e-02,  2.388823e-02],
 [ 2.178583e-01,  7.632585e-01,  2.029740e+00,  1.307753e+00, -6.324449e-01],
 [ 1.513176e-02, -6.113941e-02, -7.054430e-03, -3.693114e-03, -1.774848e-02],
 [ 8.139141e-01,  1.091893e+00, -8.950520e-01, -5.202757e-01, -1.577306e+00],
 [-4.753494e-02, -5.374273e-02,  7.857016e-02,  4.543440e-02,  1.660958e-01],
 [-2.908645e-02, -1.497602e-02, -1.318143e-02,  5.730359e-02,  4.244243e-02],
 [-1.951335e-05, -3.419372e-05,  1.187289e-05,  1.889936e-05,  2.449356e-05],
 [-2.504353e-05, -3.113127e-05,  1.035785e-05,  1.355522e-05,  2.404287e-05],
 [-2.132365e-02, -1.642784e-02,  7.689067e-03,  2.531566e-02,  2.792928e-02]]
energy_short: [-0.103038, -0.44107 , -0.452046,  0.215967,  0.382376,  0.312964,  0.170258,  0.177446,  0.205051,  0.074386, -0.42323 , -0.435793,  0.176939]
energy_long: [0.031029, 0.012803, 0.012906, 0.027159, 0.038527, 0.032877, 0.01215 , 0.04781 , 0.041025, 0.032447, 0.013126, 0.013088, 0.031561]