step=3220020, graph_id=0, num_atoms=13
scalar_charges: [0.611203, 0.965182, 0.944779, 0.467276, 0.494908, 0.354379, 0.609791, 0.488623, 0.612547, 0.539963, 0.975812, 0.960449, 0.492891]
spherical_charges_l0: [[-8.292590e-03],
 [-2.209564e-05],
 [-1.591818e-05],
 [-4.014574e-02],
 [-1.390207e-01],
 [-1.709527e+00],
 [-3.182330e-02],
 [-1.571502e+00],
 [-1.226177e-01],
 [-9.851772e-03],
 [-2.058388e-06],
 [-1.182977e-06],
 [-5.050438e-03]]
spherical_charges_l1: [[-1.559118e-02,  7.622182e-03, -2.084736e-03],
 [-2.366829e-05, -1.627974e-05, -1.060226e-05],
 [-1.075945e-05, -3.544319e-05, -1.287320e-05],
 [-8.375762e-03,  5.106683e-02,  1.540833e-02],
 [ 4.065735e-03,  9.803066e-02,  4.012672e-02],
 [-1.424263e-01,  5.351226e-01,  7.658988e-02],
 [ 8.551455e-04,  6.324417e-03,  1.628363e-02],
 [ 2.225877e-01, -3.808790e-01,  2.989192e-02],
 [ 4.977320e-02, -7.368755e-02,  3.103209e-02],
 [ 1.533108e-02, -2.507140e-02, -2.867367e-03],
 [-8.307546e-06,  1.038939e-05, -5.493667e-06],
 [-1.605879e-05,  3.340555e-05, -1.382446e-05],
 [ 1.979524e-03, -1.018545e-02,  4.832653e-03]]
spherical_charges_l2: [[-1.571616e-02,  2.329845e-02, -1.684958e-02, -1.203680e-02,  4.468159e-03],
 [-5.624718e-05,  2.295608e-05, -1.122183e-05,  5.645462e-05,  5.893345e-06],
 [-7.850728e-05,  4.133325e-06, -4.482883e-05,  4.929326e-05, -4.439230e-06],
 [ 3.680938e-02,  1.353704e-02, -5.450461e-02, -3.934811e-02,  2.798895e-02],
 [-2.779609e-02, -8.205749e-02, -1.723738e-01, -8.432855e-02,  1.722580e-02],
 [ 1.650459e-01,  6.968122e-01,  1.870520e+00,  1.213484e+00, -5.900655e-01],
 [ 1.412217e-02, -5.906219e-02, -8.770378e-03, -3.166586e-03, -2.171529e-02],
 [ 7.053139e-01,  9.644699e-01, -8.063429e-01, -4.834120e-01, -1.416210e+00],
 [-4.427507e-02, -5.191721e-02,  7.963546e-02,  3.184405e-02,  1.592046e-01],
 [-2.546177e-02, -1.391336e-02, -1.445667e-02,  5.533587e-02,  3.635397e-02],
 [-1.093657e-05, -9.441759e-05,  4.841529e-05, -7.718409e-06,  1.192473e-05],
 [-6.121787e-05, -5.538117e-05,  2.668134e-05, -2.772369e-05,  1.994293e-05],
 [-2.342670e-02, -2.209181e-02,  1.213703e-02,  1.886554e-02,  2.618761e-02]]
energy_short: [-0.148116, -0.346247, -0.35877 ,  0.113576,  0.3091  ,  0.230158,  0.106435,  0.095972,  0.131913, -0.033068, -0.334875, -0.345003,  0.1443  ]
energy_long: [0.044652, 0.03434 , 0.035146, 0.042126, 0.054498, 0.059249, 0.024644, 0.067904, 0.056919, 0.043554, 0.034726, 0.035014, 0.044127]