step=1870335, graph_id=0, num_atoms=13
scalar_charges: [-0.998155,  3.593445,  3.59355 , -0.991816, -0.987761, -1.047392, -0.888767, -0.96929 , -0.906603, -0.946079,  3.593699,  3.593906, -0.970692]
spherical_charges_l0: [[-5.148595e-03],
 [-1.483806e-04],
 [ 1.305186e-04],
 [-3.911873e-02],
 [-1.156783e-01],
 [-1.318814e+00],
 [-2.773022e-02],
 [-1.216413e+00],
 [-9.231503e-02],
 [-1.017597e-03],
 [-1.879714e-05],
 [ 7.053070e-05],
 [-5.315921e-04]]
spherical_charges_l1: [[-1.265795e-02,  1.841448e-02,  7.759532e-04],
 [ 8.815178e-04, -3.688291e-04,  3.405937e-04],
 [-2.564718e-05,  5.845767e-04,  1.256001e-04],
 [-5.692063e-03,  7.365182e-02,  1.313151e-02],
 [ 7.002788e-03,  1.169161e-01,  4.776441e-02],
 [-8.583888e-02,  5.654494e-01,  9.608550e-02],
 [ 1.343275e-03,  3.647932e-03,  1.396981e-02],
 [ 2.076877e-01, -3.712541e-01,  9.371369e-02],
 [ 5.511157e-02, -7.893211e-02,  2.539242e-02],
 [ 1.975154e-02, -3.450101e-02, -5.707795e-03],
 [ 6.159928e-04, -3.878812e-04,  2.076012e-04],
 [-3.360989e-04, -6.016823e-04,  2.813082e-04],
 [ 1.318134e-02, -2.049279e-02,  9.387833e-03]]
spherical_charges_l2: [[-1.461926e-02,  2.689989e-02, -1.276886e-02, -1.619150e-02, -2.863964e-04],
 [ 5.351101e-04, -3.719938e-04, -4.232877e-04, -7.969299e-04,  1.976862e-04],
 [ 6.474916e-04,  4.632893e-04, -4.509708e-04, -8.926687e-04,  8.164321e-04],
 [ 3.470871e-02,  3.996909e-02, -6.236134e-02, -4.227802e-02,  1.991620e-02],
 [-1.066011e-02, -1.041459e-01, -1.459600e-01, -8.510631e-02,  1.193716e-02],
 [ 1.786848e-01,  7.666317e-01,  1.973626e+00,  1.295665e+00, -6.140484e-01],
 [ 2.088122e-02, -6.267145e-02, -7.125034e-03, -3.104951e-03, -1.250187e-02],
 [ 7.862524e-01,  1.024094e+00, -8.806977e-01, -5.434284e-01, -1.517970e+00],
 [-3.505839e-02, -5.374982e-02,  7.338666e-02,  5.037072e-02,  1.522742e-01],
 [-2.782323e-02, -1.127903e-02, -1.698019e-02,  7.064309e-02,  4.805615e-02],
 [-5.662612e-04,  2.128201e-04, -3.031098e-04,  1.055726e-03,  1.265553e-03],
 [ 2.554208e-04,  2.630769e-04, -1.541798e-04,  1.108956e-03,  7.856213e-04],
 [-1.978285e-02, -2.079294e-02,  8.368994e-03,  1.686442e-02,  1.671926e-02]]
energy_short: [-0.216827, -0.308357, -0.318715,  0.063138,  0.231861,  0.174498,  0.053591,  0.039267,  0.064658, -0.106683, -0.297734, -0.304269,  0.095271]
energy_long: [0.052329, 0.13399 , 0.133983, 0.045511, 0.057272, 0.046257, 0.02562 , 0.053366, 0.056445, 0.046036, 0.133987, 0.133992, 0.055431]