step=2158695, graph_id=0, num_atoms=13
scalar_charges: [-0.91445 ,  3.202443,  3.18466 , -0.910884, -0.964101, -1.071671, -0.759881, -0.909862, -0.789658, -0.846242,  3.223783,  3.188942, -0.852765]
spherical_charges_l0: [[-5.509831e-03],
 [-5.074838e-04],
 [-3.958393e-04],
 [-3.563120e-02],
 [-1.233056e-01],
 [-1.490018e+00],
 [-2.449965e-02],
 [-1.375231e+00],
 [-1.045961e-01],
 [-4.671164e-03],
 [-8.875942e-04],
 [-5.874709e-04],
 [-9.625849e-04]]
spherical_charges_l1: [[-2.186389e-02,  8.040182e-03, -1.753214e-03],
 [ 6.429293e-04, -6.170798e-04, -6.363123e-05],
 [ 1.107916e-04,  3.272992e-05, -1.216288e-04],
 [-8.485724e-03,  5.548087e-02,  1.434872e-02],
 [ 6.563066e-03,  9.851514e-02,  4.520380e-02],
 [-1.231234e-01,  5.835594e-01,  8.743782e-02],
 [ 3.203992e-05,  4.808147e-03,  1.204963e-02],
 [ 2.151836e-01, -3.807054e-01,  6.320456e-02],
 [ 4.423587e-02, -6.332227e-02,  2.133790e-02],
 [ 1.465649e-02, -2.704250e-02, -5.835991e-03],
 [ 2.864536e-04,  2.415550e-04, -1.030795e-04],
 [-5.502451e-04, -2.098445e-04,  7.642497e-05],
 [ 3.911018e-03, -1.105935e-02,  7.091451e-03]]
spherical_charges_l2: [[-1.542658e-02,  3.483047e-02, -2.456962e-02, -2.011403e-02,  1.447447e-02],
 [ 1.765564e-04, -4.225684e-04, -9.709375e-04, -9.966349e-04,  4.088386e-04],
 [ 2.276585e-04,  6.927056e-04, -6.309538e-04, -5.830247e-04,  7.622731e-04],
 [ 3.779619e-02,  3.252528e-02, -5.524805e-02, -3.297321e-02,  2.257392e-02],
 [-2.328630e-02, -1.017082e-01, -1.836095e-01, -8.333936e-02,  1.025878e-02],
 [ 1.724287e-01,  7.740276e-01,  2.017409e+00,  1.361944e+00, -6.136622e-01],
 [ 1.604373e-02, -6.202918e-02, -7.394169e-03, -3.544606e-03, -1.530817e-02],
 [ 7.919114e-01,  1.058855e+00, -8.791822e-01, -5.536535e-01, -1.542470e+00],
 [-3.387247e-02, -4.701801e-02,  8.173724e-02,  3.371099e-02,  1.519419e-01],
 [-2.270534e-02, -1.000896e-02, -1.616587e-02,  6.354763e-02,  4.329976e-02],
 [-5.022045e-04, -3.503714e-04, -2.697057e-05,  1.018852e-03,  1.220639e-03],
 [-1.141482e-04, -1.909688e-04,  3.188217e-05,  1.047201e-03,  9.336786e-04],
 [-2.213483e-02, -2.312676e-02,  1.086339e-02,  2.485375e-02,  2.895909e-02]]
energy_short: [-0.234774, -0.339975, -0.350799,  0.094826,  0.232253,  0.172171,  0.054472,  0.038273,  0.064702, -0.08339 , -0.328502, -0.337073,  0.08594 ]
energy_long: [0.0522  , 0.150382, 0.150311, 0.042321, 0.059479, 0.047081, 0.029489, 0.058466, 0.0569  , 0.043376, 0.150339, 0.150354, 0.053268]