step=2651310, graph_id=0, num_atoms=13
scalar_charges: [0.652154, 1.992724, 2.003885, 0.552898, 0.703384, 0.761736, 0.603913, 0.607729, 0.58164 , 0.555061, 1.97069 , 1.992266, 0.593203]
spherical_charges_l0: [[-3.510127e-03],
 [-9.870413e-06],
 [-6.522875e-06],
 [-3.021055e-02],
 [-1.272393e-01],
 [-1.544669e+00],
 [-2.749662e-02],
 [-1.462605e+00],
 [-1.148619e-01],
 [-5.968874e-03],
 [-6.544549e-06],
 [-1.108897e-05],
 [ 1.637078e-03]]
spherical_charges_l1: [[-1.476002e-02,  3.086042e-04, -3.863707e-03],
 [-6.506662e-06, -6.369847e-06, -4.091036e-06],
 [ 1.529816e-06, -1.197903e-05, -7.682932e-07],
 [-6.207882e-03,  3.955756e-02,  1.367995e-02],
 [ 4.069273e-03,  9.131341e-02,  3.577951e-02],
 [-1.342799e-01,  5.630732e-01,  7.769611e-02],
 [ 7.839734e-04,  5.830377e-03,  1.496889e-02],
 [ 2.243569e-01, -3.936269e-01,  4.605953e-02],
 [ 4.214729e-02, -6.298693e-02,  2.242750e-02],
 [ 1.135098e-02, -1.844221e-02, -4.336031e-03],
 [ 3.105692e-06,  2.028507e-06, -5.881707e-07],
 [-4.089177e-06,  8.996766e-06, -4.279969e-06],
 [ 4.913621e-04, -4.906660e-03,  2.757591e-03]]
spherical_charges_l2: [[-1.233123e-02,  2.368274e-02, -2.052757e-02, -1.431906e-02,  8.023083e-03],
 [-1.179090e-05,  1.553688e-05,  1.138217e-06,  1.239588e-05,  5.916964e-06],
 [-3.091992e-05, -6.460691e-06, -2.194893e-05,  1.671500e-05, -3.445911e-06],
 [ 3.035640e-02,  2.217942e-02, -5.394943e-02, -3.369099e-02,  2.290033e-02],
 [-2.635045e-02, -8.709791e-02, -1.812657e-01, -7.153168e-02,  2.002534e-02],
 [ 1.813410e-01,  7.107622e-01,  1.906022e+00,  1.273343e+00, -6.573825e-01],
 [ 1.366937e-02, -6.120853e-02, -7.010737e-03, -1.847245e-03, -1.671565e-02],
 [ 7.562615e-01,  1.035689e+00, -8.359016e-01, -5.633993e-01, -1.549518e+00],
 [-4.319073e-02, -5.083731e-02,  8.038437e-02,  3.181260e-02,  1.579785e-01],
 [-2.431548e-02, -1.398743e-02, -1.271666e-02,  5.382827e-02,  3.871359e-02],
 [-1.754843e-07, -4.528922e-05,  2.096763e-05,  6.766745e-06,  8.237553e-06],
 [-2.870027e-05, -2.635271e-05,  1.182505e-05, -1.491184e-05,  4.942830e-06],
 [-1.969648e-02, -1.708097e-02,  9.639128e-03,  1.457808e-02,  2.116092e-02]]
energy_short: [-0.145106, -0.424457, -0.435396,  0.158112,  0.349883,  0.287171,  0.157317,  0.146891,  0.175698,  0.006613, -0.408704, -0.420045,  0.148421]
energy_long: [0.043125, 0.033357, 0.034164, 0.039404, 0.053009, 0.043613, 0.024163, 0.054686, 0.055102, 0.041938, 0.034237, 0.034332, 0.043647]