step=588735, graph_id=0, num_atoms=13
scalar_charges: [-0.968308,  3.37251 ,  3.370036, -0.944859, -0.948059, -0.978572, -0.90393 , -0.948277, -0.915764, -0.954883,  3.378386,  3.360387, -0.9481  ]
spherical_charges_l0: [[-1.954840e-02],
 [-3.376542e-05],
 [ 5.357908e-05],
 [-3.830935e-02],
 [-6.676223e-02],
 [-1.844234e+00],
 [-2.044103e-02],
 [-1.518264e+00],
 [-1.593195e-02],
 [-1.518686e-02],
 [ 2.034222e-05],
 [ 2.570740e-05],
 [-8.884066e-03]]
spherical_charges_l1: [[-2.204787e-02,  3.915730e-02,  1.659606e-02],
 [ 4.504224e-06,  1.702346e-04, -1.535874e-05],
 [ 1.246744e-05, -9.369372e-06,  4.229320e-05],
 [-4.744282e-02,  2.125677e-01,  7.669714e-02],
 [ 7.628773e-02,  2.676708e-01,  1.037015e-01],
 [-2.063017e-01,  1.528269e+00,  3.339000e-01],
 [ 9.743239e-03,  1.975377e-02,  2.548025e-02],
 [ 5.847596e-01, -9.946178e-01,  3.060764e-01],
 [ 7.691427e-02, -7.959594e-02, -2.394908e-02],
 [ 8.672584e-02, -1.578843e-01,  6.374036e-02],
 [ 2.899707e-05, -1.963881e-04,  1.234844e-04],
 [ 1.570782e-04, -8.977748e-05,  6.944007e-05],
 [ 5.343425e-02, -5.814253e-02,  3.799055e-02]]
spherical_charges_l2: [[-2.298412e-02,  6.600595e-02, -1.086159e-01, -8.539864e-02,  4.550957e-02],
 [ 3.993396e-04, -5.027453e-05,  2.701531e-05,  1.647568e-04, -6.275362e-05],
 [ 1.577833e-04, -4.515677e-05, -1.024008e-05, -1.283152e-04,  2.588821e-04],
 [ 1.141707e-01,  4.095384e-02,  7.233447e-02, -3.373690e-02, -1.151228e-02],
 [-3.770987e-02, -1.248407e-01, -1.731213e-01, -9.451889e-02, -8.121420e-02],
 [ 6.464630e-01,  1.855235e+00,  4.549980e+00,  2.858642e+00, -1.241182e+00],
 [ 2.749995e-02, -9.235804e-02, -6.526022e-03, -1.930537e-04, -1.724228e-04],
 [ 1.616633e+00,  2.276429e+00, -1.705273e+00, -7.597262e-01, -2.751524e+00],
 [-5.981511e-03,  1.025337e-02,  6.974855e-02, -4.754805e-02,  3.420950e-02],
 [-1.218907e-02, -1.111281e-02, -2.258834e-02,  6.357442e-02,  4.673015e-02],
 [-1.023899e-04,  2.912138e-04, -1.580820e-04,  9.594949e-05,  1.139489e-04],
 [ 1.845797e-04,  7.993445e-05, -6.342297e-05,  1.237314e-04, -7.518684e-07],
 [-5.337173e-02, -5.248718e-02,  2.368071e-02,  8.618283e-02,  8.241787e-02]]
energy_short: [-0.15989 , -0.171824, -0.191448,  0.092907,  0.14204 ,  0.110034, -0.019334, -0.015655, -0.021497, -0.134137, -0.159756, -0.176323,  0.201504]
energy_long: [0.027655, 0.123731, 0.123615, 0.020241, 0.047432, 0.005845, 0.008384, 0.009072, 0.035678, 0.020693, 0.123625, 0.123558, 0.036266]