step=945180, graph_id=0, num_atoms=13
scalar_charges: [-1.246748,  4.226367,  4.222266, -1.247503, -1.238542, -1.287212, -1.209837, -1.26546 , -1.214535, -1.229061,  4.228825,  4.22144 , -1.239568]
spherical_charges_l0: [[-2.687565e-02],
 [-4.177053e-04],
 [ 1.471074e-04],
 [-2.670977e-02],
 [-1.257650e-01],
 [-1.683923e+00],
 [-2.291236e-02],
 [-1.444230e+00],
 [-7.466248e-02],
 [ 4.782117e-03],
 [ 3.820309e-04],
 [ 2.231598e-04],
 [-1.967720e-02]]
spherical_charges_l1: [[-1.055517e-02,  7.900467e-03,  2.672948e-03],
 [ 1.894255e-04,  2.344895e-05,  7.947560e-05],
 [ 7.658451e-04,  9.471168e-04,  9.755509e-04],
 [-2.905391e-02,  1.325641e-01,  5.742631e-02],
 [ 4.243692e-02,  2.232242e-01,  6.981787e-02],
 [-1.092517e-01,  9.725165e-01,  2.253051e-01],
 [ 4.169472e-03,  3.853806e-03,  1.560285e-02],
 [ 3.789063e-01, -6.722422e-01,  1.746270e-01],
 [ 8.694188e-02, -1.080735e-01, -1.011926e-04],
 [ 4.388241e-02, -7.794293e-02,  2.150180e-02],
 [-2.351123e-04, -8.337167e-04,  4.124958e-04],
 [ 1.036408e-03, -2.439850e-04,  1.567473e-04],
 [ 9.541487e-03, -1.406768e-02,  1.404670e-02]]
spherical_charges_l2: [[-6.519872e-03,  4.764618e-02, -4.759308e-02, -4.962302e-02,  2.338778e-02],
 [ 7.046525e-05,  1.287598e-03, -2.741584e-04,  6.443370e-07,  6.960119e-04],
 [-9.967355e-04, -1.003075e-03, -9.704425e-04, -1.817754e-04, -3.491588e-04],
 [ 1.246889e-02,  3.444513e-02, -6.619969e-02, -7.762543e-03, -1.510502e-02],
 [-2.592592e-02, -1.054248e-01, -1.691403e-01, -8.995932e-02,  1.887505e-03],
 [ 3.851312e-01,  1.254097e+00,  3.350708e+00,  2.101093e+00, -1.041336e+00],
 [ 1.421576e-02, -7.675622e-02, -3.726978e-03, -9.679496e-03,  3.772183e-03],
 [ 1.224106e+00,  1.744739e+00, -1.450161e+00, -7.404572e-01, -2.460577e+00],
 [-5.368653e-02, -7.707727e-02,  7.212791e-02,  7.933738e-02,  1.517005e-01],
 [-5.607258e-02, -3.594927e-02, -4.117800e-03,  1.106387e-01,  1.055560e-01],
 [ 6.879849e-04, -3.758558e-04,  2.360436e-04, -5.354232e-04, -8.588275e-04],
 [-4.608757e-04, -1.959729e-04,  7.312314e-05, -7.299170e-04, -4.015675e-04],
 [-3.073644e-02, -3.524292e-02,  1.055248e-02,  5.207908e-02,  4.534676e-02]]
energy_short: [-0.145246, -0.281799, -0.304787,  0.075604,  0.145088,  0.108167, -0.02688 , -0.031162, -0.022163, -0.132397, -0.272051, -0.288905,  0.200898]
energy_long: [0.07535 , 0.117526, 0.117535, 0.066059, 0.088078, 0.046598, 0.04538 , 0.052396, 0.083088, 0.069224, 0.117573, 0.117551, 0.079919]