step=48060, graph_id=0, num_atoms=13
scalar_charges: [ 0.163247, -0.01247 , -0.000428,  0.16632 ,  0.12246 ,  0.130131,  0.011598,  0.076096,  0.124101,  0.111172, -0.048675, -0.005324,  0.165107]
spherical_charges_l0: [[-9.635298e-03],
 [-5.734631e-06],
 [-7.429048e-06],
 [-1.277092e-01],
 [-2.710499e-01],
 [-3.310821e-01],
 [ 2.336555e-03],
 [-3.304402e-01],
 [-3.010033e-01],
 [-9.658466e-02],
 [-2.335797e-07],
 [-4.355229e-06],
 [-1.402754e-03]]
spherical_charges_l1: [[-5.202637e-03, -1.235783e-02, -1.009021e-02],
 [ 2.269142e-05, -3.607647e-05, -3.148228e-06],
 [-3.718762e-05, -6.122428e-05, -3.881085e-05],
 [-6.338672e-04,  1.159800e-01,  4.426172e-02],
 [ 1.216690e-02,  1.498708e-01,  9.008095e-02],
 [-1.592784e-02,  1.529766e-01,  8.966970e-02],
 [ 2.107433e-03,  5.803811e-03,  1.633832e-02],
 [ 4.019187e-02, -6.435967e-02,  5.463810e-02],
 [ 9.698712e-02, -1.252476e-01,  6.380006e-02],
 [ 5.045909e-02, -7.826011e-02,  4.939209e-02],
 [-4.515378e-06,  2.496454e-05, -9.982974e-06],
 [-3.205460e-05,  1.115019e-05, -4.068265e-06],
 [-1.373409e-02,  1.968236e-02, -7.630340e-03]]
spherical_charges_l2: [[-8.009574e-03, -1.410830e-02,  1.670370e-02,  1.042339e-02, -1.975788e-02],
 [-5.277639e-05, -1.533378e-05, -4.035717e-05, -2.636500e-05,  9.457920e-06],
 [ 5.338020e-06, -6.910795e-05, -2.236888e-05, -1.464769e-05, -3.290804e-05],
 [ 1.623414e-01, -6.294710e-02,  2.439110e-01,  1.573760e-02, -6.317547e-02],
 [ 2.331990e-01,  1.267390e-01,  4.664232e-01,  1.205155e-01, -1.299023e-01],
 [-5.277319e-02,  4.029730e-01,  4.278859e-01,  3.742889e-01, -1.219014e-01],
 [-1.235586e-02, -4.526542e-03, -1.754635e-03, -5.540665e-03, -1.505915e-03],
 [ 1.830955e-01,  3.651226e-01, -2.892530e-01, -4.211145e-02, -3.959219e-01],
 [ 3.801970e-01,  3.193996e-01, -1.763556e-01, -1.058600e-01, -3.832702e-01],
 [ 1.203362e-01,  1.351239e-01, -5.719122e-02, -5.605955e-02, -1.165423e-01],
 [ 1.801835e-05,  4.291124e-06,  8.041210e-07,  1.667591e-05,  7.464826e-07],
 [-2.646199e-05,  2.198769e-05, -1.610205e-05, -5.400432e-06,  1.038158e-05],
 [-6.236514e-03, -2.453605e-03,  2.015278e-03, -2.195362e-02, -1.857049e-02]]
energy_short: [ 0.10291 , -0.516181, -0.530207,  0.322059,  0.204865,  0.196019,  0.065371,  0.074741,  0.022299,  0.039717, -0.47457 , -0.509287,  0.481889]
energy_long: [0.04016 , 0.080322, 0.080351, 0.044435, 0.060277, 0.051767, 0.036347, 0.05415 , 0.052659, 0.047   , 0.081281, 0.080281, 0.046876]