step=1962450, graph_id=0, num_atoms=13
scalar_charges: [-1.108052,  3.871306,  3.868667, -1.211364, -1.140463, -1.219491, -1.008084, -1.12683 , -1.041917, -1.150582,  3.874101,  3.869687, -1.081133]
spherical_charges_l0: [[-8.114249e-03],
 [-1.542174e-04],
 [-2.917514e-05],
 [-4.492390e-02],
 [-1.278068e-01],
 [-1.489976e+00],
 [-3.373539e-02],
 [-1.376147e+00],
 [-1.028044e-01],
 [-1.055597e-02],
 [-2.969945e-04],
 [-1.790346e-04],
 [-3.494127e-03]]
spherical_charges_l1: [[-1.347866e-02,  1.742266e-02,  2.830517e-03],
 [ 3.198192e-04, -8.060485e-05,  6.341561e-05],
 [ 2.216748e-04,  3.693694e-05, -6.417724e-05],
 [-9.349835e-03,  6.750347e-02,  9.587417e-03],
 [ 2.317881e-03,  1.058599e-01,  4.504765e-02],
 [-1.201494e-01,  6.588641e-01,  1.160931e-01],
 [ 3.118016e-04,  5.717767e-03,  1.256068e-02],
 [ 2.559256e-01, -4.277944e-01,  1.047402e-01],
 [ 5.555267e-02, -7.289613e-02,  2.587982e-02],
 [ 1.742829e-02, -3.040153e-02, -4.412559e-03],
 [ 1.564632e-04, -4.534537e-05,  1.185236e-05],
 [-1.630044e-04, -1.379144e-04,  3.940547e-05],
 [ 1.236728e-02, -1.649986e-02,  9.354226e-03]]
spherical_charges_l2: [[-1.566873e-02,  3.235729e-02, -2.442172e-02, -1.774137e-02,  7.543426e-03],
 [ 8.676948e-05, -7.564564e-05, -3.502521e-04, -3.153364e-04,  1.933989e-04],
 [ 3.222973e-05,  3.011527e-04, -2.822985e-04, -9.537044e-05,  3.528048e-04],
 [ 2.213495e-02,  2.934938e-02, -4.505232e-02, -2.861529e-02,  5.922929e-03],
 [-3.067293e-02, -1.066064e-01, -1.892705e-01, -8.024664e-02,  1.962253e-02],
 [ 1.822975e-01,  8.062612e-01,  2.132976e+00,  1.421893e+00, -7.238386e-01],
 [ 1.633538e-02, -6.890131e-02, -7.248013e-03, -3.467869e-03, -1.662471e-02],
 [ 8.643566e-01,  1.127573e+00, -9.363480e-01, -6.240382e-01, -1.731171e+00],
 [-4.446625e-02, -6.161243e-02,  8.637318e-02,  4.163548e-02,  1.716403e-01],
 [-2.246535e-02, -1.285670e-02, -1.380528e-02,  5.879353e-02,  4.043860e-02],
 [-1.491949e-04, -5.184877e-05, -9.451713e-05,  6.364107e-04,  6.694627e-04],
 [-7.219770e-05,  2.754065e-06, -1.084413e-05,  4.883488e-04,  4.465127e-04],
 [-2.519105e-02, -3.101821e-02,  1.366957e-02,  2.635239e-02,  3.145621e-02]]
energy_short: [-0.226682, -0.352253, -0.361425,  0.074473,  0.222193,  0.156161,  0.038737,  0.021502,  0.05453 , -0.095083, -0.337297, -0.345548,  0.082099]
energy_long: [0.080237, 0.151243, 0.151298, 0.069615, 0.082441, 0.069284, 0.050184, 0.076362, 0.082364, 0.07044 , 0.151288, 0.151325, 0.082892]