step=2795490, graph_id=0, num_atoms=13
scalar_charges: [0.605297, 1.084567, 1.078532, 0.608525, 0.644272, 0.532167, 0.755773, 0.650844, 0.770531, 0.692758, 1.088706, 1.082372, 0.632502]
spherical_charges_l0: [[-2.249021e-03],
 [ 5.861265e-07],
 [-1.529151e-05],
 [-3.406304e-02],
 [-1.239620e-01],
 [-1.485480e+00],
 [-2.528686e-02],
 [-1.411816e+00],
 [-1.208984e-01],
 [-6.669539e-03],
 [-1.297449e-05],
 [-1.417279e-05],
 [-9.950545e-06]]
spherical_charges_l1: [[-1.567630e-02,  6.072776e-03, -3.131364e-03],
 [-1.874849e-05,  8.827618e-07, -6.733545e-06],
 [ 1.087807e-05, -7.237133e-06,  1.482573e-06],
 [-1.014070e-02,  4.640147e-02,  1.163595e-02],
 [ 4.828192e-03,  9.010420e-02,  3.595043e-02],
 [-8.708122e-02,  4.959017e-01,  9.184462e-02],
 [ 5.267746e-04,  4.849875e-03,  1.165135e-02],
 [ 1.962282e-01, -3.553715e-01,  4.229309e-02],
 [ 4.423423e-02, -6.769157e-02,  2.416389e-02],
 [ 1.051836e-02, -1.939465e-02, -4.118482e-03],
 [-4.343099e-06, -6.807011e-06,  1.469220e-06],
 [ 7.806822e-06,  1.244582e-05, -5.780733e-06],
 [ 2.976631e-03, -8.830933e-03,  4.031797e-03]]
spherical_charges_l2: [[-1.562074e-02,  2.565974e-02, -2.085432e-02, -1.255318e-02,  9.491549e-03],
 [-2.661226e-06, -7.606332e-06, -2.032566e-05, -1.252764e-06, -7.556029e-06],
 [-1.494120e-05,  9.533466e-06,  2.766843e-06,  1.128596e-05,  2.833013e-06],
 [ 2.665037e-02,  1.527529e-02, -6.363755e-02, -3.491090e-02,  2.371033e-02],
 [-2.627581e-02, -7.263370e-02, -1.801535e-01, -6.631961e-02,  2.243446e-02],
 [ 1.434837e-01,  6.723914e-01,  1.724434e+00,  1.150149e+00, -5.651659e-01],
 [ 1.257745e-02, -5.233857e-02, -6.810723e-03, -2.096621e-03, -1.496158e-02],
 [ 6.957228e-01,  9.480551e-01, -7.797349e-01, -5.136156e-01, -1.389950e+00],
 [-4.373100e-02, -5.119297e-02,  7.839690e-02,  3.490316e-02,  1.547459e-01],
 [-2.531035e-02, -1.453899e-02, -1.110238e-02,  5.321901e-02,  3.946098e-02],
 [-5.895120e-06, -2.681797e-05,  9.697975e-06,  9.352793e-06,  1.463548e-05],
 [-1.365645e-05, -1.785599e-05,  9.225814e-06,  3.412065e-06,  1.038304e-05],
 [-2.244035e-02, -2.151704e-02,  1.092172e-02,  2.101003e-02,  2.750383e-02]]
energy_short: [-0.153686, -0.394879, -0.406493,  0.155397,  0.350806,  0.279955,  0.145975,  0.14174 ,  0.173677,  0.003159, -0.381842, -0.39218 ,  0.143561]
energy_long: [0.044987, 0.035764, 0.036411, 0.040637, 0.05307 , 0.052182, 0.024602, 0.064783, 0.055968, 0.043664, 0.036015, 0.036113, 0.045181]