step=1133415, graph_id=0, num_atoms=13
scalar_charges: [-1.111821,  3.815114,  3.808247, -1.153076, -1.11639 , -1.146553, -1.086405, -1.121988, -1.093049, -1.131261,  3.817658,  3.807724, -1.105907]
spherical_charges_l0: [[-9.258017e-03],
 [ 1.940853e-04],
 [ 2.776489e-04],
 [-4.142458e-02],
 [-1.201666e-01],
 [-1.690792e+00],
 [-2.821615e-02],
 [-1.510633e+00],
 [-6.999314e-02],
 [-8.486070e-03],
 [ 2.040770e-04],
 [ 2.055417e-04],
 [-7.654467e-03]]
spherical_charges_l1: [[-4.612329e-03,  2.419656e-02,  9.462013e-03],
 [ 4.011690e-04,  3.180595e-04,  4.492073e-04],
 [-1.881291e-05,  5.364312e-04,  2.830096e-04],
 [-1.977291e-02,  9.649330e-02,  3.927180e-02],
 [ 2.432594e-02,  1.582094e-01,  4.358811e-02],
 [-1.408721e-01,  9.001089e-01,  1.893125e-01],
 [ 3.980372e-03,  2.109515e-03,  1.443018e-02],
 [ 3.702559e-01, -5.943778e-01,  1.285360e-01],
 [ 6.124007e-02, -7.530271e-02,  7.648115e-03],
 [ 3.080886e-02, -5.541613e-02,  1.493121e-02],
 [ 1.311585e-04, -1.663698e-04,  1.134760e-04],
 [ 1.394772e-04, -1.659653e-04,  1.136862e-04],
 [ 1.793805e-02, -1.741394e-02,  1.113452e-02]]
spherical_charges_l2: [[-2.045853e-02,  3.733893e-02, -2.316940e-02, -1.691357e-02,  9.135241e-03],
 [-1.276217e-04, -6.938637e-04, -9.128565e-04, -7.267217e-04,  3.563400e-05],
 [ 2.550824e-04,  1.483843e-03, -4.947091e-05, -3.215865e-04,  9.438937e-04],
 [ 3.574057e-02,  3.438137e-02, -5.120181e-02, -1.920470e-02, -8.240059e-03],
 [-2.992200e-02, -1.020444e-01, -2.205309e-01, -9.035282e-02,  1.742520e-02],
 [ 3.345835e-01,  1.381076e+00,  3.494310e+00,  2.280168e+00, -1.080886e+00],
 [ 2.366924e-02, -7.836452e-02, -9.580456e-03, -1.066328e-02, -6.927978e-03],
 [ 1.361252e+00,  1.837282e+00, -1.512843e+00, -8.281839e-01, -2.575682e+00],
 [-4.260853e-02, -6.944276e-02,  8.961248e-02,  4.860581e-02,  1.699161e-01],
 [-3.221878e-02, -1.288752e-02, -1.449400e-02,  8.013715e-02,  6.075521e-02],
 [-6.063173e-04,  1.017921e-04, -1.029657e-04,  3.384304e-05,  4.053134e-04],
 [ 4.943025e-04, -1.970355e-04,  1.434754e-04,  4.634727e-04,  1.293584e-04],
 [-2.366713e-02, -3.751728e-02,  1.708883e-02,  3.057481e-02,  3.108651e-02]]
energy_short: [-0.166055, -0.29772 , -0.317982,  0.068923,  0.183908,  0.125092,  0.010391, -0.010271,  0.014267, -0.121837, -0.288605, -0.303484,  0.167898]
energy_long: [0.060844, 0.142544, 0.142699, 0.055333, 0.080289, 0.048511, 0.041271, 0.054033, 0.07539 , 0.058096, 0.142577, 0.142604, 0.066633]