step=164205, graph_id=0, num_atoms=13
scalar_charges: [-0.053074,  0.235503,  0.239282, -0.046412, -0.053805, -0.063161, -0.08305 , -0.088245, -0.070244, -0.036213,  0.229758,  0.237509, -0.077704]
spherical_charges_l0: [[-9.294873e-03],
 [-1.559084e-04],
 [-1.047554e-04],
 [-1.849703e-01],
 [-9.537248e-02],
 [-1.414295e+00],
 [-1.437147e-02],
 [-1.135329e+00],
 [-5.966021e-02],
 [-1.382505e-01],
 [-7.026728e-05],
 [-7.085616e-05],
 [-6.894310e-04]]
spherical_charges_l1: [[-1.325206e-02,  6.613469e-03,  2.519084e-03],
 [ 2.684008e-04,  2.373134e-04,  2.735191e-04],
 [-1.031794e-04,  9.327233e-05, -1.614081e-05],
 [-1.114720e-01,  4.025886e-01,  4.486105e-02],
 [ 2.203363e-02,  2.783409e-01,  5.873019e-02],
 [-1.862904e-01,  8.813051e-01,  1.714221e-01],
 [ 2.927582e-03,  8.832646e-03,  8.361439e-03],
 [ 2.128687e-01, -4.625239e-01,  1.195218e-01],
 [ 1.804936e-01, -2.432691e-01,  6.641673e-02],
 [ 1.186729e-01, -3.165570e-01,  1.119311e-01],
 [ 8.927756e-05, -8.162489e-05,  4.529539e-05],
 [ 5.203136e-05, -1.078498e-04,  5.765926e-05],
 [ 6.559571e-03, -6.069368e-03,  5.566739e-03]]
spherical_charges_l2: [[-1.354191e-02, -1.094642e-02,  4.792606e-03, -1.084443e-02, -1.500027e-02],
 [-2.358634e-04, -2.118868e-04,  2.575311e-06,  2.154102e-04, -1.980804e-04],
 [-1.238930e-04,  6.639026e-05,  6.653882e-05,  2.021832e-04, -1.959751e-05],
 [ 1.650951e-01, -1.122424e-01,  4.487309e-01,  4.013929e-02, -3.807795e-02],
 [ 7.225441e-02, -5.870846e-02,  1.636346e-01, -4.863340e-02, -1.413427e-01],
 [ 2.479395e-01,  1.419897e+00,  2.545807e+00,  1.756576e+00, -6.996895e-01],
 [ 2.092171e-02, -7.748661e-02, -7.870281e-03, -5.204621e-03, -2.439783e-02],
 [ 8.582775e-01,  1.322693e+00, -1.234120e+00, -2.196048e-01, -1.611403e+00],
 [ 1.102056e-01, -3.703257e-03, -5.859011e-02, -7.538464e-02, -1.663384e-01],
 [ 1.531617e-01,  2.148518e-01, -1.120749e-01, -7.385368e-02, -1.383318e-01],
 [-7.972855e-05, -9.644018e-05,  4.591497e-05, -1.013308e-04, -4.990335e-05],
 [-1.136524e-06, -1.944959e-04,  9.765702e-05, -7.201933e-05, -4.470740e-05],
 [-4.825967e-03,  8.916429e-03, -6.598580e-03, -1.031585e-02, -1.388233e-02]]
energy_short: [-0.073721, -0.293267, -0.306143,  0.253688,  0.199131,  0.17569 ,  0.047356,  0.056922,  0.022285,  0.006699, -0.275447, -0.292128,  0.296633]
energy_long: [ 0.010952,  0.099512,  0.099042, -0.000576,  0.019561, -0.028996, -0.020411, -0.024287,  0.017325,  0.010595,  0.098908,  0.098889,  0.012144]