step=2687355, graph_id=0, num_atoms=13
scalar_charges: [0.960703, 1.202521, 1.209715, 0.887473, 0.983985, 0.83993 , 1.153881, 1.048188, 1.144629, 1.00974 , 1.206861, 1.208864, 1.020551]
spherical_charges_l0: [[-6.475770e-03],
 [-1.015552e-05],
 [-1.867195e-05],
 [-4.075071e-02],
 [-1.456191e-01],
 [-1.610842e+00],
 [-3.122286e-02],
 [-1.538969e+00],
 [-1.462657e-01],
 [-8.649450e-03],
 [-9.554019e-06],
 [-1.966294e-05],
 [-1.557731e-03]]
spherical_charges_l1: [[-1.564130e-02,  5.454777e-03, -2.180989e-03],
 [-1.428364e-05,  2.686181e-06, -5.155975e-06],
 [ 7.315027e-06, -1.738371e-06,  3.124808e-06],
 [-7.739456e-03,  5.618294e-02,  1.413782e-02],
 [ 2.905084e-03,  9.810806e-02,  4.084537e-02],
 [-1.242637e-01,  5.628228e-01,  9.129649e-02],
 [ 9.760225e-04,  6.014032e-03,  1.550434e-02],
 [ 2.245844e-01, -3.987203e-01,  5.121431e-02],
 [ 4.689491e-02, -7.209893e-02,  2.913108e-02],
 [ 1.517979e-02, -2.665198e-02, -2.767277e-03],
 [ 4.930140e-06, -1.424779e-05,  6.274486e-06],
 [ 7.862660e-06, -1.353958e-06,  8.908899e-07],
 [ 2.342302e-03, -8.667542e-03,  5.335673e-03]]
spherical_charges_l2: [[-1.455709e-02,  2.545786e-02, -2.211026e-02, -1.682836e-02,  7.829392e-03],
 [-1.171401e-05,  1.801568e-05, -9.745831e-06,  1.598636e-05,  2.386206e-06],
 [-3.274346e-05, -1.318869e-06, -1.765172e-05,  5.105412e-06,  6.485301e-06],
 [ 2.922481e-02,  2.853039e-02, -6.378338e-02, -3.642768e-02,  2.369545e-02],
 [-2.941223e-02, -7.668117e-02, -2.151821e-01, -7.839467e-02,  2.676866e-02],
 [ 2.033817e-01,  7.241421e-01,  1.945505e+00,  1.257436e+00, -6.272023e-01],
 [ 1.635414e-02, -5.870219e-02, -7.168014e-03, -2.457924e-03, -1.465860e-02],
 [ 7.965755e-01,  1.060948e+00, -8.802850e-01, -5.443475e-01, -1.580603e+00],
 [-4.565886e-02, -4.841174e-02,  8.620229e-02,  4.278306e-02,  1.696178e-01],
 [-2.903829e-02, -1.797347e-02, -1.386867e-02,  6.021840e-02,  4.204089e-02],
 [ 2.223168e-07, -4.713159e-05,  1.991620e-05,  1.106092e-05,  1.480933e-05],
 [-3.356610e-05, -3.031812e-05,  1.479302e-05, -3.369943e-06,  1.682483e-05],
 [-2.280859e-02, -1.943658e-02,  9.389166e-03,  2.115427e-02,  2.599677e-02]]
energy_short: [-0.12808 , -0.41108 , -0.422577,  0.166058,  0.354279,  0.290117,  0.148096,  0.152167,  0.177749,  0.022465, -0.394965, -0.406621,  0.155573]
energy_long: [0.038555, 0.026572, 0.027106, 0.033713, 0.045507, 0.044531, 0.020615, 0.060502, 0.048979, 0.037581, 0.026683, 0.026707, 0.03959 ]