step=977220, graph_id=0, num_atoms=13
scalar_charges: [-1.351108,  4.394731,  4.380494, -1.384248, -1.346614, -1.409452, -1.303618, -1.359825, -1.29963 , -1.364434,  4.396734,  4.379152, -1.337497]
spherical_charges_l0: [[-2.763116e-02],
 [-2.256016e-04],
 [ 5.489140e-04],
 [-2.731319e-02],
 [-8.787414e-02],
 [-2.118249e+00],
 [-2.118967e-02],
 [-1.819055e+00],
 [-5.840527e-02],
 [-4.628887e-03],
 [ 4.785819e-04],
 [ 3.643575e-04],
 [-1.986317e-02]]
spherical_charges_l1: [[-6.042370e-03,  2.975537e-02,  1.597832e-02],
 [-2.763238e-06,  4.413103e-04,  7.456123e-05],
 [ 1.281347e-03,  1.073818e-03,  1.214697e-03],
 [-3.096881e-02,  1.146233e-01,  4.569557e-02],
 [ 5.974056e-02,  1.513746e-01,  2.977813e-02],
 [-1.182459e-01,  1.129763e+00,  3.020616e-01],
 [ 6.939660e-03,  2.649811e-03,  2.319925e-02],
 [ 4.552305e-01, -7.643495e-01,  2.216854e-01],
 [ 4.848743e-02, -5.552590e-02, -3.414855e-02],
 [ 4.040851e-02, -6.949675e-02,  2.075925e-02],
 [-1.367763e-04, -7.074211e-04,  3.681804e-04],
 [ 7.629617e-04, -3.386806e-04,  2.142790e-04],
 [ 3.165070e-02, -3.357302e-02,  2.381258e-02]]
spherical_charges_l2: [[-2.065214e-02,  5.555045e-02, -5.251897e-02, -5.558117e-02,  2.308980e-02],
 [-1.131177e-04,  5.353785e-04, -1.129521e-03, -4.804197e-04,  6.307603e-04],
 [-3.976446e-04,  1.780533e-03, -2.147357e-04, -2.075346e-04,  1.107762e-03],
 [ 4.192492e-02,  4.707161e-02, -1.518672e-02,  3.839031e-03, -2.478723e-02],
 [-2.840563e-02, -7.635368e-02, -2.117634e-01, -6.396694e-02,  2.295314e-02],
 [ 2.097736e-01,  1.758270e+00,  4.222380e+00,  2.756836e+00, -1.179016e+00],
 [ 1.990639e-02, -9.699724e-02,  1.282628e-03, -2.225431e-03,  6.982841e-04],
 [ 1.567126e+00,  2.170622e+00, -1.779615e+00, -7.840449e-01, -2.969393e+00],
 [-3.992647e-02, -3.931627e-02,  7.947834e-02,  3.179679e-02,  1.454912e-01],
 [-4.092954e-02, -1.687015e-02, -1.141929e-02,  9.654658e-02,  8.448780e-02],
 [-1.249020e-04, -2.505761e-04,  1.802161e-04, -5.053799e-04, -3.420030e-04],
 [ 1.568162e-04, -3.880802e-04,  1.901041e-04, -2.613036e-05, -5.934807e-05],
 [-3.298256e-02, -4.311981e-02,  1.285156e-02,  5.945805e-02,  5.477867e-02]]
energy_short: [-0.143109, -0.308093, -0.329139,  0.107122,  0.197377,  0.154328,  0.011603,  0.01961 ,  0.025705, -0.102938, -0.299615, -0.315493,  0.206787]
energy_long: [0.057603, 0.116279, 0.116265, 0.046872, 0.067566, 0.035779, 0.03088 , 0.041792, 0.062444, 0.045903, 0.116303, 0.116292, 0.062007]