step=2286855, graph_id=0, num_atoms=13
scalar_charges: [-0.840301,  3.362561,  3.342586, -0.776317, -0.757174, -0.88126 , -0.505819, -0.723565, -0.579484, -0.718753,  3.373694,  3.348721, -0.753895]
spherical_charges_l0: [[-6.328320e-03],
 [-9.236813e-04],
 [-1.007270e-03],
 [-3.806977e-02],
 [-1.323421e-01],
 [-1.521192e+00],
 [-2.868611e-02],
 [-1.412754e+00],
 [-1.104527e-01],
 [-7.302953e-03],
 [-1.048613e-03],
 [-8.886384e-04],
 [-9.018044e-04]]
spherical_charges_l1: [[-1.764006e-02,  9.586583e-03, -5.754208e-04],
 [ 6.535546e-04, -8.090654e-04, -1.048947e-04],
 [-5.156408e-04, -3.373183e-04, -4.917806e-04],
 [-1.207022e-02,  7.171247e-02,  1.843649e-02],
 [ 7.182358e-04,  1.015925e-01,  4.587196e-02],
 [-1.063774e-01,  5.685710e-01,  1.037984e-01],
 [ 5.938929e-04,  5.910603e-03,  1.401347e-02],
 [ 2.121102e-01, -3.716939e-01,  6.813671e-02],
 [ 4.523712e-02, -6.877203e-02,  2.200537e-02],
 [ 1.825071e-02, -3.369096e-02, -3.314105e-03],
 [ 1.353304e-04,  4.391180e-04, -2.190971e-04],
 [-7.148377e-04,  2.923212e-05, -5.418819e-05],
 [ 5.759747e-03, -1.195616e-02,  6.923587e-03]]
spherical_charges_l2: [[-1.304935e-02,  3.053084e-02, -1.719913e-02, -1.602270e-02,  8.952215e-03],
 [-2.020459e-04, -4.443029e-05, -6.671594e-04, -5.480326e-04,  4.955052e-04],
 [ 2.597898e-04,  3.745458e-04, -5.846304e-04, -3.470450e-04,  4.808406e-04],
 [ 3.710274e-02,  2.695497e-02, -5.171014e-02, -3.002777e-02,  2.151661e-02],
 [-1.715276e-02, -1.045961e-01, -1.688087e-01, -9.049258e-02,  1.521338e-02],
 [ 1.839951e-01,  7.338930e-01,  1.946015e+00,  1.275085e+00, -6.550131e-01],
 [ 1.571123e-02, -5.758161e-02, -9.578547e-03, -1.926162e-03, -1.498109e-02],
 [ 7.621410e-01,  1.012795e+00, -8.839548e-01, -4.862741e-01, -1.545254e+00],
 [-3.621256e-02, -5.210905e-02,  7.941128e-02,  4.092286e-02,  1.541131e-01],
 [-2.563937e-02, -1.311787e-02, -1.459948e-02,  5.867237e-02,  3.941731e-02],
 [-5.108459e-05, -5.507868e-04,  1.549857e-04,  6.728123e-04,  6.782355e-04],
 [-3.957198e-04, -2.103898e-04,  5.576698e-05,  4.674753e-04,  6.243863e-04],
 [-1.971607e-02, -2.145392e-02,  9.388468e-03,  2.075758e-02,  2.156401e-02]]
energy_short: [-0.193624, -0.35387 , -0.366657,  0.079645,  0.231462,  0.170097,  0.051064,  0.032624,  0.061044, -0.089483, -0.342138, -0.353057,  0.121724]
energy_long: [0.055428, 0.147453, 0.147477, 0.046733, 0.061842, 0.042335, 0.027801, 0.053336, 0.059963, 0.047259, 0.147504, 0.14747 , 0.055266]