step=676845, graph_id=0, num_atoms=13
scalar_charges: [-1.056469,  3.449179,  3.440368, -1.062425, -1.058244, -1.092648, -1.032748, -1.07295 , -1.033303, -1.058699,  3.450801,  3.440628, -1.047229]
spherical_charges_l0: [[-5.714261e-03],
 [-3.091376e-04],
 [-5.353729e-05],
 [-2.974001e-02],
 [-1.191146e-01],
 [-1.951311e+00],
 [-2.297657e-02],
 [-1.624194e+00],
 [-5.430682e-02],
 [-8.573688e-03],
 [-3.214778e-05],
 [ 1.334031e-04],
 [ 5.793148e-04]]
spherical_charges_l1: [[-4.175014e-02,  3.214332e-02, -1.286565e-02],
 [-7.651615e-05,  1.355193e-03,  5.209601e-04],
 [ 7.542592e-04,  6.011634e-04,  5.827252e-04],
 [-3.910340e-02,  1.299823e-01,  3.902146e-02],
 [ 2.985694e-02,  2.306758e-01,  6.363238e-02],
 [-2.441976e-01,  1.187123e+00,  2.076923e-01],
 [ 8.279312e-03,  7.334557e-03,  2.628217e-02],
 [ 4.470260e-01, -8.040932e-01,  2.843507e-01],
 [ 7.389027e-02, -9.232349e-02, -1.132290e-02],
 [ 4.613868e-02, -8.123477e-02,  2.911397e-02],
 [-7.357239e-04, -7.291349e-04,  2.511893e-04],
 [ 6.931350e-04,  2.153965e-04, -1.853097e-04],
 [ 2.488122e-02, -3.613924e-02,  2.470485e-02]]
spherical_charges_l2: [[-2.475805e-02,  6.889315e-02, -6.696584e-02, -4.436040e-02,  2.009778e-02],
 [ 5.402408e-05,  1.298132e-03, -1.876006e-03, -1.834862e-03,  1.505640e-03],
 [ 1.629205e-04,  2.372039e-03, -1.164012e-03, -1.520414e-03,  2.068219e-03],
 [ 5.062200e-02,  4.430174e-02, -1.312750e-02,  4.553103e-03, -1.737698e-02],
 [-6.152373e-02, -5.313255e-02, -2.640637e-01, -1.135156e-01, -1.452634e-02],
 [ 6.807050e-01,  1.673160e+00,  4.524339e+00,  2.666054e+00, -1.278683e+00],
 [ 1.488863e-02, -9.266445e-02, -5.899055e-03, -1.130643e-02, -8.745404e-03],
 [ 1.709707e+00,  2.173119e+00, -1.790573e+00, -7.749771e-01, -2.880284e+00],
 [-7.451796e-02, -5.288029e-02,  6.608418e-02,  2.896677e-02,  8.922043e-02],
 [-4.285294e-02, -2.469364e-02, -3.396048e-03,  8.132391e-02,  8.252433e-02],
 [-8.112974e-04,  5.463342e-04, -4.119195e-04, -4.505664e-04,  1.115298e-04],
 [ 1.243649e-03,  8.322924e-05,  1.702930e-04,  1.064646e-03,  2.795447e-05],
 [-3.931529e-02, -4.986732e-02,  2.089819e-02,  5.626130e-02,  4.556388e-02]]
energy_short: [-0.155002, -0.236506, -0.256237,  0.137291,  0.188925,  0.150292,  0.007714,  0.015086,  0.021163, -0.09105 , -0.227926, -0.242564,  0.214076]
energy_long: [0.036342, 0.123723, 0.12382 , 0.026886, 0.053416, 0.021573, 0.008104, 0.026489, 0.041241, 0.026592, 0.123746, 0.123719, 0.041782]