step=1305630, graph_id=0, num_atoms=13
scalar_charges: [-0.871646,  3.074934,  3.067736, -0.87889 , -0.874635, -0.903135, -0.852303, -0.884069, -0.856885, -0.863164,  3.076181,  3.068131, -0.86604 ]
spherical_charges_l0: [[-9.615807e-03],
 [-1.038322e-04],
 [-3.847823e-05],
 [-3.340387e-02],
 [-1.139311e-01],
 [-1.597052e+00],
 [-2.763722e-02],
 [-1.411266e+00],
 [-6.398316e-02],
 [-3.208584e-03],
 [ 1.484867e-05],
 [-1.965454e-05],
 [-7.606095e-03]]
spherical_charges_l1: [[ 5.917820e-04,  1.828176e-02,  7.980566e-03],
 [ 1.126091e-04,  1.082632e-04,  1.395692e-04],
 [ 1.423427e-04,  1.867698e-04,  1.466457e-04],
 [-1.320958e-02,  7.959824e-02,  2.625071e-02],
 [ 2.164416e-02,  1.419562e-01,  4.996200e-02],
 [-1.364323e-01,  7.932588e-01,  1.320897e-01],
 [ 3.241942e-03,  4.290575e-04,  1.176446e-02],
 [ 3.109641e-01, -5.296334e-01,  1.211376e-01],
 [ 5.623126e-02, -7.162630e-02,  5.372797e-03],
 [ 2.568771e-02, -5.016476e-02, -6.265279e-04],
 [ 1.064368e-04, -2.043769e-04,  1.138376e-04],
 [ 8.943363e-05, -1.411996e-04,  8.067415e-05],
 [ 1.560081e-02, -1.592118e-02,  7.816391e-03]]
spherical_charges_l2: [[-1.947203e-02,  4.657227e-02, -3.039262e-02, -3.142203e-02,  1.494392e-02],
 [ 2.005042e-04, -1.486071e-04,  3.595596e-04,  1.352438e-04, -1.652998e-04],
 [ 6.826498e-05, -2.140232e-05,  3.985211e-05, -2.529040e-05, -3.419962e-06],
 [ 4.974642e-02,  3.867693e-02, -7.725275e-02, -5.091411e-02,  1.315408e-02],
 [-2.153611e-02, -1.378406e-01, -1.847055e-01, -8.971979e-02, -4.490948e-03],
 [ 2.520460e-01,  1.098185e+00,  2.908040e+00,  1.890454e+00, -8.592786e-01],
 [ 2.463424e-02, -8.593930e-02, -8.174873e-03, -7.064423e-03, -1.187335e-02],
 [ 1.084621e+00,  1.525586e+00, -1.248570e+00, -7.131703e-01, -2.161313e+00],
 [-2.856700e-02, -6.208456e-02,  8.017557e-02,  4.019882e-02,  1.417606e-01],
 [-4.528763e-02, -1.607936e-02, -1.791677e-02,  9.204531e-02,  7.025140e-02],
 [-1.550765e-04,  2.072747e-04, -1.086990e-04, -5.196118e-06,  6.047004e-05],
 [ 2.314995e-04,  1.329454e-04, -7.960547e-05,  1.702207e-04,  3.984626e-06],
 [-2.886741e-02, -3.615261e-02,  1.578799e-02,  3.952366e-02,  3.519008e-02]]
energy_short: [-0.206644, -0.283177, -0.303937,  0.050798,  0.176935,  0.121126,  0.004099, -0.015241,  0.007519, -0.139696, -0.269279, -0.286986,  0.123499]
energy_long: [0.066559, 0.143129, 0.143109, 0.058032, 0.076765, 0.060741, 0.041909, 0.066813, 0.074757, 0.059437, 0.143194, 0.143154, 0.07056 ]