step=2583225, graph_id=0, num_atoms=13
scalar_charges: [0.847052, 1.43081 , 1.451266, 0.860818, 0.863297, 0.875191, 0.788485, 0.73468 , 0.743133, 0.855251, 1.38702 , 1.427816, 0.824209]
spherical_charges_l0: [[-2.938705e-04],
 [-5.864561e-06],
 [-5.336696e-06],
 [-3.827479e-02],
 [-1.551735e-01],
 [-1.598605e+00],
 [-2.855845e-02],
 [-1.474158e+00],
 [-1.214142e-01],
 [-6.337408e-03],
 [-9.513103e-06],
 [-1.198712e-05],
 [ 4.949822e-03]]
spherical_charges_l1: [[-1.564359e-02,  7.990537e-03,  1.932668e-04],
 [-8.602951e-06, -3.459384e-06, -3.997845e-06],
 [ 2.092769e-06, -2.289161e-06,  1.574859e-07],
 [-6.687718e-03,  6.145668e-02,  1.864590e-02],
 [ 3.811878e-03,  1.216937e-01,  5.324634e-02],
 [-1.244379e-01,  5.981879e-01,  9.392301e-02],
 [ 5.142948e-04,  6.790424e-03,  1.523888e-02],
 [ 2.404520e-01, -4.169604e-01,  4.184873e-02],
 [ 6.289544e-02, -9.527814e-02,  3.437379e-02],
 [ 1.656885e-02, -2.721332e-02, -4.436837e-03],
 [-6.854306e-06, -3.706984e-06,  2.182272e-06],
 [ 2.999500e-06,  7.486836e-06, -2.968995e-06],
 [ 4.273796e-03, -1.138798e-02,  5.966117e-03]]
spherical_charges_l2: [[-1.177457e-02,  2.550501e-02, -2.173647e-02, -1.702102e-02,  7.354463e-03],
 [-1.523928e-05,  1.729902e-05,  3.484871e-06,  1.551052e-05,  2.186626e-08],
 [-2.233238e-05, -3.571113e-06, -1.431396e-05,  6.444246e-06, -3.642203e-06],
 [ 2.174248e-02,  3.220611e-02, -7.314861e-02, -4.396667e-02,  2.671432e-02],
 [-2.650798e-02, -1.081340e-01, -1.940590e-01, -8.892305e-02,  1.082866e-02],
 [ 1.873381e-01,  7.601172e-01,  2.013402e+00,  1.321898e+00, -6.488569e-01],
 [ 1.482319e-02, -6.065733e-02, -9.424803e-03, -3.673335e-03, -1.735028e-02],
 [ 7.726519e-01,  1.066352e+00, -8.844367e-01, -5.404485e-01, -1.539471e+00],
 [-5.393210e-02, -7.278758e-02,  8.135850e-02,  4.733648e-02,  1.695357e-01],
 [-3.397694e-02, -2.312398e-02, -1.448316e-02,  6.916016e-02,  4.594056e-02],
 [ 7.553536e-07, -3.289188e-05,  1.245489e-05,  4.123847e-06,  4.351008e-06],
 [-2.281066e-05, -2.225623e-05,  1.049329e-05, -7.781470e-06,  3.414588e-06],
 [-1.959374e-02, -1.686065e-02,  9.416074e-03,  1.483628e-02,  2.010121e-02]]
energy_short: [-1.532668e-01, -4.096633e-01, -4.211853e-01,  1.497383e-01,  3.367567e-01,  2.765543e-01,  1.477566e-01,  1.384822e-01,  1.646090e-01,  3.286451e-04, -3.944144e-01, -4.055770e-01,  1.386352e-01]
energy_long: [0.050974, 0.043386, 0.044245, 0.042826, 0.058687, 0.053225, 0.028807, 0.063476, 0.060739, 0.04571 , 0.044032, 0.044256, 0.050776]