step=3252060, graph_id=0, num_atoms=13
scalar_charges: [0.420495, 1.055307, 1.037714, 0.458921, 0.480617, 0.352229, 0.587054, 0.47445 , 0.599833, 0.530324, 1.061313, 1.04944 , 0.439126]
spherical_charges_l0: [[-6.588633e-03],
 [-1.491331e-05],
 [-1.397936e-06],
 [-3.681890e-02],
 [-1.475083e-01],
 [-1.733790e+00],
 [-3.104237e-02],
 [-1.616254e+00],
 [-1.271353e-01],
 [-6.726535e-03],
 [-1.657109e-08],
 [ 3.706364e-06],
 [-3.748943e-03]]
spherical_charges_l1: [[-1.623346e-02,  8.895233e-03, -2.152422e-04],
 [-2.241782e-05, -1.241225e-05, -9.687623e-06],
 [-5.203314e-06, -1.947363e-05, -8.366137e-06],
 [-9.586429e-03,  4.471637e-02,  1.187598e-02],
 [ 2.367431e-03,  1.000837e-01,  4.193492e-02],
 [-1.382723e-01,  5.221315e-01,  7.914090e-02],
 [ 9.965263e-04,  5.363554e-03,  1.421942e-02],
 [ 2.141617e-01, -3.748543e-01,  1.853303e-02],
 [ 4.679503e-02, -7.244809e-02,  3.088834e-02],
 [ 1.157822e-02, -2.037587e-02, -3.832697e-03],
 [ 1.394619e-06,  1.275182e-05, -6.250413e-06],
 [-1.590705e-05,  2.082086e-05, -8.682423e-06],
 [ 3.036027e-03, -1.076161e-02,  5.881508e-03]]
spherical_charges_l2: [[-1.852342e-02,  2.438073e-02, -1.635862e-02, -8.854083e-03,  4.513429e-03],
 [-4.634257e-05,  2.173707e-05, -4.396136e-06,  5.076830e-05,  3.269168e-06],
 [-8.107681e-05, -1.277631e-05, -6.652677e-05,  2.477812e-05, -7.994809e-07],
 [ 3.393862e-02,  1.172645e-02, -5.846447e-02, -3.752976e-02,  2.746600e-02],
 [-2.355150e-02, -8.725175e-02, -1.733628e-01, -8.629929e-02,  1.589979e-02],
 [ 1.714233e-01,  7.112888e-01,  1.892077e+00,  1.226387e+00, -6.080153e-01],
 [ 1.474366e-02, -5.971030e-02, -7.535361e-03, -2.629098e-03, -1.980608e-02],
 [ 7.361853e-01,  1.009456e+00, -8.259228e-01, -5.102188e-01, -1.466717e+00],
 [-4.319628e-02, -5.381120e-02,  7.965074e-02,  3.307462e-02,  1.604347e-01],
 [-2.569814e-02, -1.392139e-02, -1.325902e-02,  5.455373e-02,  3.644192e-02],
 [ 4.362909e-06, -8.428178e-05,  4.143531e-05,  1.762350e-06,  9.157024e-06],
 [-7.159486e-05, -4.442957e-05,  2.031150e-05, -3.024228e-05,  1.906891e-05],
 [-2.289863e-02, -2.220918e-02,  1.138196e-02,  1.572647e-02,  2.231158e-02]]
energy_short: [-0.178178, -0.350857, -0.363395,  0.138873,  0.340984,  0.263847,  0.139656,  0.127764,  0.166987, -0.006228, -0.339787, -0.349788,  0.114729]
energy_long: [0.039067, 0.02748 , 0.028295, 0.036313, 0.049608, 0.050369, 0.019674, 0.060983, 0.051826, 0.038786, 0.027629, 0.027877, 0.038535]