step=1241550, graph_id=0, num_atoms=13
scalar_charges: [-0.99176 ,  3.534629,  3.53067 , -0.998633, -0.990789, -1.02428 , -0.975564, -1.005043, -0.973909, -0.983353,  3.536192,  3.530193, -0.987948]
spherical_charges_l0: [[-1.429783e-02],
 [ 4.032032e-04],
 [ 6.979908e-04],
 [-2.920044e-02],
 [-1.008736e-01],
 [-1.842696e+00],
 [-2.801484e-02],
 [-1.678584e+00],
 [-5.819230e-02],
 [ 1.788117e-03],
 [ 4.245237e-04],
 [ 4.490586e-04],
 [-1.178165e-02]]
spherical_charges_l1: [[-7.515227e-03,  2.751644e-02,  1.121243e-02],
 [ 1.401607e-04,  2.873580e-04,  3.472292e-04],
 [ 2.950501e-04,  5.156436e-04,  4.849046e-04],
 [-2.088491e-02,  8.422880e-02,  3.545460e-02],
 [ 3.637492e-02,  1.360564e-01,  3.956400e-02],
 [-1.100810e-01,  1.009883e+00,  2.208637e-01],
 [ 2.800367e-03, -1.151512e-03,  9.063750e-03],
 [ 3.941779e-01, -6.787871e-01,  1.600477e-01],
 [ 3.441897e-02, -3.628154e-02, -1.279104e-02],
 [ 2.401792e-02, -5.172717e-02,  7.158568e-04],
 [ 4.081038e-04, -2.476939e-04,  1.988020e-04],
 [ 3.323708e-06, -3.077076e-04,  2.418455e-04],
 [ 2.344453e-02, -2.598358e-02,  1.459353e-02]]
spherical_charges_l2: [[-1.831430e-02,  3.829279e-02, -2.770985e-02, -2.412114e-02,  6.367991e-03],
 [ 2.846104e-04, -1.146730e-03, -1.164910e-03, -1.273659e-03,  2.901824e-04],
 [ 2.482373e-04,  2.369473e-03, -3.501141e-04, -3.436394e-04,  1.640777e-03],
 [ 3.166323e-02,  3.424676e-02, -8.495803e-02, -3.357124e-02,  2.902114e-03],
 [-2.521033e-02, -8.502870e-02, -2.370112e-01, -6.675013e-02,  2.662950e-02],
 [ 2.801051e-01,  1.298285e+00,  3.500766e+00,  2.299989e+00, -1.152964e+00],
 [ 2.877210e-02, -8.465986e-02, -7.761731e-03, -3.267244e-03, -5.611419e-04],
 [ 1.384219e+00,  1.868980e+00, -1.517111e+00, -9.018791e-01, -2.728387e+00],
 [-2.902786e-02, -4.255464e-02,  8.857439e-02,  2.715182e-02,  1.549047e-01],
 [-4.120160e-02, -1.542486e-02, -1.243104e-02,  9.611112e-02,  8.214451e-02],
 [-1.176634e-03,  4.588295e-04, -3.099258e-04,  5.035533e-06,  6.344881e-04],
 [ 8.962514e-04, -2.789072e-04,  1.658033e-04,  8.132771e-04,  2.149290e-04],
 [-2.472899e-02, -3.167691e-02,  1.330231e-02,  3.110179e-02,  3.070209e-02]]
energy_short: [-0.226292, -0.281272, -0.300079,  0.044802,  0.179597,  0.114668, -0.008482, -0.020184,  0.008521, -0.139683, -0.269514, -0.284164,  0.10499 ]
energy_long: [0.068772, 0.154371, 0.154376, 0.062074, 0.082953, 0.057433, 0.050279, 0.066583, 0.082028, 0.065767, 0.154349, 0.15434 , 0.074241]