step=72090, graph_id=0, num_atoms=13
scalar_charges: [-0.408807,  1.299618,  1.298091, -0.407446, -0.412609, -0.414728, -0.405427, -0.417053, -0.41249 , -0.416932,  1.299469,  1.298295, -0.396962]
spherical_charges_l0: [[-4.100961e-01],
 [-7.187822e-05],
 [-6.241296e-05],
 [-9.258086e-02],
 [-1.857028e-01],
 [-1.145798e+00],
 [-1.927580e-02],
 [-1.319187e+00],
 [-1.139032e-01],
 [-2.286191e-02],
 [-3.313585e-05],
 [-3.540998e-05],
 [-4.201451e-01]]
spherical_charges_l1: [[ 3.437428e-02, -9.806111e-03,  6.212055e-03],
 [-1.070250e-04,  6.735094e-05, -1.891056e-05],
 [ 1.137635e-04,  3.751167e-05,  8.243060e-05],
 [-2.359881e-01, -4.170904e-01, -1.577965e-01],
 [-2.449697e-02, -1.155025e-01, -5.661968e-02],
 [ 9.997296e-02, -1.439035e-01, -4.532122e-02],
 [-2.504022e-03, -4.709938e-03, -5.340625e-03],
 [-5.730768e-02,  1.401891e-01, -2.207858e-01],
 [-6.320988e-02,  3.485955e-02, -6.172512e-02],
 [-2.003341e-01,  2.334204e-01, -6.513835e-02],
 [-1.768350e-05, -8.092481e-05,  3.473029e-05],
 [ 1.026082e-04, -8.863935e-06,  5.909163e-06],
 [-3.880392e-03,  2.666765e-02, -1.568286e-02]]
spherical_charges_l2: [[-5.525721e-01,  3.244517e-01, -5.645719e-01,  4.416026e-02,  3.577100e-01],
 [-2.586709e-05, -1.295562e-04, -8.013281e-05, -3.198168e-05, -8.111430e-05],
 [ 1.107135e-04,  6.418142e-05,  1.142809e-04, -2.551926e-05, -1.032313e-05],
 [-1.051575e-01,  4.723118e-02, -2.837437e-01,  5.683416e-02,  3.378544e-02],
 [-9.869272e-03, -1.498780e-01, -3.036862e-01, -1.722991e-01,  2.438489e-02],
 [ 2.429999e-01, -1.329277e+00, -1.416916e+00, -1.206775e+00,  5.509864e-01],
 [-5.364386e-03, -8.224827e-03,  1.541852e-03, -2.329843e-03, -5.618696e-03],
 [-6.585269e-01, -1.274361e+00,  1.090017e+00,  1.620297e-01,  1.728070e+00],
 [-8.987132e-02, -1.961029e-02,  5.442383e-02,  7.207728e-02,  1.116263e-01],
 [-7.765918e-02, -5.763625e-02,  6.128724e-02, -2.733743e-03,  7.332888e-02],
 [ 3.294514e-05,  5.312809e-05, -1.839691e-05, -1.055668e-05, -2.284712e-05],
 [ 3.577495e-05,  5.976965e-05, -2.230390e-05, -7.435015e-06, -2.434958e-05],
 [-4.263645e-01, -5.648760e-01,  2.647247e-01,  2.614942e-01,  5.135553e-01]]
energy_short: [ 0.070916, -0.379164, -0.393747,  0.193973,  0.185891,  0.192959,  0.04987 ,  0.048134, -0.012291, -0.04341 , -0.355335, -0.381515,  0.437906]
energy_long: [ 0.000855,  0.052602,  0.052343,  0.015358,  0.028599, -0.01933 , -0.025846, -0.016761,  0.029493,  0.017243,  0.053096,  0.052708,  0.010667]