step=676845, graph_id=0, num_atoms=13
scalar_charges: [11680.185 ,  2465.3708,  2336.8474, 13029.06  , 13462.839 , 12760.501 ,  9289.638 , 10428.757 , 11546.113 , 12892.54  ,  2472.2156,  2359.0947, 10516.64  ]
spherical_charges_l0: [[ 1.342020e+02],
 [-1.925065e+01],
 [-5.904225e+00],
 [ 5.094276e+02],
 [ 2.877576e+02],
 [-1.093225e+04],
 [-8.135004e+01],
 [-9.018809e+03],
 [ 5.694476e+02],
 [ 4.386411e+02],
 [-1.033290e+01],
 [-1.071590e+01],
 [ 6.548058e+01]]
spherical_charges_l1: [[ -46.684757,   30.35355 ,  -96.76207 ],
 [ -24.200417,    2.201174,  -11.962579],
 [  24.640673,  -19.439053,    2.547073],
 [-498.99603 , -262.43518 , -412.52432 ],
 [ -43.37086 ,  167.7349  ,  -79.915276],
 [ -57.70129 , -312.47284 , -686.4163  ],
 [   3.615927,   -7.109486,   12.160828],
 [-566.0267  , -474.90256 , -418.59283 ],
 [  89.88352 , -261.71216 ,   41.739468],
 [-118.67445 ,   94.1189  ,   66.57426 ],
 [ -18.5881  ,   -2.175628,    0.9968  ],
 [   8.826953,   14.660665,   -6.222867],
 [ -57.9552  ,  -66.72478 ,   -4.620745]]
spherical_charges_l2: [[-1.924583e+02,  2.205780e+02,  9.915777e+00,  4.802773e+02,  7.700474e+01],
 [-2.126107e+01,  1.726508e+00, -1.566026e+01,  1.963303e-01,  7.082269e+00],
 [-7.246307e+00,  4.919735e+00, -1.085306e+01,  1.880365e+00,  4.696781e+00],
 [ 2.959248e+02, -5.343982e+02,  8.617274e+02,  9.839511e+01, -2.328509e+02],
 [ 3.669011e+01,  6.109334e+02,  5.687831e+02,  5.059652e+02, -4.702351e+00],
 [-4.873791e+02, -6.625429e+03, -1.290888e+04, -9.790423e+03,  4.634902e+03],
 [-1.008292e+02,  6.519698e+01, -3.438975e+01,  8.698766e+01,  5.697116e+01],
 [-4.062895e+03, -7.144815e+03,  5.508621e+03,  3.489651e+03,  1.013188e+04],
 [ 5.736852e+02,  4.554485e+02, -3.876960e+02, -6.617102e+01, -9.329915e+02],
 [ 2.585093e+02,  4.517912e+02, -1.851029e+02, -3.291179e+02, -2.322024e+02],
 [-1.471163e+01, -2.206981e+01,  9.421110e+00, -1.814618e+00,  8.406121e+00],
 [-5.484718e+00, -1.610882e+01,  7.648773e+00,  5.898392e+00,  9.075356e+00],
 [-4.704214e+01, -1.924158e+02,  1.866652e+02, -1.202688e+02,  1.197575e+02]]
energy_short: [-0.183532, -0.153575, -0.170036,  0.039057,  0.118735,  0.109409,  0.007423, -0.01104 , -0.043345, -0.167059, -0.140731, -0.158015,  0.156342]
energy_long: [ 0.063491,  0.067345,  0.067315,  0.088271,  0.085577, -0.071453,  0.036282, -0.048556,  0.0856  ,  0.07341 ,  0.067029,  0.067926,  0.068039]