step=792990, graph_id=0, num_atoms=13
scalar_charges: [193273.36 ,  13566.578,  13052.545, 166902.84 , 162572.72 , 172228.72 ,  95758.14 , 126111.87 , 129575.66 , 156029.23 ,  13468.381,  13034.858, 154600.28 ]
spherical_charges_l0: [[ 5.044500e+01],
 [-2.477695e+01],
 [-1.011621e+01],
 [ 3.511840e+03],
 [ 2.885151e+03],
 [-6.926659e+04],
 [-6.307558e+02],
 [-5.167380e+04],
 [ 3.703118e+03],
 [ 2.976528e+03],
 [-1.763478e+01],
 [-1.565528e+01],
 [-2.867974e+01]]
spherical_charges_l1: [[-2.111309e+02, -6.501366e+02, -5.611920e+02],
 [-6.825153e+01, -2.091292e+00, -4.106325e+01],
 [ 7.249661e+01, -6.166382e+01,  4.564317e+00],
 [-2.745064e+03, -1.424303e+03, -2.256445e+03],
 [-7.846382e+02,  1.442323e+03, -5.601155e+02],
 [-9.674182e+02, -1.717339e+03, -4.666888e+03],
 [ 5.355216e+01, -1.694446e+02, -6.525307e+01],
 [-3.687094e+03, -2.588302e+03, -1.659492e+03],
 [ 5.036910e+02, -2.048402e+03,  2.932418e+02],
 [-1.054068e+02, -4.730115e+02,  1.102851e+03],
 [-6.154146e+01, -4.047779e+00, -1.169917e-01],
 [ 2.270620e+01,  4.343347e+01, -1.939743e+01],
 [-3.092868e+02,  3.211025e+02, -2.071813e+02]]
spherical_charges_l2: [[-7.020149e+02,  8.345208e+02, -6.448652e+02,  1.599797e+03,  3.211880e+02],
 [-4.586548e+01,  1.117974e+01,  7.249238e+00,  1.104292e+01,  1.643437e+01],
 [ 2.106229e+01, -5.169731e+01, -7.930286e+00,  1.147152e+01, -4.240087e+01],
 [ 2.610973e+03, -3.827255e+03,  7.011050e+03,  7.026538e+02, -5.451949e+02],
 [-1.161982e+02,  4.400770e+03,  4.855505e+03,  3.217571e+03, -1.806252e+03],
 [-5.716466e+03, -3.753087e+04, -9.638297e+04, -6.915915e+04,  3.511542e+04],
 [-8.334113e+02,  2.091312e+02, -3.858333e+02,  5.580247e+02,  4.879763e+02],
 [-2.815786e+04, -4.842045e+04,  3.788186e+04,  2.693847e+04,  6.780981e+04],
 [ 3.288296e+03,  3.455556e+03, -3.212265e+03,  2.714821e+01, -7.802912e+03],
 [ 2.500415e+03,  4.036866e+03, -1.934039e+03, -2.183538e+03, -1.163231e+03],
 [-7.432448e+00, -5.938990e+01,  2.540587e+01, -1.313084e+01, -3.135314e+00],
 [-3.586659e+01, -2.205215e+01,  1.363949e+01, -1.487873e+01,  5.068082e+00],
 [-3.375949e+02, -7.677848e+02,  7.295515e+02, -4.565753e+02,  6.778358e+02]]
energy_short: [-0.255536, -0.12557 , -0.140201,  0.032397,  0.12945 ,  0.096117,  0.019891, -0.018123, -0.034969, -0.173348, -0.114089, -0.129327,  0.101241]
energy_long: [ 0.070139,  0.08264 ,  0.081822,  0.106038,  0.10451 , -0.036787,  0.05948 , -0.015949,  0.098813,  0.091006,  0.082285,  0.082688,  0.07195 ]