step=292365, graph_id=0, num_atoms=13
scalar_charges: [-2.102917, 15.020481, 15.072389, -2.056403, -2.05808 , -2.075399, -2.156301, -2.132894, -2.094151, -2.107005, 15.011044, 15.095236, -2.110132]
spherical_charges_l0: [[ -1.524966],
 [  0.150696],
 [  0.137849],
 [  0.451029],
 [  1.537006],
 [-61.31832 ],
 [ -0.599335],
 [-58.026764],
 [  3.895104],
 [  0.994583],
 [  0.065525],
 [  0.065997],
 [ -1.602514]]
spherical_charges_l1: [[-1.367174e-02,  3.032975e-01, -1.143115e-01],
 [-1.069327e-01,  4.474808e-03, -3.163791e-02],
 [ 7.556536e-02, -5.363503e-02,  2.663134e-02],
 [-5.712111e+00, -8.389486e+00, -5.654054e+00],
 [ 9.370853e-02,  1.499193e-01, -1.231637e+00],
 [ 4.832736e-01, -5.516010e+00, -6.493490e+00],
 [-2.017465e-01,  3.868604e-03, -4.614010e-02],
 [-2.485124e+00,  7.274069e-01, -7.626851e+00],
 [ 6.595838e-01, -2.355864e+00, -5.991344e-02],
 [-3.249765e+00,  2.314754e+00, -4.742845e-02],
 [-9.245670e-02, -4.510551e-03,  2.371331e-04],
 [ 4.419521e-02,  7.891741e-02, -3.502395e-02],
 [ 1.732167e-01, -2.338111e-01, -3.364159e-01]]
spherical_charges_l2: [[-3.558277e+00,  2.982703e+00, -2.536820e+00,  2.324127e+00,  1.665546e+00],
 [ 4.135564e-01,  1.527901e-01,  5.563619e-01,  9.845032e-02, -5.099690e-02],
 [ 7.190660e-04, -5.019066e-01, -2.629955e-02,  2.337590e-02, -2.878645e-01],
 [ 1.667567e+00, -1.045229e+00,  3.599814e-01,  2.282942e+00, -7.917168e-01],
 [ 2.583143e+00,  1.958544e+00,  3.107495e+00,  1.803525e+00, -4.970572e-01],
 [ 4.161119e+00, -4.813745e+01, -6.863303e+01, -5.758111e+01,  2.606390e+01],
 [-2.131172e-01,  2.981025e-01,  1.276649e-01,  4.045711e-01,  1.834378e-01],
 [-2.591149e+01, -4.663229e+01,  3.652195e+01,  1.312444e+01,  6.615788e+01],
 [ 4.055572e+00,  3.664812e+00, -1.635021e+00, -3.089817e-01, -5.123571e+00],
 [ 6.527892e-01,  2.121186e+00, -5.648220e-01, -6.740230e-01, -3.061349e-01],
 [ 3.069607e-01,  1.236825e-02,  1.457103e-02,  7.921057e-03, -1.760415e-01],
 [-1.557201e-01,  2.037463e-01, -1.013209e-01, -1.786644e-01, -8.368549e-02],
 [-1.975055e+00, -3.099732e+00,  1.642222e+00,  9.781424e-03,  1.847327e+00]]
energy_short: [-0.034341, -0.157705, -0.176571,  0.173214,  0.128271,  0.139211,  0.060563,  0.031915, -0.039676, -0.040024, -0.131149, -0.160489,  0.309926]
energy_long: [-0.000297,  0.000224, -0.006755,  0.031308,  0.04391 , -0.049296, -0.032256, -0.050238,  0.038817,  0.013683,  0.004154,  0.003692,  0.006496]