step=84105, graph_id=0, num_atoms=13
scalar_charges: [-0.380074,  1.422016,  1.430377, -0.351155, -0.355054, -0.373559, -0.380847, -0.39    , -0.362171, -0.347366,  1.42026 ,  1.431211, -0.40903 ]
spherical_charges_l0: [[-2.756128e-01],
 [-3.350256e-05],
 [-1.750429e-05],
 [-7.402714e-02],
 [-1.399085e-01],
 [-1.331763e+00],
 [-1.595799e-02],
 [-1.439785e+00],
 [-6.396275e-02],
 [-8.810011e-03],
 [-1.099824e-05],
 [-1.722122e-05],
 [-2.614869e-01]]
spherical_charges_l1: [[ 1.579701e-02,  1.324962e-02,  1.101985e-02],
 [-5.501010e-05,  2.808186e-05, -2.578608e-05],
 [ 3.461408e-05,  1.233633e-05,  2.178813e-05],
 [-2.526595e-01, -3.965744e-01, -1.747106e-01],
 [-3.758726e-02, -1.557286e-01, -8.420297e-02],
 [ 1.102435e-01, -1.541430e-01, -6.508941e-02],
 [ 2.320169e-03, -5.025558e-03, -6.218201e-03],
 [-4.238630e-02,  1.376045e-01, -3.062252e-01],
 [-8.827661e-02,  5.997242e-02, -8.224467e-02],
 [-2.060628e-01,  2.286384e-01, -6.828887e-02],
 [-2.233173e-05, -2.873134e-06, -5.015790e-08],
 [ 2.337342e-05,  1.384767e-05, -6.678763e-06],
 [ 3.112050e-03,  3.659394e-03, -2.209267e-03]]
spherical_charges_l2: [[-4.224137e-01,  2.443352e-01, -4.069930e-01,  5.347990e-02,  2.580370e-01],
 [ 8.332480e-06, -4.749142e-05, -6.822734e-06, -2.157227e-05, -3.208157e-05],
 [ 1.160975e-05,  1.687232e-05,  1.007229e-05, -1.227614e-05, -1.280721e-05],
 [-7.064588e-02,  1.605029e-03, -2.461525e-01,  3.135658e-02,  5.513035e-03],
 [ 6.035135e-02, -1.306863e-01, -1.888516e-01, -1.371284e-01,  4.203359e-02],
 [ 1.835172e-01, -1.518163e+00, -1.833898e+00, -1.563259e+00,  6.494589e-01],
 [-8.618664e-03, -8.712084e-04, -3.232865e-03, -3.387057e-03, -5.689159e-03],
 [-8.573197e-01, -1.427008e+00,  1.140238e+00,  2.923280e-01,  1.948567e+00],
 [-5.093174e-03,  6.951456e-02,  2.127561e-02,  6.453183e-02,  7.788575e-02],
 [-6.842667e-02, -2.141690e-02,  3.940109e-02, -4.718166e-03,  4.915329e-02],
 [ 2.707360e-05,  1.333918e-05, -5.939661e-06, -1.365564e-06, -1.463867e-05],
 [-1.020727e-05,  4.671359e-05, -1.916005e-05, -1.355802e-05, -7.822841e-06],
 [-2.761464e-01, -3.723398e-01,  1.839161e-01,  1.622936e-01,  3.329184e-01]]
energy_short: [ 0.072784, -0.397552, -0.411904,  0.269228,  0.253269,  0.256074,  0.121303,  0.118089,  0.062937,  0.027241, -0.374451, -0.399268,  0.439544]
energy_long: [ 0.016895,  0.042274,  0.042285,  0.03927 ,  0.053352, -0.009475, -0.016085, -0.00346 ,  0.052035,  0.036345,  0.042404,  0.042321,  0.024037]