step=404505, graph_id=0, num_atoms=13
scalar_charges: [-1.141385, 56.79552 , 55.98063 , -1.000425, -0.997312, -1.036678, -1.752489, -1.407543, -1.153614, -1.036036, 56.709435, 55.864574, -1.404995]
spherical_charges_l0: [[-2.736601e+00],
 [ 1.593261e-01],
 [ 2.581026e-01],
 [ 4.696217e+00],
 [ 7.060846e+00],
 [-2.490279e+02],
 [-1.097950e+00],
 [-2.067905e+02],
 [ 1.259775e+01],
 [ 4.617990e+00],
 [ 1.711593e-01],
 [ 1.503574e-01],
 [-3.333097e+00]]
spherical_charges_l1: [[-2.693293e-01,  8.127854e-01, -5.882225e-01],
 [-4.076243e-01,  3.082421e-02, -1.383438e-01],
 [ 3.070967e-01, -2.400693e-01,  7.293557e-02],
 [-8.234761e+00, -2.179146e+01, -1.283030e+01],
 [ 3.686041e+00,  4.462386e+00,  1.346407e+00],
 [ 4.526573e+00, -2.005835e+01, -2.529688e+01],
 [-3.359856e-01,  9.150524e-03, -7.188771e-01],
 [-1.664693e+01, -9.565124e+00, -2.271211e+01],
 [ 4.518225e+00, -7.303845e+00,  3.335533e+00],
 [-8.870265e+00,  9.126071e+00, -8.054663e-01],
 [-2.289636e-01, -2.827231e-02,  1.225350e-02],
 [ 1.387062e-01,  1.797851e-01, -7.744309e-02],
 [-4.689744e-02, -1.000340e-01, -5.307747e-01]]
spherical_charges_l2: [[-4.179916e+00,  6.118687e+00, -3.800941e+00,  4.004433e+00,  4.090292e+00],
 [ 7.965021e-01,  5.744012e-01,  1.085846e+00,  2.744872e-01,  7.759471e-02],
 [-2.458746e-01, -1.498210e+00, -3.156489e-01,  1.202737e-01, -7.774330e-01],
 [ 3.981551e+00, -1.529022e+00,  5.895603e+00,  5.389322e+00, -3.504673e+00],
 [ 3.093744e+00,  1.237108e+01,  1.291343e+01,  6.975801e+00,  5.950430e-01],
 [-2.045997e+00, -1.714017e+02, -2.833884e+02, -2.375174e+02,  9.940781e+01],
 [ 1.427006e-01,  1.712473e-01,  4.261002e-02,  1.146479e+00,  1.839427e+00],
 [-1.112735e+02, -1.721475e+02,  1.240891e+02,  6.890034e+01,  2.281917e+02],
 [ 1.378384e+01,  9.180461e+00, -6.271793e+00,  1.826972e+00, -1.766347e+01],
 [ 1.684991e+00,  5.188929e+00, -2.918859e+00, -3.737303e+00, -3.411587e+00],
 [ 9.358676e-01, -2.236108e-01,  1.703134e-01,  9.393866e-02, -4.640839e-01],
 [-7.129333e-01,  4.119197e-01, -2.179866e-01, -6.050873e-01, -1.625635e-01],
 [-3.725157e+00, -4.946985e+00,  2.875431e+00,  1.440880e+00,  4.782323e+00]]
energy_short: [-0.075235, -0.179258, -0.194808,  0.142197,  0.15886 ,  0.156428,  0.074922,  0.047033, -0.009395, -0.081124, -0.162409, -0.182067,  0.28168 ]
energy_long: [ 0.015933,  0.021565,  0.014   ,  0.043792,  0.048374, -0.038442,  0.000169, -0.030171,  0.043882,  0.031222,  0.022885,  0.021736,  0.024244]