step=857070, graph_id=0, num_atoms=13
scalar_charges: [411895.47 ,  24472.4  ,  23504.488, 527842.7  , 602070.5  , 580917.7  , 391198.9  , 453698.66 , 498197.16 , 504570.47 ,  24673.38 ,  23734.443, 340466.03 ]
spherical_charges_l0: [[ 1.188352e+02],
 [-1.029800e+02],
 [-7.041491e+01],
 [ 3.085868e+03],
 [ 3.948791e+03],
 [-7.961460e+04],
 [-8.987409e+02],
 [-6.227786e+04],
 [ 4.837551e+03],
 [ 2.418363e+03],
 [-8.246307e+01],
 [-7.630891e+01],
 [ 1.236316e+02]]
spherical_charges_l1: [[ 2.102598e+00, -4.043286e+02, -4.320407e+02],
 [-1.315244e+01, -3.555722e+01, -3.256546e+01],
 [ 3.104156e+01, -5.109343e+01, -1.000245e+01],
 [-2.508178e+03, -1.452178e+03, -2.627654e+03],
 [-8.124777e+02,  1.352202e+03, -7.612825e+02],
 [-2.577576e+03, -9.024329e+02, -5.773005e+03],
 [ 6.677922e+01, -1.371759e+02, -1.085434e+02],
 [-2.705343e+03, -3.556798e+03, -2.429965e+03],
 [ 3.334814e+02, -1.841518e+03,  8.423500e+00],
 [-1.547795e+02, -4.654713e+01,  7.468040e+02],
 [-2.768815e+01,  3.888086e+01, -1.937685e+01],
 [-2.282864e+01,  2.971928e+01, -1.118755e+01],
 [-2.157161e+02,  1.051619e+02, -7.807851e+01]]
spherical_charges_l2: [[-8.498240e+02,  1.067119e+03, -5.400267e+02,  2.177384e+03,  2.718051e+02],
 [-3.194530e+01, -4.188600e+01, -9.984125e+01, -9.435294e+01,  7.031696e+01],
 [ 6.197942e+01, -2.453568e+01, -3.482950e+01, -2.003750e+01,  4.642728e+00],
 [ 1.517610e+03, -3.172283e+03,  6.602658e+03,  3.811131e+02, -8.402697e+02],
 [-6.988506e+02,  4.755805e+03,  5.590763e+03,  3.853080e+03, -2.098885e+03],
 [-1.150327e+03, -4.545445e+04, -9.510493e+04, -7.324023e+04,  3.518702e+04],
 [-8.067646e+02,  3.574083e+02, -4.981265e+02,  5.882170e+02,  5.155870e+02],
 [-2.658907e+04, -4.887070e+04,  4.014694e+04,  2.686965e+04,  7.293915e+04],
 [ 4.996392e+03,  4.480105e+03, -3.486085e+03, -4.438752e+02, -9.588301e+03],
 [ 1.938179e+03,  2.942388e+03, -1.504357e+03, -1.452538e+03, -9.932789e+02],
 [-7.081047e+01, -1.104915e+02,  4.081007e+01,  3.765040e+01,  8.316353e+01],
 [-1.373799e+01, -4.764079e+01,  2.385149e+01,  6.311642e+01,  6.206929e+01],
 [-1.789658e+02, -7.445091e+02,  8.552491e+02, -8.497944e+02,  3.726255e+02]]
energy_short: [-0.244012, -0.174202, -0.188521, -0.000687,  0.116174,  0.096572, -0.018392, -0.028011, -0.058018, -0.200393, -0.161701, -0.176811,  0.095036]
energy_long: [ 0.089838,  0.098692,  0.099078,  0.120153,  0.1225  , -0.033362,  0.070515, -0.005731,  0.120024,  0.104766,  0.101476,  0.10211 ,  0.093513]