step=600750, graph_id=0, num_atoms=13
scalar_charges: [1285.5253 ,  668.9601 ,  645.02747, 1684.0522 , 1413.9336 , 1401.6654 ,  841.40045, 1060.2037 , 1204.2487 , 1677.3088 ,  672.9463 ,  649.0245 , 1030.5189 ]
spherical_charges_l0: [[-1.871870e+01],
 [ 6.315927e-01],
 [ 6.791254e-01],
 [ 1.521734e+02],
 [ 1.375884e+02],
 [-2.989494e+03],
 [-2.538041e+01],
 [-2.359880e+03],
 [ 1.725333e+02],
 [ 1.076984e+02],
 [ 5.702338e-01],
 [ 6.728957e-01],
 [-3.177684e+01]]
spherical_charges_l1: [[-5.599070e+00,  8.159078e+00, -6.665031e+00],
 [-1.828917e+00,  7.101746e-02, -6.936195e-01],
 [ 1.250996e+00, -1.502517e+00, -2.554221e-01],
 [-1.565825e+02, -9.502332e+01, -1.116493e+02],
 [ 1.122163e+00,  6.122111e+01, -6.307349e+00],
 [ 6.614450e+00, -1.582808e+02, -2.332218e+02],
 [-1.768064e+00,  2.813838e+00, -1.101986e-01],
 [-1.545370e+02, -8.846195e+01, -1.043422e+02],
 [ 1.312962e+01, -8.302171e+01,  1.172517e+01],
 [-2.531733e+01,  1.146295e+01,  3.661356e+01],
 [-1.710785e+00,  2.802503e-01, -1.840834e-01],
 [ 2.434327e-01,  1.257025e+00, -5.694359e-01],
 [ 4.902479e+00, -1.738998e+01,  9.957143e+00]]
spherical_charges_l2: [[-5.317595e+01,  3.146501e+01, -2.071151e+01,  8.674570e+01,  2.634367e+01],
 [ 1.476059e+00, -6.022386e-02,  2.706035e+00,  4.317253e-02,  3.255177e-01],
 [ 6.680223e-01, -5.404594e+00, -1.457121e+00,  2.653571e-01, -2.683316e+00],
 [ 8.472153e+01, -1.234006e+02,  2.140124e+02,  7.369831e+01, -4.139325e+01],
 [ 6.926920e+00,  1.394201e+02,  1.396413e+02,  1.002262e+02, -1.113625e+01],
 [ 1.229728e+01, -1.588055e+03, -2.959879e+03, -2.385855e+03,  1.111501e+03],
 [-3.811961e+01,  1.732539e+01, -8.661709e+00,  1.772367e+01,  1.483962e+01],
 [-9.801987e+02, -1.634894e+03,  1.207286e+03,  7.767668e+02,  2.308590e+03],
 [ 1.235692e+02,  9.567445e+01, -1.052180e+02,  3.210994e+01, -2.363993e+02],
 [ 5.316309e+01,  1.177037e+02, -5.580104e+01, -7.515574e+01, -4.684398e+01],
 [ 3.536682e+00, -1.424460e+00,  7.506106e-01,  2.542258e-01, -1.511861e+00],
 [-2.035785e+00,  2.157485e+00, -8.782586e-01, -1.838515e+00, -5.451418e-01],
 [-4.030079e+01, -4.567568e+01,  3.320421e+01, -1.421677e+01,  4.594022e+01]]
energy_short: [-0.150403, -0.128921, -0.145817,  0.063587,  0.167446,  0.143061,  0.047161,  0.027845, -0.000935, -0.149165, -0.117028, -0.132941,  0.201281]
energy_long: [ 0.033425,  0.037182,  0.031714,  0.076088,  0.066807, -0.057252,  0.015631, -0.034451,  0.060194,  0.050285,  0.037619,  0.03791 ,  0.038801]