step=865080, graph_id=0, num_atoms=13
scalar_charges: [500191.72 ,  20804.256,  19452.441, 441627.56 , 467676.94 , 419350.78 , 271479.16 , 283493.2  , 376295.8  , 392233.2  ,  21096.963,  19914.662, 414270.2  ]
spherical_charges_l0: [[-1.219088e+02],
 [-1.449521e+02],
 [-8.943166e+01],
 [ 1.881985e+03],
 [ 3.577317e+03],
 [-8.742048e+04],
 [-7.239072e+02],
 [-6.775859e+04],
 [ 4.047207e+03],
 [ 1.927910e+03],
 [-9.309289e+01],
 [-8.499947e+01],
 [-2.584179e+02]]
spherical_charges_l1: [[-2.073383e+02, -6.181378e+02, -5.010003e+02],
 [-2.272755e+01, -1.301398e+01, -2.825607e+01],
 [ 4.474739e+01, -3.842833e+01,  2.018779e+00],
 [-2.369190e+03, -4.921213e+02, -2.071523e+03],
 [-9.899883e+02,  2.158629e+03, -7.524386e+02],
 [-1.718432e+02, -2.352704e+03, -3.625480e+03],
 [ 4.601268e+01, -8.802692e+01,  4.740114e+01],
 [-3.894032e+03, -1.409358e+03, -2.700972e+03],
 [ 5.151685e+02, -2.439379e+03,  1.671279e+02],
 [ 9.126583e+01, -5.078025e+02,  8.349596e+02],
 [-3.037411e+01,  1.444550e+01, -8.402567e+00],
 [ 2.991791e+00,  2.831973e+01, -1.162239e+01],
 [-3.449565e+02,  2.084653e+02, -1.029141e+02]]
spherical_charges_l2: [[-6.367067e+02,  9.261746e+02, -5.624618e+02,  1.878800e+03,  2.523209e+02],
 [-7.960164e+01, -7.618961e+01, -1.918625e+02, -1.159871e+02,  6.400445e+01],
 [ 7.555161e+01,  9.268427e+01, -1.130333e+01, -4.601025e+01,  8.395346e+01],
 [ 4.666407e+02, -2.781477e+03,  4.758390e+03, -5.712258e+02,  2.102579e+02],
 [-2.516657e+02,  5.208742e+03,  4.719313e+03,  3.726579e+03, -2.218842e+03],
 [-1.668093e+03, -4.223994e+04, -1.016550e+05, -7.845105e+04,  3.975672e+04],
 [-4.915169e+02,  2.599224e+02, -1.209935e+01,  8.603075e+02,  7.086958e+02],
 [-3.317394e+04, -5.135589e+04,  3.972060e+04,  2.865864e+04,  7.659557e+04],
 [ 3.286775e+03,  3.439059e+03, -3.084295e+03,  5.789957e+02, -8.616899e+03],
 [ 1.162391e+03,  1.968515e+03, -8.873495e+02, -1.267445e+03, -2.376310e+02],
 [-1.115342e+02, -5.091780e+01,  1.038983e+01,  5.468018e+01,  1.176317e+02],
 [ 4.667418e+01, -4.169118e+01,  2.022305e+01,  1.151365e+02,  7.514410e+01],
 [-2.046674e+02, -7.580904e+02,  8.138247e+02, -5.008057e+02,  7.502166e+02]]
energy_short: [-0.242149, -0.190409, -0.206748,  0.042592,  0.134927,  0.125593, -0.000428,  0.00984 , -0.039391, -0.16526 , -0.179163, -0.194566,  0.10619 ]
energy_long: [ 0.083201,  0.090817,  0.091649,  0.111911,  0.11465 , -0.055999,  0.064103, -0.03415 ,  0.109428,  0.095437,  0.093242,  0.093425,  0.086357]