step=736920, graph_id=0, num_atoms=13
scalar_charges: [58811.406 ,  5280.415 ,  5122.3794, 55611.555 , 51947.633 , 51344.188 , 34680.68  , 37712.44  , 42745.29  , 52043.7   ,  5246.8438,  5092.6924, 44985.18  ]
spherical_charges_l0: [[-8.955860e+01],
 [ 1.364314e+00],
 [ 2.786907e+00],
 [ 1.392335e+03],
 [ 8.487045e+02],
 [-2.203041e+04],
 [-2.754810e+02],
 [-1.645693e+04],
 [ 1.215736e+03],
 [ 1.116785e+03],
 [ 2.522094e+01],
 [ 1.741056e+01],
 [-7.614758e+01]]
spherical_charges_l1: [[-2.624615e+01, -4.185555e+01, -1.284820e+02],
 [-2.493378e+01, -7.432647e+00, -1.851709e+01],
 [ 2.704660e+01, -2.008312e+01,  6.489348e-01],
 [-1.205559e+03, -6.437635e+02, -7.851508e+02],
 [-2.221926e+02,  5.729439e+02, -1.356574e+02],
 [ 2.616799e+01, -2.014908e+02, -1.143634e+03],
 [-8.492447e-01, -4.172083e+01, -3.425348e+01],
 [-1.322210e+03, -1.427305e+03, -1.615846e+02],
 [ 1.106628e+02, -5.481014e+02,  1.198249e+02],
 [-2.188920e+02,  1.250703e+02,  2.257178e+02],
 [-2.659991e+01,  8.987461e-01, -2.205914e+00],
 [ 1.194154e+01,  2.285880e+01, -1.153372e+01],
 [-5.597459e+01, -3.638382e+01,  3.591917e+01]]
spherical_charges_l2: [[-3.741170e+02,  1.845267e+02, -2.573181e+02,  6.461820e+02,  1.059953e+02],
 [ 5.219162e+01,  6.349121e+00,  3.931625e+01, -1.118922e+01, -3.019806e+00],
 [ 1.627749e+01, -3.711817e+01, -1.478583e+01, -3.545482e+01, -2.797249e+00],
 [ 9.595775e+02, -1.364218e+03,  2.583934e+03,  5.798817e+02, -6.001465e+02],
 [-1.154619e+02,  1.177000e+03,  1.464614e+03,  8.726434e+02, -3.059365e+02],
 [-4.320934e+02, -1.281869e+04, -2.924167e+04, -2.392248e+04,  1.113389e+04],
 [-3.439619e+02,  1.473660e+02, -8.257268e+01,  2.027976e+02,  1.811765e+02],
 [-9.536333e+03, -1.537568e+04,  1.107394e+04,  8.953531e+03,  2.027836e+04],
 [ 1.013127e+03,  8.224706e+02, -9.928153e+02,  3.428705e+02, -2.342842e+03],
 [ 6.682100e+02,  1.185434e+03, -6.125274e+02, -8.744458e+02, -5.904255e+02],
 [ 9.039183e+01, -1.730818e+01,  1.138943e+01,  9.799956e+00, -3.737259e+01],
 [-3.275858e+01,  5.765546e+01, -2.343979e+01, -2.453968e+01, -7.656559e+00],
 [-2.424714e+02, -3.821673e+02,  3.178374e+02, -3.103607e+02,  2.026437e+02]]
energy_short: [-0.203774, -0.164539, -0.179569,  0.004508,  0.119894,  0.096574,  0.005529, -0.010301, -0.04382 , -0.213809, -0.149934, -0.166631,  0.151783]
energy_long: [ 0.078218,  0.084503,  0.083008,  0.122043,  0.117621, -0.033637,  0.07297 , -0.010982,  0.110277,  0.102573,  0.084608,  0.084422,  0.082705]