step=588735, graph_id=0, num_atoms=13
scalar_charges: [830.8418 , 451.54114, 437.79453, 856.0012 , 725.0226 , 772.55164, 438.6864 , 542.9636 , 583.12616, 826.30853, 450.9441 , 436.4257 , 684.5062 ]
spherical_charges_l0: [[-1.147078e+01],
 [-7.453431e-01],
 [-2.749239e-01],
 [ 1.355847e+02],
 [ 9.171928e+01],
 [-2.708031e+03],
 [-1.955845e+01],
 [-2.117119e+03],
 [ 1.349389e+02],
 [ 1.078048e+02],
 [-3.837600e-01],
 [-3.512527e-01],
 [-1.815891e+01]]
spherical_charges_l1: [[-4.057022e+00,  7.065026e-01, -8.507816e+00],
 [-1.408290e+00,  3.311080e-01, -5.826141e-01],
 [ 9.613528e-01, -6.818932e-01,  5.688608e-02],
 [-1.266056e+02, -1.055711e+02, -1.027913e+02],
 [ 1.773085e+01,  5.226892e+01, -1.586768e+00],
 [-1.670663e+01, -7.160291e+01, -2.408616e+02],
 [-3.168696e+00, -1.020158e+00, -4.387687e+00],
 [-1.188459e+02, -1.078282e+02, -1.639020e+02],
 [ 1.694359e+01, -6.927015e+01,  4.671584e+00],
 [-3.758021e+01,  3.639849e+01,  5.135663e+00],
 [-9.863386e-01,  8.593950e-02, -4.962500e-02],
 [ 1.742393e-01,  6.208985e-01, -2.642246e-01],
 [ 6.928401e-01, -9.475298e+00,  6.887662e+00]]
spherical_charges_l2: [[-4.281718e+01,  3.716681e+01, -2.402936e+01,  6.692612e+01,  2.890273e+01],
 [-7.383829e-01,  3.561998e-01,  7.474117e-01,  4.009286e-01,  3.325095e-01],
 [-1.184001e-01, -1.836154e+00, -9.888588e-01,  2.971435e-01, -9.897777e-01],
 [ 8.957944e+01, -9.567078e+01,  2.172762e+02,  7.334963e+01, -5.565699e+01],
 [ 1.003797e+01,  1.007046e+02,  9.013454e+01,  7.079203e+01, -2.551715e+00],
 [ 4.849789e+00, -1.488862e+03, -2.805756e+03, -2.257397e+03,  9.552632e+02],
 [-2.358267e+01,  6.627880e+00, -1.233069e+00,  1.340418e+01,  1.774008e+01],
 [-8.348907e+02, -1.505226e+03,  1.099071e+03,  7.272460e+02,  2.130365e+03],
 [ 1.039062e+02,  9.361908e+01, -8.743639e+01,  1.815672e+01, -1.846898e+02],
 [ 6.736362e+01,  1.217609e+02, -4.912335e+01, -6.785962e+01, -5.969068e+01],
 [ 9.586304e-01, -1.445789e+00,  6.965553e-01, -9.459465e-02, -5.564798e-01],
 [-1.207156e+00, -1.256793e-01,  4.810041e-02, -6.881298e-01,  4.313736e-02],
 [-3.118466e+01, -3.469451e+01,  2.542402e+01, -7.712293e+00,  3.444253e+01]]
energy_short: [-0.141126, -0.142449, -0.158495,  0.067243,  0.164609,  0.13046 ,  0.039061,  0.016489, -0.002974, -0.147377, -0.130341, -0.146218,  0.211019]
energy_long: [ 0.028126,  0.041114,  0.036337,  0.071069,  0.059608, -0.057236,  0.020297, -0.036174,  0.057738,  0.048193,  0.042273,  0.042025,  0.033883]