step=772965, graph_id=0, num_atoms=13
scalar_charges: [ 83255.39  ,   7067.7817,   6735.5767,  97839.76  , 101161.914 , 100587.42  ,  60304.27  ,  74979.39  ,  86059.266 ,  93469.5   ,   6996.262 ,   6782.8677,  64298.4   ]
spherical_charges_l0: [[  -125.749016],
 [  -135.68625 ],
 [   -91.87636 ],
 [  1416.3583  ],
 [  1384.3901  ],
 [-27016.193   ],
 [  -167.6993  ],
 [-19951.527   ],
 [  1789.8479  ],
 [   958.4549  ],
 [   -88.753555],
 [   -86.644035],
 [  -119.56662 ]]
spherical_charges_l1: [[ 1.262234e+01, -2.820801e+02, -2.666981e+02],
 [-2.954590e+01, -4.416365e+00, -2.810414e+01],
 [ 3.536261e+01, -2.620585e+01,  1.695335e+00],
 [-1.186666e+03, -3.702523e+02, -9.612826e+02],
 [-2.746398e+02,  7.167823e+02, -6.444070e+01],
 [-2.671049e+02, -1.184581e+03, -2.090704e+03],
 [-5.989141e-01, -3.649389e+01, -7.687202e+01],
 [-1.093286e+03, -1.710603e+03, -7.631332e+02],
 [ 1.431446e+02, -7.894460e+02,  3.090300e+01],
 [-1.255506e+01, -7.904185e+01,  3.662920e+02],
 [-1.697265e+01, -3.827471e-01, -1.622645e+00],
 [ 4.173497e-01,  1.268390e+01, -5.170325e+00],
 [-9.644635e+01,  7.865941e+01, -7.286723e+01]]
spherical_charges_l2: [[-6.906146e+02,  6.150971e+02, -5.110412e+02,  9.127876e+02,  3.449047e+02],
 [-1.675531e+02,  3.592751e+01, -1.316457e+02,  9.580425e+00,  6.680625e+01],
 [-5.431631e+01,  1.108045e+02, -4.950764e+01,  3.431830e+01,  6.577435e+01],
 [ 1.160053e+03, -1.685655e+03,  2.581647e+03,  1.970142e+02, -2.048557e+02],
 [-2.496593e+02,  2.299610e+03,  2.349666e+03,  1.309153e+03, -3.857413e+02],
 [-7.334334e+02, -1.485571e+04, -3.705225e+04, -2.806506e+04,  1.242214e+04],
 [-1.983849e+02,  8.030716e+01, -6.922606e+01,  1.727722e+02,  1.889631e+02],
 [-1.128083e+04, -1.953968e+04,  1.387118e+04,  9.416338e+03,  2.470538e+04],
 [ 1.692390e+03,  1.337599e+03, -1.341755e+03,  1.356622e+02, -3.147166e+03],
 [ 7.879194e+02,  1.636217e+03, -7.662457e+02, -6.954262e+02, -2.391121e+02],
 [-9.599732e+01, -1.418236e+02,  6.218235e+01, -1.323418e+01,  5.232007e+01],
 [-3.452019e+01, -1.476017e+02,  6.998166e+01,  4.194427e+01,  6.357654e+01],
 [-4.179463e+02, -6.857425e+02,  4.671996e+02, -1.507274e+02,  5.747211e+02]]
energy_short: [-0.28442 , -0.131334, -0.143957,  0.054878,  0.140423,  0.119561,  0.03415 ,  0.006203, -0.034194, -0.151933, -0.119716, -0.133267,  0.067756]
energy_long: [ 0.066585,  0.072065,  0.072311,  0.092723,  0.102717, -0.049944,  0.058376, -0.015271,  0.097054,  0.077389,  0.073594,  0.073263,  0.066875]