step=296370, graph_id=0, num_atoms=13
scalar_charges: [-2.127757, 19.274212, 19.322216, -2.051328, -2.088521, -2.113503, -2.267648, -2.208003, -2.134974, -2.137158, 19.28155 , 19.340939, -2.143422]
spherical_charges_l0: [[ -2.34664 ],
 [  0.127014],
 [  0.126971],
 [  1.710725],
 [  2.201409],
 [-68.71668 ],
 [ -0.206975],
 [-58.488964],
 [  4.813652],
 [  1.692137],
 [  0.072205],
 [  0.070299],
 [ -2.367784]]
spherical_charges_l1: [[ 3.122870e-02,  3.243137e-01, -2.591262e-01],
 [-1.140392e-01,  1.475730e-02, -2.629436e-02],
 [ 7.711606e-02, -5.495199e-02,  3.070014e-02],
 [-7.765509e+00, -1.000189e+01, -6.821103e+00],
 [ 3.520624e-02, -4.795181e-01, -1.521508e+00],
 [ 1.243563e+00, -2.895376e+00, -7.486550e+00],
 [-2.462256e-01,  9.291224e-03, -2.719695e-01],
 [-2.033111e+00, -1.095298e+00, -9.330926e+00],
 [ 1.757065e-01, -2.734864e+00, -4.558180e-01],
 [-4.648853e+00,  3.293955e+00,  2.683530e-01],
 [-8.104988e-02, -7.458984e-03,  2.543194e-03],
 [ 4.566887e-02,  6.874372e-02, -2.932604e-02],
 [ 2.437205e-01, -2.685896e-01, -3.790275e-01]]
spherical_charges_l2: [[-4.977066e+00,  4.100458e+00, -3.758466e+00,  2.818000e+00,  2.714687e+00],
 [ 4.526705e-01,  1.565399e-01,  6.206269e-01,  9.865937e-02, -6.132584e-02],
 [ 1.288986e-02, -5.541811e-01, -1.924524e-02,  3.530175e-02, -3.356859e-01],
 [ 2.295866e+00, -1.706279e+00,  4.889191e-01,  2.468328e+00, -1.227161e+00],
 [ 3.414548e+00,  2.747334e+00,  4.548577e+00,  2.243076e+00, -1.027689e+00],
 [ 5.012897e+00, -5.299261e+01, -7.952339e+01, -7.070501e+01,  2.937112e+01],
 [-1.513772e-01, -9.130958e-02,  2.770875e-01,  4.473125e-01,  3.178094e-01],
 [-3.129626e+01, -5.234867e+01,  3.734772e+01,  1.991459e+01,  6.605283e+01],
 [ 4.959083e+00,  4.793514e+00, -1.996017e+00, -4.686240e-01, -6.688494e+00],
 [ 6.999936e-01,  2.991133e+00, -1.024169e+00, -6.547200e-01, -1.197304e-01],
 [ 3.344685e-01,  1.826808e-02,  1.345781e-02,  3.457013e-03, -1.966661e-01],
 [-1.632893e-01,  2.248817e-01, -1.112601e-01, -2.067498e-01, -1.063921e-01],
 [-2.958051e+00, -4.625592e+00,  2.481868e+00,  3.780398e-01,  3.051163e+00]]
energy_short: [ 0.047219, -0.210523, -0.229986,  0.192094,  0.166565,  0.177331,  0.08437 ,  0.062034, -0.00795 , -0.024949, -0.186334, -0.212872,  0.383594]
energy_long: [-0.002255, -0.006429, -0.012932,  0.032276,  0.049176, -0.044128, -0.032526, -0.034969,  0.039616,  0.013171, -0.000334, -0.001486,  0.006017]