step=1077345, graph_id=0, num_atoms=13
scalar_charges: [5.735879e+08, 1.979354e+05, 1.731308e+05, 7.356170e+08, 7.539958e+08, 6.416701e+08, 4.035607e+08, 5.005023e+08, 5.949878e+08, 6.593735e+08, 2.119998e+05, 1.793814e+05, 5.067196e+08]
spherical_charges_l0: [[ 7.991653e+04],
 [-1.063492e+04],
 [-1.855364e+04],
 [ 1.987282e+06],
 [ 2.596666e+06],
 [-6.116832e+07],
 [-6.865537e+05],
 [-4.656104e+07],
 [ 3.098020e+06],
 [ 1.543561e+06],
 [-3.432088e+04],
 [-3.324554e+04],
 [ 2.459840e+04]]
spherical_charges_l1: [[-6.261174e+04, -8.960230e+04, -1.414377e+05],
 [-3.271411e+04, -6.360906e+03, -2.256871e+04],
 [ 2.622988e+04, -2.486126e+04,  8.316153e+02],
 [-1.222208e+06, -5.670995e+05, -1.160950e+06],
 [-8.631669e+05,  7.635691e+05, -4.607270e+05],
 [ 1.119127e+05, -6.303612e+05, -1.145906e+06],
 [ 4.933906e+04, -1.088102e+05, -2.719624e+03],
 [-1.604178e+06, -1.869424e+06,  1.929559e+05],
 [ 1.204965e+05, -1.031539e+06,  1.897240e+05],
 [-3.933598e+04, -3.090329e+05,  5.757402e+05],
 [-1.885936e+04,  2.701266e+03, -3.066334e+03],
 [ 6.549704e+03,  1.716814e+04, -8.522760e+03],
 [-8.075685e+04,  2.362739e+03, -3.419709e+04]]
spherical_charges_l2: [[-1.810444e+05,  3.483401e+05, -3.054165e+05,  6.633175e+05,  2.887164e+05],
 [-5.391826e+03, -3.099476e+04, -9.691511e+03, -2.051557e+04,  4.291855e+03],
 [ 3.034619e+04,  1.036599e+04,  1.096204e+04,  1.378731e+04, -1.154049e+04],
 [ 7.512999e+05, -2.516755e+06,  3.489818e+06, -1.925094e+05, -5.376718e+05],
 [-5.275796e+05,  3.257643e+06,  4.513750e+06,  3.019316e+06, -1.507257e+06],
 [-1.518632e+06, -2.452979e+07, -6.445714e+07, -4.817793e+07,  2.413412e+07],
 [-7.301959e+05,  1.091599e+05, -1.772390e+05,  5.174783e+05,  3.437626e+05],
 [-2.062583e+07, -3.262934e+07,  2.656466e+07,  1.806215e+07,  4.594131e+07],
 [ 2.030693e+06,  2.316542e+06, -2.108913e+06,  2.877907e+04, -5.155651e+06],
 [ 9.031319e+05,  1.516817e+06, -8.642379e+05, -1.055077e+06, -4.950397e+05],
 [-4.038078e+04, -3.162577e+04,  1.120279e+04,  8.551404e+02,  2.827574e+04],
 [ 5.428103e+03, -2.860038e+04,  1.596372e+04,  2.016112e+04,  1.425831e+04],
 [-2.305256e+04, -2.642714e+05,  3.350007e+05, -2.971310e+05,  1.714925e+05]]
energy_short: [-0.17667 , -0.208655, -0.225025,  0.020455,  0.120483,  0.126357,  0.023612, -0.006351, -0.048099, -0.168485, -0.195142, -0.211719,  0.160318]
energy_long: [ 0.086283,  0.096916,  0.096228,  0.118293,  0.126461, -0.054485,  0.063362, -0.019722,  0.117641,  0.106961,  0.098723,  0.098613,  0.09146 ]