step=248310, graph_id=0, num_atoms=13
scalar_charges: [-1.390358,  4.771645,  4.810678, -1.435967, -1.391347, -1.397649, -1.356248, -1.389005, -1.386179, -1.395509,  4.768904,  4.828197, -1.408283]
spherical_charges_l0: [[-1.443743e+00],
 [ 1.417627e-01],
 [ 9.975296e-02],
 [ 5.551089e-01],
 [ 1.370576e+00],
 [-5.914114e+01],
 [-1.702276e-01],
 [-5.728368e+01],
 [ 3.008873e+00],
 [ 7.316298e-01],
 [ 4.137467e-02],
 [ 3.922286e-02],
 [-1.411316e+00]]
spherical_charges_l1: [[-5.444650e-02, -1.569157e-01, -4.248208e-01],
 [-1.043796e-01,  5.393079e-02, -1.855111e-02],
 [ 5.321192e-02, -5.854695e-03,  3.271516e-02],
 [-5.017650e+00, -5.555620e+00, -4.291211e+00],
 [ 4.062651e-01, -1.232306e+00, -1.071874e+00],
 [ 3.506959e+00, -5.622213e+00, -5.845056e+00],
 [-1.809612e-01,  2.679953e-02, -4.246198e-01],
 [-1.651550e+00,  3.213718e+00, -1.092061e+01],
 [-9.656817e-02, -1.108739e+00, -4.761648e-01],
 [-2.551225e+00,  1.445939e+00,  1.943258e-02],
 [-7.843823e-02, -1.732357e-02,  6.803272e-03],
 [ 5.213588e-02,  5.936742e-02, -2.535650e-02],
 [-8.950894e-02,  1.060555e-01, -5.011679e-01]]
spherical_charges_l2: [[-2.707475e+00,  2.572197e+00, -2.338798e+00,  1.240404e+00,  1.622003e+00],
 [ 5.574231e-01,  1.882757e-01,  7.075161e-01,  1.413799e-01, -1.072692e-01],
 [ 6.723726e-03, -5.862237e-01,  1.551897e-02,  1.675526e-02, -3.523086e-01],
 [ 1.287176e+00, -4.848315e-01, -1.087469e-01,  1.463895e+00, -7.295464e-02],
 [ 2.248493e+00,  1.256613e+00,  3.275842e+00,  1.492996e+00, -8.302451e-01],
 [ 4.089725e+00, -4.298001e+01, -6.615047e+01, -5.761756e+01,  2.916844e+01],
 [ 1.689794e-02,  7.991424e-01,  1.870885e-01,  4.598351e-01,  6.905706e-01],
 [-2.535131e+01, -4.313444e+01,  3.419972e+01,  1.859500e+01,  6.464382e+01],
 [ 3.228768e+00,  3.291562e+00, -1.470562e+00, -3.328921e-01, -4.112125e+00],
 [ 3.954514e-01,  1.337469e+00, -4.172052e-01, -9.737939e-02,  1.010302e-01],
 [ 3.290986e-01,  3.065319e-03,  2.148418e-02,  1.164625e-02, -1.854204e-01],
 [-1.844689e-01,  2.274936e-01, -1.148755e-01, -2.057564e-01, -9.042461e-02],
 [-1.595648e+00, -2.499684e+00,  1.301753e+00,  6.417871e-01,  1.814646e+00]]
energy_short: [-0.104309, -0.182208, -0.199636,  0.157599,  0.088303,  0.109117,  0.021058, -0.006028, -0.086033, -0.064314, -0.159078, -0.183419,  0.237703]
energy_long: [ 0.03922 ,  0.041853,  0.033256,  0.073921,  0.080436, -0.019241,  0.000106, -0.013269,  0.079978,  0.057931,  0.044258,  0.043241,  0.049142]