step=448560, graph_id=0, num_atoms=13
scalar_charges: [ 1.389574, 91.12528 , 88.1436  ,  1.452139,  1.339198,  1.254639,  0.201341,  0.653967,  0.976297,  1.470699, 91.89452 , 88.63166 ,  0.660948]
spherical_charges_l0: [[-5.455418e+00],
 [-4.011626e-01],
 [-1.947731e-01],
 [ 8.615610e+00],
 [ 9.706162e+00],
 [-4.226509e+02],
 [-3.866008e+00],
 [-3.636873e+02],
 [ 2.122825e+01],
 [ 8.585479e+00],
 [-9.347784e-02],
 [-1.430760e-01],
 [-5.817482e+00]]
spherical_charges_l1: [[-2.271170e-01, -1.818047e+00, -3.302116e+00],
 [-3.024423e-01,  2.113419e-01,  6.317288e-04],
 [ 1.929417e-01, -9.079826e-02,  9.411469e-02],
 [-2.196581e+01, -1.850753e+01, -2.033726e+01],
 [ 5.584873e-01,  1.214198e+01, -8.451599e-01],
 [ 4.901094e+00, -7.511151e+00, -3.272006e+01],
 [-6.977382e-01,  4.643422e-01, -3.484440e-01],
 [-2.684468e+01, -2.946518e+01, -3.366975e+01],
 [ 5.480741e+00, -1.581167e+01,  1.584943e+00],
 [-6.954797e+00,  3.905965e+00,  3.476346e+00],
 [-5.468358e-02, -3.167531e-02,  2.234140e-02],
 [ 8.852684e-02,  1.611313e-02,  6.992183e-03],
 [-2.094340e+00,  1.387727e+00, -2.757948e+00]]
spherical_charges_l2: [[-1.251538e+01,  1.228565e+01, -9.930589e+00,  9.768968e+00,  1.006730e+01],
 [ 1.314628e-01,  8.071619e-02,  1.355188e-01, -3.590065e-02,  6.137174e-02],
 [ 6.807175e-02, -1.000226e+00, -2.441006e-01, -6.173423e-02, -5.151227e-01],
 [ 7.361086e+00, -1.007820e+01,  1.623160e+01,  8.356045e+00, -6.268750e+00],
 [ 7.030493e+00,  1.766384e+01,  1.348563e+01,  1.175190e+01, -2.478984e+00],
 [ 1.365253e+01, -2.448717e+02, -4.449890e+02, -3.761941e+02,  1.654016e+02],
 [-2.890754e+00,  2.867678e+00, -1.911597e+00,  2.050218e+00,  2.471818e+00],
 [-1.859298e+02, -2.478307e+02,  1.929009e+02,  1.350767e+02,  3.719242e+02],
 [ 1.852944e+01,  1.345714e+01, -9.651044e+00,  9.580468e-01, -3.291021e+01],
 [ 5.193749e+00,  1.225709e+01, -4.123852e+00, -8.293149e+00, -4.853204e+00],
 [ 4.188354e-01, -6.959314e-02,  4.519759e-02,  1.424754e-01, -1.293202e-01],
 [-2.750520e-01,  1.933358e-01, -1.119191e-01, -1.277771e-01,  9.596786e-03],
 [-9.783861e+00, -1.306947e+01,  7.323155e+00,  2.311856e+00,  1.232580e+01]]
energy_short: [-0.081679, -0.130922, -0.147397,  0.091601,  0.141864,  0.131019,  0.051413,  0.019067, -0.023786, -0.134583, -0.115908, -0.135444,  0.287827]
energy_long: [ 0.013341,  0.021551,  0.015867,  0.052245,  0.049027, -0.053143, -0.00337 , -0.043479,  0.047243,  0.029932,  0.023859,  0.022926,  0.017573]