step=1684020, graph_id=0, num_atoms=13
scalar_charges: [0., 0., 0., 0., 0., 0., 0., 0., 0., 0., 0., 0., 0.]
spherical_charges_l0: [[0.],
 [0.],
 [0.],
 [0.],
 [0.],
 [0.],
 [0.],
 [0.],
 [0.],
 [0.],
 [0.],
 [0.],
 [0.]]
spherical_charges_l1: [[0., 0., 0.],
 [0., 0., 0.],
 [0., 0., 0.],
 [0., 0., 0.],
 [0., 0., 0.],
 [0., 0., 0.],
 [0., 0., 0.],
 [0., 0., 0.],
 [0., 0., 0.],
 [0., 0., 0.],
 [0., 0., 0.],
 [0., 0., 0.],
 [0., 0., 0.]]
spherical_charges_l2: [[0., 0., 0., 0., 0.],
 [0., 0., 0., 0., 0.],
 [0., 0., 0., 0., 0.],
 [0., 0., 0., 0., 0.],
 [0., 0., 0., 0., 0.],
 [0., 0., 0., 0., 0.],
 [0., 0., 0., 0., 0.],
 [0., 0., 0., 0., 0.],
 [0., 0., 0., 0., 0.],
 [0., 0., 0., 0., 0.],
 [0., 0., 0., 0., 0.],
 [0., 0., 0., 0., 0.],
 [0., 0., 0., 0., 0.]]
energy_short: [-0.293597, -0.116958, -0.124216,  0.160636,  0.205253,  0.225214,  0.149617,  0.109274,  0.058799, -0.031233, -0.10777 , -0.116029,  0.035434]
energy_long: [0., 0., 0., 0., 0., 0., 0., 0., 0., 0., 0., 0., 0.]