step=1964023, graph_id=0, num_atoms=13
scalar_charges: [0., 0., 0., 0., 0., 0., 0., 0., 0., 0., 0., 0., 0.]
spherical_charges_l0: [[0.],
 [0.],
 [0.],
 [0.],
 [0.],
 [0.],
 [0.],
 [0.],
 [0.],
 [0.],
 [0.],
 [0.],
 [0.]]
spherical_charges_l1: [[0., 0., 0.],
 [0., 0., 0.],
 [0., 0., 0.],
 [0., 0., 0.],
 [0., 0., 0.],
 [0., 0., 0.],
 [0., 0., 0.],
 [0., 0., 0.],
 [0., 0., 0.],
 [0., 0., 0.],
 [0., 0., 0.],
 [0., 0., 0.],
 [0., 0., 0.]]
spherical_charges_l2: [[0., 0., 0., 0., 0.],
 [0., 0., 0., 0., 0.],
 [0., 0., 0., 0., 0.],
 [0., 0., 0., 0., 0.],
 [0., 0., 0., 0., 0.],
 [0., 0., 0., 0., 0.],
 [0., 0., 0., 0., 0.],
 [0., 0., 0., 0., 0.],
 [0., 0., 0., 0., 0.],
 [0., 0., 0., 0., 0.],
 [0., 0., 0., 0., 0.],
 [0., 0., 0., 0., 0.],
 [0., 0., 0., 0., 0.]]
energy_short: [-0.286212, -0.121047, -0.128406,  0.138909,  0.226051,  0.236516,  0.15706 ,  0.122012,  0.069613, -0.030553, -0.111711, -0.119381,  0.020933]
energy_long: [0., 0., 0., 0., 0., 0., 0., 0., 0., 0., 0., 0., 0.]