step=3596038, graph_id=0, num_atoms=13
scalar_charges: [0., 0., 0., 0., 0., 0., 0., 0., 0., 0., 0., 0., 0.]
spherical_charges_l0: [[0.],
 [0.],
 [0.],
 [0.],
 [0.],
 [0.],
 [0.],
 [0.],
 [0.],
 [0.],
 [0.],
 [0.],
 [0.]]
spherical_charges_l1: [[0., 0., 0.],
 [0., 0., 0.],
 [0., 0., 0.],
 [0., 0., 0.],
 [0., 0., 0.],
 [0., 0., 0.],
 [0., 0., 0.],
 [0., 0., 0.],
 [0., 0., 0.],
 [0., 0., 0.],
 [0., 0., 0.],
 [0., 0., 0.],
 [0., 0., 0.]]
spherical_charges_l2: [[0., 0., 0., 0., 0.],
 [0., 0., 0., 0., 0.],
 [0., 0., 0., 0., 0.],
 [0., 0., 0., 0., 0.],
 [0., 0., 0., 0., 0.],
 [0., 0., 0., 0., 0.],
 [0., 0., 0., 0., 0.],
 [0., 0., 0., 0., 0.],
 [0., 0., 0., 0., 0.],
 [0., 0., 0., 0., 0.],
 [0., 0., 0., 0., 0.],
 [0., 0., 0., 0., 0.],
 [0., 0., 0., 0., 0.]]
energy_short: [-0.203031, -0.230854, -0.236271,  0.177628,  0.29428 ,  0.293308,  0.18306 ,  0.170618,  0.140754,  0.030853, -0.224299, -0.229049,  0.090382]
energy_long: [0., 0., 0., 0., 0., 0., 0., 0., 0., 0., 0., 0., 0.]