step=676845, graph_id=0, num_atoms=13
scalar_charges: [-1.013065,  3.194517,  3.177184, -1.094092, -1.088592, -1.089187, -1.083922, -1.083627, -1.082415, -1.075895,  3.189628,  3.187009, -1.074814]
spherical_charges_l0: [[-2.315466],
 [-0.01091 ],
 [-0.010551],
 [-0.04488 ],
 [-0.009034],
 [-0.068758],
 [-0.095101],
 [-0.086298],
 [-0.060128],
 [-0.054763],
 [-0.017958],
 [-0.012643],
 [-2.40272 ]]
spherical_charges_l1: [[-1.993482e-03,  4.718064e+00,  2.929779e+00],
 [ 1.687654e-02,  2.209838e-02,  1.558218e-02],
 [-1.456911e-02,  3.700043e-02,  6.544546e-03],
 [-2.074733e-01,  8.060884e-01,  1.751493e-01],
 [ 1.764950e-03, -2.097770e-03, -4.173465e-02],
 [ 8.035356e-03,  3.007291e-02,  1.899578e-02],
 [ 1.258617e-02, -1.468058e-02,  1.809472e-02],
 [-2.749521e-02,  2.791579e-02,  3.069184e-02],
 [ 6.006703e-03,  4.340662e-03,  3.334178e-02],
 [ 2.704076e-01, -6.891221e-01,  2.713032e-01],
 [ 3.171352e-02, -2.079223e-02,  1.123702e-02],
 [ 1.778172e-03, -3.424105e-02,  1.682144e-02],
 [ 2.820040e+00, -3.851485e+00,  3.021946e+00]]
spherical_charges_l2: [[ 2.776569e+00, -2.079695e+00,  3.779409e+00,  1.403696e+00, -2.497940e+00],
 [-4.696444e-02,  4.104127e-02, -3.496011e-02,  1.682104e-02,  3.172117e-02],
 [-6.516415e-02,  3.411875e-02, -3.910451e-02,  2.406957e-02,  2.872441e-02],
 [-1.555630e-02,  1.443999e-01,  7.341592e-02, -2.465801e-02,  8.744131e-02],
 [ 2.381548e-01,  1.727600e-01, -9.332025e-02, -1.511224e-01,  8.402276e-02],
 [ 2.330206e-01,  1.900141e-01, -1.328095e-01, -6.603827e-02,  8.441004e-02],
 [ 1.629428e-01,  1.126876e-01,  3.457095e-03,  6.077588e-02,  1.540061e-01],
 [ 1.787429e-01,  2.249423e-01, -7.795651e-02,  7.993782e-02,  2.379104e-02],
 [ 1.843542e-01,  2.155063e-01, -5.063394e-02,  8.021636e-02,  3.261701e-02],
 [ 5.663875e-02, -1.961551e-02,  3.055142e-02,  9.932847e-02, -1.040405e-02],
 [-3.610894e-02, -7.707633e-02,  3.452670e-02,  8.876781e-03,  3.258270e-02],
 [-4.064506e-02, -7.062250e-02,  3.131544e-02,  6.613284e-03,  3.278669e-02],
 [ 2.510644e+00,  3.023360e+00, -8.387397e-01, -2.845568e+00, -3.353151e+00]]
energy_short: [-0.874072,  0.411901,  0.404563, -0.30323 , -0.184077, -0.223409, -0.435902, -0.414124, -0.42345 , -0.528359,  0.419199,  0.413907, -0.557949]
energy_long: [-0.010018,  0.114263,  0.11275 ,  0.353387,  0.141122,  0.182837,  0.173113,  0.278475,  0.261663,  0.34215 ,  0.112656,  0.113211,  0.13347 ]