step=492615, graph_id=0, num_atoms=13
scalar_charges: [-1.320125,  4.27101 ,  4.256693, -1.418465, -1.420812, -1.420472, -1.403051, -1.405674, -1.40403 , -1.390696,  4.281441,  4.271425, -1.394998]
spherical_charges_l0: [[-3.083814],
 [-0.008313],
 [-0.009482],
 [-0.075739],
 [-0.019125],
 [-0.09582 ],
 [-0.111265],
 [-0.115597],
 [-0.086686],
 [-0.098549],
 [-0.025393],
 [-0.015228],
 [-3.131908]]
spherical_charges_l1: [[ 3.815256e-02,  6.351697e+00,  3.803311e+00],
 [ 2.741767e-02,  2.528839e-02,  2.395591e-02],
 [-2.109901e-02,  4.673693e-02,  9.143689e-03],
 [-2.297545e-01,  9.205455e-01,  2.035013e-01],
 [-1.824315e-03, -3.112110e-02, -5.577764e-02],
 [-8.754415e-03,  5.500357e-02,  1.315263e-02],
 [ 1.230778e-02, -1.745269e-02,  8.707806e-03],
 [-2.470689e-02,  2.410960e-02,  3.366135e-02],
 [ 3.115584e-03,  8.846206e-03,  2.816140e-02],
 [ 3.050460e-01, -7.663078e-01,  2.915899e-01],
 [ 3.665429e-02, -2.295725e-02,  1.247256e-02],
 [-6.102819e-04, -3.978274e-02,  1.946747e-02],
 [ 3.680820e+00, -5.086066e+00,  3.843490e+00]]
spherical_charges_l2: [[ 3.577546e+00, -2.698652e+00,  4.736729e+00,  1.607382e+00, -3.101056e+00],
 [-7.464773e-02,  5.844817e-02, -5.031664e-02,  3.167403e-02,  3.932200e-02],
 [-9.708799e-02,  5.615727e-02, -5.198403e-02,  3.886708e-02,  4.069473e-02],
 [-2.555847e-02,  1.711771e-01,  1.177416e-01, -1.888834e-02,  1.060713e-01],
 [ 2.940584e-01,  2.184935e-01, -1.316077e-01, -1.845549e-01,  1.082023e-01],
 [ 2.969556e-01,  2.523776e-01, -1.779779e-01, -1.004820e-01,  1.026879e-01],
 [ 1.886230e-01,  1.360386e-01,  4.131685e-03,  7.112512e-02,  1.855604e-01],
 [ 2.200709e-01,  2.845656e-01, -9.685328e-02,  9.866134e-02,  1.940691e-02],
 [ 2.311066e-01,  2.781079e-01, -6.560398e-02,  9.021539e-02,  3.054137e-02],
 [ 7.664375e-02, -2.208848e-02,  4.528227e-02,  9.095867e-02, -4.101170e-02],
 [-6.280901e-02, -1.066699e-01,  4.736228e-02,  5.516603e-03,  4.643751e-02],
 [-5.069936e-02, -1.074959e-01,  4.843656e-02,  9.809830e-03,  4.321894e-02],
 [ 3.124121e+00,  3.811178e+00, -1.096067e+00, -3.411978e+00, -4.124074e+00]]
energy_short: [-0.799307,  0.369871,  0.361695, -0.280332, -0.177615, -0.211287, -0.42494 , -0.40176 , -0.412692, -0.500933,  0.379975,  0.371876, -0.478071]
energy_long: [0.008318, 0.12052 , 0.120703, 0.352098, 0.151773, 0.194016, 0.191769, 0.26346 , 0.265077, 0.342116, 0.120598, 0.121174, 0.135006]