step=2382975, graph_id=0, num_atoms=13
scalar_charges: [-0.494065,  1.274748,  1.27967 , -0.493924, -0.495209, -0.494963, -0.493976, -0.494116, -0.494099, -0.493241,  1.281138,  1.279769, -0.493344]
spherical_charges_l0: [[-5.273840e-01],
 [-1.012856e-03],
 [-4.277014e-04],
 [-1.350740e-02],
 [-8.883670e-03],
 [-1.625437e-02],
 [-2.721166e-02],
 [-2.140412e-02],
 [-1.684747e-02],
 [-1.890357e-02],
 [-2.327185e-03],
 [-1.596783e-03],
 [-5.367114e-01]]
spherical_charges_l1: [[ 2.333562e-03,  1.106596e+00,  6.786581e-01],
 [ 1.562970e-03,  5.357722e-03,  2.875458e-03],
 [-1.657870e-03,  6.616212e-03,  1.748294e-03],
 [-4.290827e-02,  1.696258e-01,  3.443955e-02],
 [ 6.170774e-03, -1.462001e-04, -2.631266e-03],
 [ 8.836674e-03,  1.106435e-02,  9.623152e-03],
 [ 2.732660e-03, -2.751077e-03,  6.579704e-03],
 [-9.855810e-03,  3.907762e-03,  1.557582e-02],
 [ 3.602131e-03,  5.286024e-03,  1.549660e-02],
 [ 5.784130e-02, -1.459929e-01,  5.605764e-02],
 [ 5.144988e-03, -4.826709e-03,  2.535443e-03],
 [ 2.223214e-03, -6.201126e-03,  3.110781e-03],
 [ 6.527481e-01, -8.871580e-01,  6.984129e-01]]
spherical_charges_l2: [[ 7.818213e-01, -5.954121e-01,  1.013001e+00,  3.429835e-01, -6.795402e-01],
 [-1.176237e-02,  8.544168e-03, -9.858519e-03,  3.059332e-03,  7.761435e-03],
 [-1.153849e-02,  8.835821e-03, -8.029724e-03,  3.611977e-03,  7.806612e-03],
 [-4.566459e-03,  4.241481e-02,  1.991151e-02, -9.626099e-04,  3.082510e-02],
 [ 5.955522e-02,  4.243200e-02, -3.348758e-02, -4.439544e-02,  1.707876e-02],
 [ 5.656647e-02,  4.684587e-02, -3.703302e-02, -1.590172e-02,  2.096844e-02],
 [ 4.012558e-02,  2.305467e-02,  2.471617e-03,  1.597040e-02,  3.838496e-02],
 [ 4.313555e-02,  5.650863e-02, -1.818595e-02,  2.004430e-02,  2.767404e-03],
 [ 4.702409e-02,  5.477399e-02, -1.494918e-02,  1.664240e-02,  3.620063e-03],
 [ 9.043412e-03, -1.419698e-02,  1.727646e-02,  2.807789e-02,  8.657639e-03],
 [-9.958113e-03, -1.664286e-02,  7.279809e-03,  2.408582e-03,  8.722706e-03],
 [-7.846151e-03, -1.653329e-02,  7.339220e-03,  3.057368e-03,  8.068541e-03],
 [ 6.813948e-01,  8.386561e-01, -2.360952e-01, -7.599870e-01, -8.976221e-01]]
energy_short: [-1.133863,  0.801522,  0.799144, -0.65376 , -0.391425, -0.433542, -0.652505, -0.622255, -0.62607 , -0.815893,  0.809625,  0.807416, -0.863005]
energy_long: [0.072867, 0.189653, 0.18746 , 0.379369, 0.213945, 0.236191, 0.225022, 0.334305, 0.329726, 0.367182, 0.189017, 0.190885, 0.200596]