step=2983725, graph_id=0, num_atoms=13
scalar_charges: [-0.477702,  1.182155,  1.183809, -0.476749, -0.477003, -0.476942, -0.476681, -0.476749, -0.47677 , -0.476646,  1.187793,  1.185729, -0.476199]
spherical_charges_l0: [[-0.454262],
 [-0.001177],
 [-0.000611],
 [-0.013769],
 [-0.00823 ],
 [-0.014479],
 [-0.02376 ],
 [-0.0189  ],
 [-0.014946],
 [-0.019858],
 [-0.002529],
 [-0.001773],
 [-0.465308]]
spherical_charges_l1: [[-5.800497e-04,  9.562584e-01,  5.878837e-01],
 [-3.347035e-04,  5.466231e-03,  1.928239e-03],
 [-4.822091e-04,  5.628889e-03,  1.825503e-03],
 [-3.695206e-02,  1.469553e-01,  2.855494e-02],
 [ 5.981048e-03, -3.385505e-04, -3.831237e-04],
 [ 8.105752e-03,  1.001916e-02,  8.772558e-03],
 [ 2.300627e-03, -2.531318e-03,  5.422652e-03],
 [-8.683519e-03,  3.682992e-03,  1.365993e-02],
 [ 3.237939e-03,  4.763615e-03,  1.378625e-02],
 [ 5.008392e-02, -1.276723e-01,  4.807365e-02],
 [ 3.436879e-03, -5.329420e-03,  2.723358e-03],
 [ 3.307324e-03, -5.006365e-03,  2.560794e-03],
 [ 5.665205e-01, -7.708868e-01,  6.102907e-01]]
spherical_charges_l2: [[ 0.687047, -0.524179,  0.891428,  0.301819, -0.600549],
 [-0.010715,  0.007986, -0.008822,  0.002762,  0.006994],
 [-0.011693,  0.00807 , -0.007886,  0.003815,  0.006943],
 [-0.002887,  0.038397,  0.017877,  0.001423,  0.026877],
 [ 0.051559,  0.037376, -0.030883, -0.038012,  0.014497],
 [ 0.051048,  0.04232 , -0.033615, -0.016321,  0.017895],
 [ 0.036488,  0.021222,  0.001743,  0.014124,  0.03457 ],
 [ 0.03804 ,  0.050974, -0.01659 ,  0.018133,  0.001933],
 [ 0.041371,  0.049026, -0.01305 ,  0.014208,  0.003098],
 [ 0.010663, -0.011236,  0.015184,  0.02336 ,  0.006331],
 [-0.008946, -0.016674,  0.007371,  0.002313,  0.008054],
 [-0.008238, -0.015866,  0.007038,  0.002299,  0.007584],
 [ 0.601171,  0.739729, -0.207883, -0.671133, -0.792826]]
energy_short: [-1.209082,  0.876593,  0.87345 , -0.667098, -0.405818, -0.449124, -0.666273, -0.63685 , -0.64038 , -0.830826,  0.883761,  0.881481, -0.934874]
energy_long: [0.07447 , 0.196588, 0.194889, 0.388028, 0.220158, 0.237932, 0.232668, 0.336613, 0.328198, 0.375732, 0.196188, 0.198504, 0.206017]