step=1978470, graph_id=0, num_atoms=13
scalar_charges: [-0.527104,  1.401855,  1.408145, -0.529088, -0.53583 , -0.534402, -0.528383, -0.529014, -0.52892 , -0.526142,  1.406839,  1.407058, -0.525755]
spherical_charges_l0: [[-0.645968],
 [-0.001952],
 [-0.001186],
 [-0.02288 ],
 [-0.011588],
 [-0.020987],
 [-0.034223],
 [-0.027252],
 [-0.021129],
 [-0.028439],
 [-0.003372],
 [-0.002468],
 [-0.661652]]
spherical_charges_l1: [[ 4.440285e-03,  1.341015e+00,  8.308738e-01],
 [ 2.045123e-03,  6.899113e-03,  3.699050e-03],
 [-2.195460e-03,  8.737757e-03,  2.385127e-03],
 [-5.699383e-02,  2.102505e-01,  4.165738e-02],
 [ 6.493319e-03, -6.420951e-04, -3.962673e-03],
 [ 9.873328e-03,  1.244800e-02,  1.039844e-02],
 [ 3.335031e-03, -3.183350e-03,  7.800682e-03],
 [-1.200536e-02,  5.654876e-03,  1.712940e-02],
 [ 4.573074e-03,  5.246434e-03,  1.757527e-02],
 [ 7.024691e-02, -1.820831e-01,  6.994164e-02],
 [ 6.730482e-03, -6.293981e-03,  3.307330e-03],
 [ 2.595871e-03, -8.274780e-03,  4.139279e-03],
 [ 8.000333e-01, -1.086973e+00,  8.537924e-01]]
spherical_charges_l2: [[ 0.981497, -0.738114,  1.255224,  0.404267, -0.844667],
 [-0.015276,  0.010866, -0.013173,  0.003553,  0.010414],
 [-0.015791,  0.012259, -0.010831,  0.005185,  0.010484],
 [-0.005031,  0.053382,  0.023513, -0.003392,  0.03412 ],
 [ 0.072294,  0.052556, -0.042613, -0.054831,  0.02062 ],
 [ 0.070036,  0.057793, -0.046696, -0.019167,  0.024414],
 [ 0.049371,  0.028882,  0.003508,  0.019903,  0.048074],
 [ 0.053754,  0.069396, -0.022797,  0.022981,  0.002989],
 [ 0.057279,  0.06627 , -0.01756 ,  0.020658,  0.003322],
 [ 0.012706, -0.016247,  0.01858 ,  0.032939,  0.005805],
 [-0.013415, -0.022221,  0.009688,  0.003544,  0.012007],
 [-0.010482, -0.022116,  0.009805,  0.004281,  0.010956],
 [ 0.853501,  1.058854, -0.305921, -0.929947, -1.117879]]
energy_short: [-1.072305,  0.706422,  0.701236, -0.563882, -0.328951, -0.371475, -0.589877, -0.559379, -0.562972, -0.730754,  0.713769,  0.710818, -0.79597 ]
energy_long: [0.046165, 0.169683, 0.167403, 0.365872, 0.199816, 0.214069, 0.217777, 0.319228, 0.314431, 0.35304 , 0.169423, 0.170989, 0.192645]