step=2531160, graph_id=0, num_atoms=13
scalar_charges: [-0.493012,  1.280749,  1.283572, -0.492382, -0.492656, -0.492471, -0.491971, -0.492109, -0.49215 , -0.492149,  1.287113,  1.285262, -0.491276]
spherical_charges_l0: [[-4.959870e-01],
 [-7.453254e-04],
 [-2.168250e-04],
 [-1.363558e-02],
 [-9.091157e-03],
 [-1.611273e-02],
 [-2.515875e-02],
 [-2.056835e-02],
 [-1.605195e-02],
 [-1.933987e-02],
 [-2.142604e-03],
 [-1.376809e-03],
 [-5.090243e-01]]
spherical_charges_l1: [[-1.039732e-03,  1.054439e+00,  6.506506e-01],
 [ 3.472142e-04,  5.484290e-03,  2.364001e-03],
 [-5.078824e-04,  5.804404e-03,  1.946447e-03],
 [-4.279655e-02,  1.650996e-01,  3.211487e-02],
 [ 6.612540e-03, -7.757797e-04, -1.185790e-03],
 [ 8.329664e-03,  1.103361e-02,  9.090295e-03],
 [ 2.449515e-03, -2.609960e-03,  5.887494e-03],
 [-9.129588e-03,  3.372869e-03,  1.438971e-02],
 [ 3.351692e-03,  5.204897e-03,  1.439174e-02],
 [ 5.623565e-02, -1.443318e-01,  5.466781e-02],
 [ 3.537997e-03, -5.229469e-03,  2.678464e-03],
 [ 3.194924e-03, -5.183435e-03,  2.644525e-03],
 [ 6.276411e-01, -8.523682e-01,  6.751084e-01]]
spherical_charges_l2: [[ 0.751859, -0.574469,  0.972174,  0.327942, -0.654653],
 [-0.011252,  0.00853 , -0.009606,  0.002944,  0.007719],
 [-0.011681,  0.008536, -0.008027,  0.003635,  0.007602],
 [-0.0043  ,  0.042894,  0.019728,  0.001132,  0.029708],
 [ 0.057624,  0.041892, -0.033345, -0.041732,  0.01695 ],
 [ 0.057814,  0.047576, -0.036267, -0.018325,  0.019696],
 [ 0.040677,  0.024151,  0.002492,  0.016242,  0.039547],
 [ 0.042732,  0.056839, -0.020016,  0.020439,  0.003226],
 [ 0.045801,  0.054918, -0.013483,  0.016501,  0.004962],
 [ 0.009942, -0.014676,  0.017975,  0.025251,  0.007086],
 [-0.009496, -0.016785,  0.007371,  0.002532,  0.008573],
 [-0.008104, -0.016303,  0.007221,  0.002893,  0.008059],
 [ 0.658574,  0.808482, -0.227489, -0.735621, -0.869502]]
energy_short: [-1.170314,  0.8344  ,  0.831832, -0.65502 , -0.399297, -0.441265, -0.658189, -0.627968, -0.631905, -0.818594,  0.842496,  0.840123, -0.901775]
energy_long: [0.076186, 0.195639, 0.193316, 0.388839, 0.223483, 0.24264 , 0.230887, 0.341458, 0.330982, 0.375376, 0.195481, 0.197131, 0.205679]