step=2655315, graph_id=0, num_atoms=13
scalar_charges: [-0.489637,  1.25665 ,  1.259467, -0.486803, -0.486369, -0.48636 , -0.486525, -0.486563, -0.486602, -0.486899,  1.261163,  1.259566, -0.486472]
spherical_charges_l0: [[-4.679057e-01],
 [-9.715023e-04],
 [-3.612780e-04],
 [-1.469447e-02],
 [-8.589381e-03],
 [-1.545826e-02],
 [-2.419922e-02],
 [-1.964853e-02],
 [-1.537392e-02],
 [-2.050168e-02],
 [-2.250786e-03],
 [-1.552066e-03],
 [-4.810514e-01]]
spherical_charges_l1: [[-6.784330e-04,  9.961963e-01,  6.109551e-01],
 [ 2.198664e-04,  5.546173e-03,  2.201502e-03],
 [-8.332580e-04,  6.118153e-03,  1.829801e-03],
 [-4.051160e-02,  1.567574e-01,  3.045522e-02],
 [ 7.046062e-03,  9.886505e-05, -3.939031e-07],
 [ 9.219914e-03,  1.023375e-02,  9.829721e-03],
 [ 2.193712e-03, -2.658164e-03,  5.201269e-03],
 [-9.528837e-03,  3.951330e-03,  1.495189e-02],
 [ 3.750004e-03,  4.855426e-03,  1.496598e-02],
 [ 5.252170e-02, -1.352420e-01,  5.102510e-02],
 [ 4.125742e-03, -5.249859e-03,  2.707459e-03],
 [ 2.977369e-03, -5.517977e-03,  2.800221e-03],
 [ 5.917357e-01, -8.034005e-01,  6.372684e-01]]
spherical_charges_l2: [[ 0.718411, -0.547626,  0.925187,  0.309866, -0.623872],
 [-0.011444,  0.008304, -0.009364,  0.003134,  0.007435],
 [-0.012254,  0.008658, -0.00826 ,  0.00407 ,  0.00757 ],
 [-0.004793,  0.041887,  0.017931,  0.000996,  0.030008],
 [ 0.054902,  0.04045 , -0.032584, -0.040763,  0.015838],
 [ 0.0546  ,  0.045173, -0.03554 , -0.017185,  0.018863],
 [ 0.038431,  0.021429,  0.002273,  0.015528,  0.03668 ],
 [ 0.040317,  0.05383 , -0.018354,  0.019267,  0.00175 ],
 [ 0.043815,  0.051814, -0.013202,  0.014628,  0.003437],
 [ 0.009522, -0.014238,  0.017409,  0.025182,  0.007816],
 [-0.009521, -0.017141,  0.007565,  0.002232,  0.008338],
 [-0.008234, -0.016681,  0.007421,  0.002527,  0.007827],
 [ 0.628708,  0.776622, -0.220395, -0.698432, -0.827481]]
energy_short: [-1.192003,  0.837434,  0.834439, -0.660591, -0.397744, -0.440213, -0.656783, -0.627844, -0.631728, -0.82482 ,  0.845151,  0.842916, -0.917562]
energy_long: [0.070458, 0.19906 , 0.197382, 0.387787, 0.220306, 0.242751, 0.230162, 0.34049 , 0.334358, 0.376548, 0.198524, 0.200505, 0.20891 ]