step=3448305, graph_id=0, num_atoms=13
scalar_charges: [-0.465185,  1.17772 ,  1.179261, -0.463411, -0.463058, -0.463094, -0.463317, -0.463328, -0.463391, -0.463742,  1.181787,  1.18004 , -0.463277]
spherical_charges_l0: [[-0.421423],
 [-0.001134],
 [-0.000538],
 [-0.012728],
 [-0.008813],
 [-0.013916],
 [-0.022361],
 [-0.018041],
 [-0.014431],
 [-0.019138],
 [-0.002429],
 [-0.001692],
 [-0.433389]]
spherical_charges_l1: [[-5.811125e-03,  9.047487e-01,  5.564292e-01],
 [-6.642050e-04,  5.313673e-03,  1.668218e-03],
 [-1.210268e-04,  4.987500e-03,  1.678216e-03],
 [-3.590851e-02,  1.423319e-01,  2.793984e-02],
 [ 6.199155e-03,  1.741334e-05,  5.130623e-05],
 [ 8.654052e-03,  9.145569e-03,  8.646470e-03],
 [ 2.013522e-03, -2.446162e-03,  4.827551e-03],
 [-9.012626e-03,  3.922747e-03,  1.365506e-02],
 [ 3.482559e-03,  4.524452e-03,  1.379234e-02],
 [ 4.890729e-02, -1.247504e-01,  4.731352e-02],
 [ 3.083068e-03, -5.111061e-03,  2.604192e-03],
 [ 3.253637e-03, -4.678388e-03,  2.397880e-03],
 [ 5.364825e-01, -7.289858e-01,  5.821199e-01]]
spherical_charges_l2: [[ 6.507820e-01, -4.915883e-01,  8.380920e-01,  2.845296e-01, -5.619039e-01],
 [-1.036420e-02,  7.146018e-03, -8.440970e-03,  2.761277e-03,  6.328908e-03],
 [-1.091980e-02,  7.797904e-03, -7.163193e-03,  3.712340e-03,  6.566514e-03],
 [-2.632632e-03,  3.547404e-02,  1.724857e-02,  8.229451e-04,  2.560166e-02],
 [ 5.082494e-02,  3.654210e-02, -2.993823e-02, -3.740235e-02,  1.429480e-02],
 [ 4.923924e-02,  4.149634e-02, -3.221782e-02, -1.502148e-02,  1.772262e-02],
 [ 3.500926e-02,  2.034332e-02,  1.829282e-03,  1.367569e-02,  3.343704e-02],
 [ 3.671541e-02,  4.899620e-02, -1.603131e-02,  1.703812e-02,  2.621115e-03],
 [ 3.965335e-02,  4.721089e-02, -1.271597e-02,  1.448387e-02,  3.265882e-03],
 [ 9.028207e-03, -1.099382e-02,  1.497805e-02,  2.296126e-02,  6.932994e-03],
 [-8.534726e-03, -1.592647e-02,  7.062081e-03,  1.904540e-03,  7.415759e-03],
 [-7.579368e-03, -1.521420e-02,  6.779671e-03,  2.076353e-03,  6.973520e-03],
 [ 5.687506e-01,  6.998094e-01, -1.962717e-01, -6.318769e-01, -7.451092e-01]]
energy_short: [-1.203691,  0.889458,  0.88613 , -0.675563, -0.409932, -0.452557, -0.668502, -0.639572, -0.64309 , -0.83801 ,  0.897676,  0.89496 , -0.931915]
energy_long: [0.068214, 0.190393, 0.188357, 0.385932, 0.208556, 0.234135, 0.221435, 0.334392, 0.321689, 0.373809, 0.190381, 0.192299, 0.197611]