step=1910385, graph_id=0, num_atoms=13
scalar_charges: [-0.523735,  1.434541,  1.440994, -0.548883, -0.559534, -0.557732, -0.547541, -0.548962, -0.548692, -0.539497,  1.441985,  1.44176 , -0.53884 ]
spherical_charges_l0: [[-0.647707],
 [-0.001928],
 [-0.00127 ],
 [-0.016985],
 [-0.011495],
 [-0.022219],
 [-0.035076],
 [-0.028684],
 [-0.022397],
 [-0.023366],
 [-0.003128],
 [-0.00228 ],
 [-0.657643]]
spherical_charges_l1: [[ 1.105025e-03,  1.364243e+00,  8.344041e-01],
 [ 8.462378e-04,  6.829330e-03,  3.198427e-03],
 [-1.115292e-03,  7.513286e-03,  2.428399e-03],
 [-5.269719e-02,  2.103641e-01,  4.435217e-02],
 [ 7.678325e-03, -3.454633e-04, -3.380329e-03],
 [ 9.239189e-03,  1.303144e-02,  1.049020e-02],
 [ 3.408126e-03, -2.291934e-03,  9.000367e-03],
 [-1.124434e-02,  4.978156e-03,  1.688608e-02],
 [ 3.919922e-03,  5.882659e-03,  1.716120e-02],
 [ 7.303192e-02, -1.808848e-01,  7.067927e-02],
 [ 3.585696e-03, -6.442449e-03,  3.273963e-03],
 [ 4.000130e-03, -6.127936e-03,  3.134280e-03],
 [ 8.029054e-01, -1.095121e+00,  8.570047e-01]]
spherical_charges_l2: [[ 9.891424e-01, -7.487213e-01,  1.262198e+00,  4.120703e-01, -8.517471e-01],
 [-1.387426e-02,  9.596488e-03, -1.166929e-02,  3.772473e-03,  9.202174e-03],
 [-1.366015e-02,  1.115374e-02, -9.348224e-03,  4.818685e-03,  9.744426e-03],
 [-7.653829e-03,  5.725807e-02,  2.159860e-02, -1.118473e-03,  3.867954e-02],
 [ 7.507761e-02,  5.497098e-02, -4.326828e-02, -5.540623e-02,  2.265243e-02],
 [ 7.456390e-02,  6.086524e-02, -4.676608e-02, -2.266979e-02,  2.658032e-02],
 [ 5.212877e-02,  2.898907e-02,  4.378786e-03,  2.123948e-02,  5.052994e-02],
 [ 5.486476e-02,  7.316621e-02, -2.550424e-02,  2.698987e-02,  3.841434e-03],
 [ 5.963764e-02,  7.086594e-02, -1.797442e-02,  2.110007e-02,  5.876942e-03],
 [ 1.148172e-02, -2.075417e-02,  2.207886e-02,  3.335066e-02,  1.008941e-02],
 [-1.183139e-02, -1.947590e-02,  8.520480e-03,  2.653877e-03,  1.016590e-02],
 [-9.101111e-03, -1.923383e-02,  8.539925e-03,  3.564623e-03,  9.382022e-03],
 [ 8.503959e-01,  1.058943e+00, -3.069702e-01, -9.345070e-01, -1.119874e+00]]
energy_short: [-1.042207,  0.681008,  0.676494, -0.557575, -0.327152, -0.3688  , -0.588811, -0.556669, -0.561051, -0.728979,  0.689046,  0.685854, -0.767175]
energy_long: [0.046593, 0.166945, 0.164737, 0.368618, 0.194489, 0.222941, 0.218959, 0.325177, 0.314533, 0.355038, 0.166977, 0.168266, 0.187007]