step=292365, graph_id=0, num_atoms=13
scalar_charges: [-2.00164 ,  6.772534,  6.756465, -2.11784 , -2.128681, -2.127535, -2.114702, -2.115619, -2.113181, -2.088753,  6.800017,  6.781574, -2.092092]
spherical_charges_l0: [[-3.879431],
 [-0.030258],
 [-0.032227],
 [-0.204056],
 [-0.013833],
 [-0.12258 ],
 [-0.145531],
 [-0.157986],
 [-0.110936],
 [-0.208533],
 [-0.050277],
 [-0.037535],
 [-3.882644]]
spherical_charges_l1: [[-1.476882e-01,  7.532900e+00,  4.375978e+00],
 [ 8.270808e-02, -8.017322e-03,  3.659021e-02],
 [-7.684632e-02,  6.691355e-02, -7.669640e-03],
 [-3.905149e-01,  1.579187e+00,  3.331380e-01],
 [-3.996274e-02, -6.888032e-02, -9.834018e-02],
 [-6.264491e-02,  7.865676e-02, -3.976670e-02],
 [ 1.194185e-02, -1.717094e-02, -3.890843e-03],
 [-1.855320e-02,  1.255165e-02,  7.312810e-03],
 [-5.077408e-05,  4.896310e-03, -6.179696e-03],
 [ 5.278524e-01, -1.332137e+00,  4.830435e-01],
 [ 9.620805e-02, -7.380470e-03,  6.852827e-03],
 [-5.206905e-02, -6.781645e-02,  3.147858e-02],
 [ 4.229857e+00, -5.958766e+00,  4.599171e+00]]
spherical_charges_l2: [[ 4.057399e+00, -3.061268e+00,  5.141520e+00,  1.629213e+00, -3.333541e+00],
 [-1.003136e-01,  1.145001e-01, -4.374534e-02,  6.593816e-02,  6.047460e-02],
 [-1.823378e-01,  5.837100e-02, -9.095283e-02,  8.261348e-02,  3.785457e-02],
 [ 1.229761e-01,  2.081103e-01,  2.640572e-01, -2.401285e-02,  5.112063e-02],
 [ 3.337234e-01,  2.342786e-01, -9.337096e-02, -1.947007e-01,  1.207461e-01],
 [ 3.614999e-01,  3.138863e-01, -1.593199e-01, -1.133247e-01,  1.420068e-01],
 [ 2.785488e-01,  2.284190e-01, -9.009698e-04,  1.004401e-01,  2.701989e-01],
 [ 2.763593e-01,  3.743044e-01, -1.440938e-01,  1.483122e-01,  8.818004e-02],
 [ 2.666267e-01,  3.527289e-01, -7.352722e-02,  1.488260e-01,  9.527690e-02],
 [ 2.068414e-01,  8.916911e-02, -7.195323e-03,  6.681277e-02, -1.800497e-01],
 [-5.654850e-02, -2.050299e-01,  9.613781e-02,  7.358591e-04,  4.344951e-02],
 [-1.240957e-01, -1.675619e-01,  7.521132e-02, -2.498936e-02,  5.742574e-02],
 [ 3.415015e+00,  4.294323e+00, -1.252993e+00, -3.662543e+00, -4.409938e+00]]
energy_short: [-0.804807,  0.327229,  0.320332, -0.25025 , -0.156666, -0.186151, -0.386188, -0.370514, -0.384364, -0.475556,  0.343468,  0.332885, -0.50623 ]
energy_long: [0.020386, 0.099534, 0.09864 , 0.370246, 0.127273, 0.15522 , 0.168365, 0.259243, 0.253821, 0.362761, 0.09945 , 0.099211, 0.180565]