step=1970460, graph_id=0, num_atoms=13
scalar_charges: [-0.532479,  1.355008,  1.362115, -0.543793, -0.553453, -0.551793, -0.543113, -0.544286, -0.544094, -0.537374,  1.360073,  1.360298, -0.537548]
spherical_charges_l0: [[-0.625934],
 [-0.001783],
 [-0.001142],
 [-0.018581],
 [-0.009871],
 [-0.019621],
 [-0.032289],
 [-0.025881],
 [-0.019892],
 [-0.024001],
 [-0.003164],
 [-0.002315],
 [-0.637858]]
spherical_charges_l1: [[-1.567534e-03,  1.315869e+00,  8.071106e-01],
 [ 2.953497e-03,  6.365711e-03,  3.834408e-03],
 [-2.846096e-03,  8.480838e-03,  1.864480e-03],
 [-5.243945e-02,  2.026124e-01,  4.036407e-02],
 [ 6.169938e-03,  7.118614e-04, -3.823777e-03],
 [ 9.415204e-03,  1.095993e-02,  1.011422e-02],
 [ 3.362090e-03, -3.000683e-03,  8.159321e-03],
 [-1.130034e-02,  5.791686e-03,  1.602827e-02],
 [ 4.247591e-03,  4.543551e-03,  1.671871e-02],
 [ 6.980264e-02, -1.762584e-01,  6.737123e-02],
 [ 7.308136e-03, -4.909847e-03,  2.648199e-03],
 [ 1.232713e-03, -8.203716e-03,  4.058127e-03],
 [ 7.791497e-01, -1.058369e+00,  8.345394e-01]]
spherical_charges_l2: [[ 0.95927 , -0.74035 ,  1.256931,  0.43657 , -0.843913],
 [-0.014375,  0.011637, -0.012829,  0.003359,  0.011029],
 [-0.01642 ,  0.011328, -0.011887,  0.004903,  0.010615],
 [-0.004611,  0.053923,  0.023942, -0.003026,  0.035543],
 [ 0.073453,  0.053314, -0.041682, -0.054276,  0.02255 ],
 [ 0.07183 ,  0.058206, -0.045772, -0.019708,  0.025275],
 [ 0.049389,  0.02843 ,  0.003945,  0.02048 ,  0.048646],
 [ 0.054035,  0.06955 , -0.023732,  0.024239,  0.003971],
 [ 0.057788,  0.06698 , -0.017074,  0.021265,  0.004733],
 [ 0.011908, -0.017216,  0.019685,  0.034891,  0.008095],
 [-0.012119, -0.021787,  0.009526,  0.00411 ,  0.011746],
 [-0.011313, -0.021136,  0.009288,  0.004027,  0.011161],
 [ 0.842255,  1.035338, -0.290326, -0.95154 , -1.121312]]
energy_short: [-1.018657,  0.701553,  0.69655 , -0.562561, -0.321655, -0.365372, -0.586502, -0.553712, -0.557538, -0.729805,  0.70941 ,  0.706185, -0.744904]
energy_long: [0.052644, 0.170473, 0.168761, 0.36224 , 0.205563, 0.211993, 0.224442, 0.319698, 0.311704, 0.350198, 0.170122, 0.17165 , 0.188863]