step=1726155, graph_id=0, num_atoms=13
scalar_charges: [-0.581514,  1.527008,  1.533017, -0.614358, -0.621065, -0.619707, -0.611315, -0.612305, -0.611983, -0.603107,  1.532338,  1.533269, -0.603972]
spherical_charges_l0: [[-0.750805],
 [-0.002204],
 [-0.0014  ],
 [-0.0174  ],
 [-0.012448],
 [-0.024082],
 [-0.036696],
 [-0.030212],
 [-0.023672],
 [-0.024991],
 [-0.003337],
 [-0.002459],
 [-0.763208]]
spherical_charges_l1: [[-2.319524e-04,  1.570922e+00,  9.635624e-01],
 [ 1.963113e-03,  8.478100e-03,  4.330412e-03],
 [-1.783756e-03,  9.702165e-03,  2.930200e-03],
 [-5.783657e-02,  2.318219e-01,  4.655806e-02],
 [ 6.424367e-03, -1.903853e-04, -4.631217e-03],
 [ 1.065334e-02,  1.302203e-02,  1.116443e-02],
 [ 3.430255e-03, -3.152249e-03,  8.555152e-03],
 [-1.288236e-02,  5.794647e-03,  1.830244e-02],
 [ 5.036497e-03,  5.415274e-03,  1.916878e-02],
 [ 8.013916e-02, -1.987443e-01,  7.449392e-02],
 [ 6.601641e-03, -7.213146e-03,  3.752855e-03],
 [ 3.642092e-03, -8.643392e-03,  4.354423e-03],
 [ 9.214131e-01, -1.259446e+00,  9.858032e-01]]
spherical_charges_l2: [[ 1.143898, -0.876515,  1.451627,  0.461669, -0.981077],
 [-0.015372,  0.011265, -0.013363,  0.003623,  0.010882],
 [-0.017061,  0.012396, -0.011644,  0.005704,  0.010968],
 [-0.005768,  0.05844 ,  0.026732, -0.0036  ,  0.041816],
 [ 0.084582,  0.0621  , -0.048869, -0.061429,  0.025722],
 [ 0.081575,  0.065291, -0.053421, -0.025338,  0.028723],
 [ 0.055543,  0.032023,  0.002944,  0.021605,  0.052478],
 [ 0.060485,  0.078482, -0.025973,  0.02813 ,  0.00236 ],
 [ 0.06566 ,  0.075907, -0.020028,  0.022044,  0.005315],
 [ 0.013699, -0.017147,  0.021399,  0.037885,  0.008445],
 [-0.0126  , -0.022859,  0.010098,  0.002928,  0.011021],
 [-0.011311, -0.022179,  0.009843,  0.003373,  0.010627],
 [ 0.980096,  1.221214, -0.354888, -1.066855, -1.282621]]
energy_short: [-0.991289,  0.639021,  0.634409, -0.512127, -0.304508, -0.345807, -0.560592, -0.532153, -0.537229, -0.691224,  0.646532,  0.643466, -0.710233]
energy_long: [0.045437, 0.155843, 0.154545, 0.353575, 0.181326, 0.216362, 0.207781, 0.304295, 0.302395, 0.340481, 0.156189, 0.157539, 0.186945]