step=3256065, graph_id=0, num_atoms=13
scalar_charges: [-0.465354,  1.185784,  1.186724, -0.46402 , -0.464134, -0.464084, -0.46392 , -0.463967, -0.463988, -0.464011,  1.1922  ,  1.189836, -0.463783]
spherical_charges_l0: [[-0.432868],
 [-0.001076],
 [-0.000481],
 [-0.013064],
 [-0.009651],
 [-0.014638],
 [-0.023458],
 [-0.018768],
 [-0.015114],
 [-0.019517],
 [-0.002393],
 [-0.001651],
 [-0.444782]]
spherical_charges_l1: [[-4.100453e-03,  9.222804e-01,  5.627727e-01],
 [-7.399911e-05,  5.178578e-03,  1.941172e-03],
 [-6.091501e-04,  5.283259e-03,  1.616912e-03],
 [-3.618751e-02,  1.442455e-01,  2.888943e-02],
 [ 6.882091e-03, -8.293577e-04,  4.153822e-04],
 [ 8.610311e-03,  1.029574e-02,  9.143619e-03],
 [ 1.948811e-03, -2.445408e-03,  4.768241e-03],
 [-8.960688e-03,  3.324323e-03,  1.440762e-02],
 [ 3.458971e-03,  5.194457e-03,  1.430402e-02],
 [ 4.928664e-02, -1.250054e-01,  4.776644e-02],
 [ 3.527383e-03, -4.849709e-03,  2.491463e-03],
 [ 2.880249e-03, -4.949677e-03,  2.518774e-03],
 [ 5.463617e-01, -7.424984e-01,  5.906950e-01]]
spherical_charges_l2: [[ 6.558388e-01, -4.950586e-01,  8.485266e-01,  2.872323e-01, -5.700644e-01],
 [-1.078234e-02,  7.654016e-03, -8.716816e-03,  2.863724e-03,  6.755746e-03],
 [-1.119497e-02,  8.099580e-03, -7.485455e-03,  3.758704e-03,  6.859162e-03],
 [-2.799322e-03,  3.572183e-02,  1.801808e-02,  5.438461e-04,  2.573622e-02],
 [ 5.162357e-02,  3.710483e-02, -3.044381e-02, -3.820791e-02,  1.452106e-02],
 [ 4.985298e-02,  4.169903e-02, -3.286067e-02, -1.525497e-02,  1.794061e-02],
 [ 3.560450e-02,  2.044745e-02,  1.815551e-03,  1.393458e-02,  3.361553e-02],
 [ 3.705730e-02,  4.943341e-02, -1.612795e-02,  1.772558e-02,  2.430079e-03],
 [ 4.038210e-02,  4.782914e-02, -1.285753e-02,  1.429455e-02,  3.301674e-03],
 [ 9.408230e-03, -1.035810e-02,  1.481515e-02,  2.343478e-02,  6.403142e-03],
 [-8.856391e-03, -1.604429e-02,  7.084205e-03,  2.105090e-03,  7.785710e-03],
 [-7.718155e-03, -1.559539e-02,  6.938233e-03,  2.335029e-03,  7.303551e-03],
 [ 5.756884e-01,  7.082794e-01, -1.993760e-01, -6.400912e-01, -7.562712e-01]]
energy_short: [-1.220685,  0.886096,  0.883139, -0.682445, -0.41535 , -0.457323, -0.674072, -0.644562, -0.648384, -0.845341,  0.893936,  0.891451, -0.94774 ]
energy_long: [0.071194, 0.1919  , 0.189786, 0.384985, 0.214674, 0.235658, 0.224594, 0.336688, 0.324722, 0.373262, 0.191874, 0.193788, 0.198225]