step=3031785, graph_id=0, num_atoms=13
scalar_charges: [-0.476046,  1.201658,  1.2031  , -0.474654, -0.475054, -0.474998, -0.474688, -0.474741, -0.474754, -0.474507,  1.207402,  1.205307, -0.474237]
spherical_charges_l0: [[-4.463772e-01],
 [-9.728728e-04],
 [-4.143170e-04],
 [-1.283951e-02],
 [-8.546623e-03],
 [-1.437887e-02],
 [-2.295353e-02],
 [-1.849171e-02],
 [-1.462953e-02],
 [-1.925296e-02],
 [-2.304174e-03],
 [-1.565058e-03],
 [-4.582282e-01]]
spherical_charges_l1: [[-4.897359e-03,  9.390173e-01,  5.767832e-01],
 [-4.878778e-04,  5.586740e-03,  1.923770e-03],
 [-2.210740e-04,  5.421101e-03,  1.875425e-03],
 [-3.693996e-02,  1.461637e-01,  2.850839e-02],
 [ 6.600331e-03, -2.935933e-04,  6.436824e-04],
 [ 9.158745e-03,  9.663033e-03,  9.285241e-03],
 [ 1.904647e-03, -2.385271e-03,  4.751914e-03],
 [-9.220473e-03,  3.692073e-03,  1.438678e-02],
 [ 3.660711e-03,  4.914652e-03,  1.445019e-02],
 [ 4.965744e-02, -1.266304e-01,  4.771110e-02],
 [ 3.094833e-03, -5.424434e-03,  2.758578e-03],
 [ 3.523416e-03, -4.813857e-03,  2.473777e-03],
 [ 5.549630e-01, -7.559277e-01,  6.011484e-01]]
spherical_charges_l2: [[ 6.823761e-01, -5.146595e-01,  8.701671e-01,  2.860075e-01, -5.838612e-01],
 [-1.044933e-02,  7.551915e-03, -8.551266e-03,  2.767081e-03,  6.708721e-03],
 [-1.109890e-02,  7.875537e-03, -7.518061e-03,  3.629203e-03,  6.854911e-03],
 [-3.439966e-03,  3.678559e-02,  1.742435e-02,  2.530823e-04,  2.566744e-02],
 [ 5.255441e-02,  3.802437e-02, -3.114716e-02, -3.896394e-02,  1.464816e-02],
 [ 5.104735e-02,  4.307185e-02, -3.369419e-02, -1.558978e-02,  1.806654e-02],
 [ 3.609210e-02,  2.104232e-02,  1.764468e-03,  1.421567e-02,  3.453811e-02],
 [ 3.815040e-02,  5.091698e-02, -1.674002e-02,  1.765588e-02,  2.646397e-03],
 [ 4.119261e-02,  4.902673e-02, -1.313109e-02,  1.495014e-02,  3.477009e-03],
 [ 9.024487e-03, -1.154855e-02,  1.473287e-02,  2.359106e-02,  6.291917e-03],
 [-8.636282e-03, -1.607437e-02,  7.112660e-03,  2.122663e-03,  7.676279e-03],
 [-7.815599e-03, -1.537402e-02,  6.830434e-03,  2.236594e-03,  7.261031e-03],
 [ 5.935286e-01,  7.341957e-01, -2.086728e-01, -6.514533e-01, -7.740948e-01]]
energy_short: [-1.219044,  0.880094,  0.877283, -0.679516, -0.412524, -0.455723, -0.674105, -0.643421, -0.646572, -0.842858,  0.887638,  0.885318, -0.946698]
energy_long: [0.072027, 0.19664 , 0.194755, 0.386922, 0.216318, 0.240793, 0.228858, 0.344336, 0.329974, 0.374796, 0.196342, 0.198443, 0.199189]