step=821025, graph_id=0, num_atoms=13
scalar_charges: [-0.970627,  2.827775,  2.815788, -1.036428, -1.025221, -1.027421, -1.027643, -1.026299, -1.025317, -1.021435,  2.822196,  2.822284, -1.021582]
spherical_charges_l0: [[-1.8772  ],
 [-0.009398],
 [-0.009056],
 [-0.037891],
 [-0.007891],
 [-0.056313],
 [-0.082058],
 [-0.07225 ],
 [-0.049876],
 [-0.054524],
 [-0.013532],
 [-0.009894],
 [-1.925506]]
spherical_charges_l1: [[ 2.268060e-02,  3.925924e+00,  2.373145e+00],
 [ 1.343810e-02,  9.946051e-03,  9.163862e-03],
 [-1.392175e-02,  2.265478e-02,  1.380215e-03],
 [-1.557915e-01,  5.952375e-01,  1.252762e-01],
 [-2.911817e-03, -3.209575e-03, -3.657814e-02],
 [ 9.429650e-03,  2.241242e-02,  1.406679e-02],
 [ 9.796752e-03, -9.372469e-03,  1.489136e-02],
 [-2.434450e-02,  2.419404e-02,  2.572201e-02],
 [ 7.655406e-03,  4.946909e-04,  2.778926e-02],
 [ 1.997151e-01, -5.076495e-01,  1.950545e-01],
 [ 2.331219e-02, -9.587339e-03,  5.466443e-03],
 [-3.695402e-03, -2.214844e-02,  1.071458e-02],
 [ 2.299978e+00, -3.156161e+00,  2.443304e+00]]
spherical_charges_l2: [[ 2.362916e+00, -1.794976e+00,  3.120636e+00,  1.096584e+00, -2.087251e+00],
 [-3.733759e-02,  3.162984e-02, -2.887622e-02,  1.261798e-02,  2.523870e-02],
 [-4.811478e-02,  2.923822e-02, -3.004223e-02,  1.737334e-02,  2.469192e-02],
 [-1.498569e-02,  1.158001e-01,  6.561402e-02, -2.398147e-02,  7.493306e-02],
 [ 2.113517e-01,  1.501820e-01, -8.440582e-02, -1.418259e-01,  7.204723e-02],
 [ 1.999066e-01,  1.655923e-01, -1.196084e-01, -4.792097e-02,  7.334083e-02],
 [ 1.303389e-01,  8.139385e-02,  8.310978e-03,  5.323333e-02,  1.291927e-01],
 [ 1.553959e-01,  1.907813e-01, -6.701224e-02,  6.222618e-02,  1.775750e-02],
 [ 1.587416e-01,  1.839711e-01, -4.344293e-02,  7.110923e-02,  2.268769e-02],
 [ 3.597230e-02, -1.638920e-02,  2.885176e-02,  9.152339e-02,  1.741499e-04],
 [-3.067347e-02, -5.785750e-02,  2.558674e-02,  8.008224e-03,  2.772779e-02],
 [-3.049336e-02, -5.567944e-02,  2.466326e-02,  7.156378e-03,  2.669902e-02],
 [ 2.086764e+00,  2.546899e+00, -7.226756e-01, -2.331496e+00, -2.762744e+00]]
energy_short: [-0.918797,  0.460048,  0.453692, -0.335364, -0.209955, -0.247123, -0.45994 , -0.436096, -0.444851, -0.554293,  0.467636,  0.463231, -0.597035]
energy_long: [0.00824 , 0.117405, 0.11571 , 0.34565 , 0.161876, 0.174733, 0.178745, 0.279681, 0.280447, 0.333343, 0.116513, 0.116796, 0.153179]