step=624780, graph_id=0, num_atoms=13
scalar_charges: [-1.03843 ,  3.475094,  3.460401, -1.192365, -1.200977, -1.199937, -1.178256, -1.182858, -1.181963, -1.15746 ,  3.476257,  3.471735, -1.160633]
spherical_charges_l0: [[-2.568458],
 [-0.01433 ],
 [-0.01473 ],
 [-0.061521],
 [-0.005251],
 [-0.066247],
 [-0.105194],
 [-0.091042],
 [-0.065667],
 [-0.065321],
 [-0.024698],
 [-0.017282],
 [-2.666782]]
spherical_charges_l1: [[ 8.498526e-03,  5.247379e+00,  3.215768e+00],
 [ 2.681930e-02,  1.454092e-02,  1.580749e-02],
 [-2.850808e-02,  3.874863e-02, -3.186690e-04],
 [-2.193201e-01,  8.306507e-01,  1.658448e-01],
 [-7.717765e-03, -2.827968e-02, -6.655005e-02],
 [-1.119511e-02,  5.617291e-02,  1.336499e-02],
 [ 1.165162e-02, -1.785717e-02,  1.071000e-02],
 [-2.074916e-02,  1.793415e-02,  3.497830e-02],
 [ 1.619439e-03,  9.258986e-03,  2.641612e-02],
 [ 2.616171e-01, -6.834503e-01,  2.513680e-01],
 [ 4.078253e-02, -8.890098e-03,  5.701223e-03],
 [-1.405428e-02, -3.689044e-02,  1.757981e-02],
 [ 3.137048e+00, -4.293162e+00,  3.322916e+00]]
spherical_charges_l2: [[ 3.096092e+00, -2.320326e+00,  4.132551e+00,  1.464224e+00, -2.730657e+00],
 [-5.899040e-02,  6.466902e-02, -4.039719e-02,  2.519524e-02,  4.499968e-02],
 [-9.515759e-02,  3.647535e-02, -6.007107e-02,  3.165696e-02,  3.491220e-02],
 [-3.986808e-02,  1.711876e-01,  8.336390e-02, -1.170487e-02,  1.045650e-01],
 [ 2.644493e-01,  1.837251e-01, -1.002911e-01, -1.694404e-01,  9.846761e-02],
 [ 2.453413e-01,  1.923447e-01, -1.399766e-01, -6.871141e-02,  9.612306e-02],
 [ 1.690404e-01,  1.145134e-01,  5.638665e-03,  6.368925e-02,  1.588795e-01],
 [ 1.850900e-01,  2.295590e-01, -7.582597e-02,  9.088331e-02,  2.364856e-02],
 [ 2.001080e-01,  2.259682e-01, -5.607024e-02,  8.092527e-02,  3.380008e-02],
 [ 4.716700e-02, -5.736025e-02,  5.911609e-02,  9.028369e-02, -1.038251e-02],
 [-4.223899e-02, -1.086486e-01,  4.915657e-02,  1.405009e-02,  4.230662e-02],
 [-6.488961e-02, -9.278611e-02,  4.073208e-02,  3.384626e-03,  4.496290e-02],
 [ 2.782161e+00,  3.391027e+00, -9.744286e-01, -3.099322e+00, -3.714176e+00]]
energy_short: [-0.848759,  0.409447,  0.401897, -0.321161, -0.192736, -0.228058, -0.44392 , -0.417747, -0.42577 , -0.540565,  0.417645,  0.411701, -0.526327]
energy_long: [-0.012851,  0.120623,  0.120688,  0.343762,  0.157781,  0.170156,  0.184299,  0.280559,  0.28827 ,  0.334107,  0.119799,  0.120713,  0.129845]