step=400500, graph_id=0, num_atoms=13
scalar_charges: [-1.519628,  5.52301 ,  5.502325, -1.689705, -1.703597, -1.70123 , -1.670634, -1.676096, -1.674396, -1.647248,  5.542961,  5.52478 , -1.647334]
spherical_charges_l0: [[-3.244938],
 [-0.011811],
 [-0.015186],
 [-0.145804],
 [-0.011878],
 [-0.108402],
 [-0.119843],
 [-0.129733],
 [-0.093387],
 [-0.162825],
 [-0.028875],
 [-0.018626],
 [-3.297329]]
spherical_charges_l1: [[-8.601697e-02,  6.343029e+00,  3.833439e+00],
 [ 3.440255e-02,  1.130393e-02,  2.203719e-02],
 [-2.834529e-02,  3.782475e-02,  3.028654e-03],
 [-3.137145e-01,  1.200666e+00,  2.542004e-01],
 [-1.742088e-02, -4.134840e-02, -7.555421e-02],
 [-3.373561e-02,  6.827398e-02, -7.616166e-03],
 [ 1.169742e-02, -1.770205e-02, -2.305259e-03],
 [-1.732470e-02,  1.414792e-02,  2.130695e-02],
 [-5.657662e-04,  7.477463e-03,  8.280666e-03],
 [ 3.950697e-01, -1.020622e+00,  3.830946e-01],
 [ 3.395661e-02, -1.600086e-02,  8.974229e-03],
 [-1.089919e-02, -3.446420e-02,  1.651699e-02],
 [ 3.664996e+00, -5.106303e+00,  3.939559e+00]]
spherical_charges_l2: [[ 3.590590e+00, -2.674420e+00,  4.800423e+00,  1.724903e+00, -3.145313e+00],
 [-6.157300e-02,  5.852702e-02, -4.793371e-02,  2.255123e-02,  4.083963e-02],
 [-9.431640e-02,  5.377803e-02, -5.344075e-02,  3.457813e-02,  3.920253e-02],
 [ 2.998540e-02,  2.115008e-01,  1.892837e-01, -3.305587e-02,  1.102645e-01],
 [ 3.782971e-01,  2.647081e-01, -1.279226e-01, -2.364941e-01,  1.345465e-01],
 [ 3.762732e-01,  3.342281e-01, -2.243471e-01, -1.031087e-01,  1.506903e-01],
 [ 2.380444e-01,  2.160473e-01,  2.356230e-03,  8.726279e-02,  2.481919e-01],
 [ 2.966097e-01,  3.718353e-01, -1.070109e-01,  1.215203e-01,  5.790542e-02],
 [ 2.958665e-01,  3.524414e-01, -9.674054e-02,  1.438698e-01,  5.207292e-02],
 [ 1.219241e-01,  1.217169e-02,  3.441595e-02,  1.305808e-01, -6.527413e-02],
 [-6.332982e-02, -1.075814e-01,  4.768257e-02,  6.733367e-03,  4.785196e-02],
 [-5.083406e-02, -1.055677e-01,  4.726446e-02,  1.293313e-02,  4.597573e-02],
 [ 3.149664e+00,  3.861403e+00, -1.120933e+00, -3.560486e+00, -4.261467e+00]]
energy_short: [-0.821838,  0.368484,  0.360277, -0.268166, -0.163163, -0.193463, -0.407531, -0.383935, -0.396079, -0.49148 ,  0.3798  ,  0.370414, -0.505301]
energy_long: [0.038241, 0.101145, 0.101034, 0.372415, 0.157445, 0.178398, 0.203136, 0.262934, 0.28582 , 0.365132, 0.101493, 0.102   , 0.162298]