step=3167955, graph_id=0, num_atoms=13
scalar_charges: [-0.472093,  1.189961,  1.191364, -0.470498, -0.47049 , -0.47049 , -0.470452, -0.470478, -0.470493, -0.470509,  1.1955  ,  1.193561, -0.470327]
spherical_charges_l0: [[-4.367008e-01],
 [-9.375202e-04],
 [-4.070928e-04],
 [-1.367326e-02],
 [-9.358183e-03],
 [-1.483141e-02],
 [-2.361973e-02],
 [-1.899105e-02],
 [-1.520940e-02],
 [-1.983014e-02],
 [-2.217317e-03],
 [-1.524393e-03],
 [-4.489385e-01]]
spherical_charges_l1: [[-3.951496e-03,  9.251093e-01,  5.671279e-01],
 [ 3.066108e-04,  4.908227e-03,  2.031278e-03],
 [-8.343393e-04,  5.258352e-03,  1.524383e-03],
 [-3.676125e-02,  1.445300e-01,  2.830060e-02],
 [ 6.757998e-03, -5.878748e-04,  2.008577e-04],
 [ 8.604306e-03,  9.996505e-03,  9.128673e-03],
 [ 2.126681e-03, -2.610877e-03,  5.022606e-03],
 [-9.119039e-03,  3.713890e-03,  1.442391e-02],
 [ 3.599680e-03,  4.870730e-03,  1.461252e-02],
 [ 4.914480e-02, -1.255766e-01,  4.749426e-02],
 [ 3.964584e-03, -4.650576e-03,  2.409213e-03],
 [ 2.516759e-03, -5.115805e-03,  2.588504e-03],
 [ 5.484673e-01, -7.463668e-01,  5.925978e-01]]
spherical_charges_l2: [[ 6.678455e-01, -5.044438e-01,  8.586840e-01,  2.884930e-01, -5.760828e-01],
 [-1.005436e-02,  7.188629e-03, -8.248319e-03,  2.615470e-03,  6.374862e-03],
 [-1.072063e-02,  7.621852e-03, -7.212054e-03,  3.504415e-03,  6.479209e-03],
 [-2.883007e-03,  3.616016e-02,  1.707371e-02, -3.553096e-04,  2.519850e-02],
 [ 5.047597e-02,  3.663934e-02, -3.043985e-02, -3.769369e-02,  1.408228e-02],
 [ 4.946046e-02,  4.109469e-02, -3.253258e-02, -1.528868e-02,  1.696007e-02],
 [ 3.515144e-02,  1.951661e-02,  1.940746e-03,  1.390752e-02,  3.337247e-02],
 [ 3.658430e-02,  4.874415e-02, -1.674064e-02,  1.745720e-02,  2.049649e-03],
 [ 3.978483e-02,  4.722850e-02, -1.211630e-02,  1.386610e-02,  3.221822e-03],
 [ 8.930465e-03, -1.097977e-02,  1.435848e-02,  2.339240e-02,  6.105482e-03],
 [-8.456156e-03, -1.546675e-02,  6.833866e-03,  2.036263e-03,  7.463965e-03],
 [-7.415019e-03, -1.486140e-02,  6.607414e-03,  2.225181e-03,  6.993803e-03],
 [ 5.831163e-01,  7.185095e-01, -2.024078e-01, -6.450577e-01, -7.637005e-01]]
energy_short: [-1.224669,  0.884471,  0.881502, -0.677881, -0.411053, -0.454344, -0.672703, -0.642481, -0.646064, -0.840349,  0.892493,  0.890016, -0.95203 ]
energy_long: [0.070551, 0.193483, 0.1914  , 0.384851, 0.21255 , 0.234664, 0.223981, 0.337963, 0.326276, 0.372491, 0.193564, 0.195162, 0.19786 ]