step=3608505, graph_id=0, num_atoms=13
scalar_charges: [-0.463197,  1.170422,  1.172189, -0.462368, -0.462255, -0.462302, -0.462395, -0.462407, -0.462434, -0.462395,  1.173896,  1.172333, -0.462309]
spherical_charges_l0: [[-0.425038],
 [-0.00114 ],
 [-0.000513],
 [-0.012701],
 [-0.009368],
 [-0.014206],
 [-0.022506],
 [-0.018251],
 [-0.014755],
 [-0.01907 ],
 [-0.002375],
 [-0.001658],
 [-0.437416]]
spherical_charges_l1: [[-5.249435e-03,  9.047985e-01,  5.546419e-01],
 [-3.605117e-04,  5.120872e-03,  1.747488e-03],
 [-5.214064e-04,  5.061965e-03,  1.520088e-03],
 [-3.536316e-02,  1.392043e-01,  2.770728e-02],
 [ 6.215863e-03, -7.537539e-05,  2.395215e-04],
 [ 8.642859e-03,  9.063787e-03,  8.974615e-03],
 [ 2.050751e-03, -2.254328e-03,  5.227955e-03],
 [-8.871481e-03,  4.039997e-03,  1.368370e-02],
 [ 3.389812e-03,  4.503736e-03,  1.388722e-02],
 [ 4.759329e-02, -1.216888e-01,  4.656993e-02],
 [ 3.530403e-03, -4.709854e-03,  2.422802e-03],
 [ 2.811482e-03, -4.827461e-03,  2.456150e-03],
 [ 5.367294e-01, -7.290769e-01,  5.814770e-01]]
spherical_charges_l2: [[ 6.525393e-01, -4.941649e-01,  8.420817e-01,  2.846451e-01, -5.657035e-01],
 [-1.092025e-02,  7.520997e-03, -8.714927e-03,  2.959232e-03,  6.514992e-03],
 [-1.136172e-02,  8.127139e-03, -7.425070e-03,  3.866600e-03,  6.700729e-03],
 [-1.885082e-03,  3.463867e-02,  1.724839e-02,  1.225711e-04,  2.464412e-02],
 [ 5.062626e-02,  3.622887e-02, -2.998625e-02, -3.766892e-02,  1.406425e-02],
 [ 4.861246e-02,  4.117798e-02, -3.221966e-02, -1.442882e-02,  1.769613e-02],
 [ 3.424494e-02,  2.018656e-02,  1.821560e-03,  1.348803e-02,  3.299263e-02],
 [ 3.654197e-02,  4.852244e-02, -1.545162e-02,  1.670688e-02,  2.866084e-03],
 [ 3.945551e-02,  4.679593e-02, -1.293840e-02,  1.466459e-02,  3.082103e-03],
 [ 9.161158e-03, -1.008300e-02,  1.407034e-02,  2.303131e-02,  6.287753e-03],
 [-8.815519e-03, -1.620947e-02,  7.170009e-03,  2.062976e-03,  7.732223e-03],
 [-7.760943e-03, -1.564709e-02,  6.967748e-03,  2.230545e-03,  7.236573e-03],
 [ 5.715422e-01,  7.038555e-01, -1.974575e-01, -6.342771e-01, -7.485518e-01]]
energy_short: [-1.216008,  0.893208,  0.88973 , -0.675209, -0.406863, -0.449735, -0.665624, -0.636738, -0.640399, -0.837403,  0.901149,  0.898506, -0.944591]
energy_long: [0.061773, 0.187649, 0.185328, 0.383937, 0.207611, 0.228491, 0.217389, 0.332313, 0.319203, 0.37149 , 0.187572, 0.189318, 0.191002]