step=2811510, graph_id=0, num_atoms=13
scalar_charges: [-0.470756,  1.219142,  1.220618, -0.472961, -0.474385, -0.474181, -0.47291 , -0.473156, -0.473158, -0.472079,  1.226101,  1.223853, -0.47053 ]
spherical_charges_l0: [[-4.635947e-01],
 [-9.062346e-04],
 [-3.169055e-04],
 [-1.308155e-02],
 [-8.086834e-03],
 [-1.463725e-02],
 [-2.293513e-02],
 [-1.873633e-02],
 [-1.448092e-02],
 [-1.864310e-02],
 [-2.166618e-03],
 [-1.474537e-03],
 [-4.740429e-01]]
spherical_charges_l1: [[-4.188230e-03,  9.667397e-01,  5.983149e-01],
 [ 8.482803e-04,  4.983600e-03,  2.316924e-03],
 [-1.502817e-03,  5.918091e-03,  1.497726e-03],
 [-3.911839e-02,  1.493836e-01,  2.853572e-02],
 [ 5.776401e-03, -3.208464e-04, -7.222407e-04],
 [ 8.645433e-03,  1.008583e-02,  8.991111e-03],
 [ 2.082522e-03, -2.398570e-03,  4.859420e-03],
 [-9.046159e-03,  3.525746e-03,  1.444740e-02],
 [ 3.402320e-03,  5.022018e-03,  1.408673e-02],
 [ 4.992747e-02, -1.298298e-01,  4.873885e-02],
 [ 4.719961e-03, -4.397390e-03,  2.310641e-03],
 [ 2.004269e-03, -5.652244e-03,  2.834239e-03],
 [ 5.727902e-01, -7.779887e-01,  6.191753e-01]]
spherical_charges_l2: [[ 7.073269e-01, -5.373110e-01,  9.065881e-01,  3.020074e-01, -6.111360e-01],
 [-1.108903e-02,  8.225027e-03, -8.951473e-03,  3.040466e-03,  7.221880e-03],
 [-1.162290e-02,  8.177794e-03, -7.905492e-03,  3.844221e-03,  7.036635e-03],
 [-4.534243e-03,  3.769806e-02,  1.717433e-02,  1.984858e-04,  2.708825e-02],
 [ 5.223210e-02,  3.808656e-02, -3.141326e-02, -3.859479e-02,  1.431156e-02],
 [ 5.232114e-02,  4.364970e-02, -3.439091e-02, -1.653855e-02,  1.811938e-02],
 [ 3.670446e-02,  2.138259e-02,  2.057755e-03,  1.456982e-02,  3.542325e-02],
 [ 3.896002e-02,  5.207435e-02, -1.740474e-02,  1.818900e-02,  2.017584e-03],
 [ 4.169136e-02,  4.956603e-02, -1.289153e-02,  1.431881e-02,  3.117278e-03],
 [ 8.465129e-03, -1.312241e-02,  1.631581e-02,  2.380213e-02,  7.026988e-03],
 [-9.379389e-03, -1.647502e-02,  7.259646e-03,  2.095992e-03,  8.100444e-03],
 [-7.913562e-03, -1.613166e-02,  7.179438e-03,  2.445359e-03,  7.541487e-03],
 [ 6.156496e-01,  7.584081e-01, -2.142693e-01, -6.800112e-01, -8.067688e-01]]
energy_short: [-1.212483,  0.853569,  0.850832, -0.672786, -0.414719, -0.458109, -0.675525, -0.645721, -0.649319, -0.835851,  0.861829,  0.859492, -0.942604]
energy_long: [0.079373, 0.199815, 0.197774, 0.388   , 0.216556, 0.239549, 0.23603 , 0.342178, 0.331146, 0.375885, 0.19932 , 0.201164, 0.209966]