step=276345, graph_id=0, num_atoms=13
scalar_charges: [-1.999311,  7.00378 ,  6.991724, -2.153667, -2.168121, -2.166346, -2.145513, -2.147334, -2.143894, -2.118802,  7.022763,  7.009815, -2.10995 ]
spherical_charges_l0: [[-3.692793],
 [-0.037491],
 [-0.038665],
 [-0.197241],
 [-0.040628],
 [-0.144158],
 [-0.168071],
 [-0.179923],
 [-0.140781],
 [-0.22533 ],
 [-0.05657 ],
 [-0.043154],
 [-3.72118 ]]
spherical_charges_l1: [[-1.530844e-01,  7.106944e+00,  4.140822e+00],
 [ 6.084100e-02, -7.795799e-03,  2.507616e-02],
 [-5.497400e-02,  5.044163e-02, -5.350638e-03],
 [-3.339043e-01,  1.511727e+00,  3.291802e-01],
 [-5.020798e-02, -7.906950e-02, -1.131426e-01],
 [-8.979090e-02,  1.021687e-01, -5.153765e-02],
 [ 1.548165e-02, -2.089049e-02, -4.493727e-04],
 [-1.691534e-03, -6.938046e-03, -1.138276e-02],
 [-1.254031e-02,  7.696756e-03, -3.170640e-02],
 [ 5.151550e-01, -1.239179e+00,  4.289035e-01],
 [ 8.094760e-02, -6.880236e-03,  6.082253e-03],
 [-4.419515e-02, -5.129493e-02,  2.363149e-02],
 [ 4.040554e+00, -5.706983e+00,  4.374403e+00]]
spherical_charges_l2: [[ 3.637999e+00, -2.835687e+00,  4.858999e+00,  1.709732e+00, -3.222815e+00],
 [-1.063879e-01,  1.017218e-01, -7.312227e-02,  4.741573e-02,  6.624670e-02],
 [-1.615225e-01,  8.450315e-02, -8.882485e-02,  6.224202e-02,  6.168978e-02],
 [ 1.552624e-01,  1.923580e-01,  2.791255e-01, -8.342046e-02,  9.381996e-02],
 [ 3.998953e-01,  2.545035e-01, -8.745416e-02, -2.279918e-01,  1.614019e-01],
 [ 3.822002e-01,  3.378583e-01, -1.689509e-01, -1.013836e-01,  1.853996e-01],
 [ 2.766631e-01,  2.736688e-01,  3.025366e-03,  1.003047e-01,  2.917630e-01],
 [ 3.074549e-01,  4.016331e-01, -1.176476e-01,  1.616568e-01,  1.129458e-01],
 [ 3.129532e-01,  3.900329e-01, -1.120965e-01,  1.786723e-01,  1.044952e-01],
 [ 2.078626e-01,  1.296102e-01, -2.229603e-02,  1.404907e-01, -1.263533e-01],
 [-9.382413e-02, -1.901846e-01,  8.547050e-02,  1.316530e-02,  7.531230e-02],
 [-9.868956e-02, -1.725712e-01,  7.697327e-02,  1.034457e-02,  7.454669e-02],
 [ 3.310198e+00,  4.067520e+00, -1.156421e+00, -3.668226e+00, -4.373190e+00]]
energy_short: [-0.834745,  0.324259,  0.317966, -0.248925, -0.1622  , -0.1907  , -0.393932, -0.379398, -0.394411, -0.473418,  0.339239,  0.329677, -0.532527]
energy_long: [0.01282 , 0.097699, 0.097791, 0.369655, 0.10644 , 0.198146, 0.195603, 0.267544, 0.250497, 0.366002, 0.098351, 0.098637, 0.140881]