step=3984975, graph_id=0, num_atoms=13
scalar_charges: [-0.464885,  1.180038,  1.181277, -0.464186, -0.463785, -0.463869, -0.464148, -0.464139, -0.46417 , -0.464276,  1.183697,  1.181891, -0.46425 ]
spherical_charges_l0: [[-0.420802],
 [-0.001236],
 [-0.000581],
 [-0.012383],
 [-0.009574],
 [-0.014289],
 [-0.022816],
 [-0.018429],
 [-0.014978],
 [-0.018957],
 [-0.002398],
 [-0.001688],
 [-0.43259 ]]
spherical_charges_l1: [[-6.829272e-03,  8.931617e-01,  5.472462e-01],
 [-5.730246e-04,  4.934799e-03,  1.574539e-03],
 [-3.487522e-04,  4.777689e-03,  1.488826e-03],
 [-3.490583e-02,  1.387564e-01,  2.760721e-02],
 [ 6.171948e-03, -1.971798e-04, -6.155491e-05],
 [ 8.235683e-03,  8.841971e-03,  8.740585e-03],
 [ 2.105018e-03, -2.257562e-03,  5.352045e-03],
 [-8.637130e-03,  4.156051e-03,  1.325897e-02],
 [ 3.256231e-03,  4.239673e-03,  1.353856e-02],
 [ 4.737956e-02, -1.210460e-01,  4.603674e-02],
 [ 3.257400e-03, -4.569654e-03,  2.344766e-03],
 [ 2.783911e-03, -4.589820e-03,  2.338714e-03],
 [ 5.283828e-01, -7.182711e-01,  5.740185e-01]]
spherical_charges_l2: [[ 6.461446e-01, -4.880625e-01,  8.351136e-01,  2.839927e-01, -5.595577e-01],
 [-1.086847e-02,  7.337923e-03, -8.652085e-03,  2.987427e-03,  6.310428e-03],
 [-1.128751e-02,  8.058062e-03, -7.281661e-03,  3.851343e-03,  6.619748e-03],
 [-1.814985e-03,  3.420570e-02,  1.764354e-02,  4.186167e-04,  2.469166e-02],
 [ 5.021930e-02,  3.602034e-02, -2.997132e-02, -3.714504e-02,  1.382435e-02],
 [ 4.834921e-02,  4.082345e-02, -3.199878e-02, -1.466230e-02,  1.775612e-02],
 [ 3.447264e-02,  1.982480e-02,  1.872757e-03,  1.351047e-02,  3.283778e-02],
 [ 3.614324e-02,  4.828681e-02, -1.541160e-02,  1.691653e-02,  2.725467e-03],
 [ 3.917903e-02,  4.662128e-02, -1.288480e-02,  1.438083e-02,  3.161315e-03],
 [ 9.199908e-03, -9.880202e-03,  1.425227e-02,  2.280802e-02,  6.199111e-03],
 [-8.859829e-03, -1.619611e-02,  7.161653e-03,  2.039561e-03,  7.736390e-03],
 [-7.643958e-03, -1.557426e-02,  6.940662e-03,  2.228345e-03,  7.163133e-03],
 [ 5.652843e-01,  6.957781e-01, -1.947459e-01, -6.280178e-01, -7.402864e-01]]
energy_short: [-1.21143 ,  0.895446,  0.891752, -0.672083, -0.40172 , -0.445075, -0.662904, -0.632741, -0.636124, -0.833632,  0.90378 ,  0.9009  , -0.940275]
energy_long: [0.060731, 0.185208, 0.182501, 0.385248, 0.20169 , 0.227324, 0.215368, 0.329182, 0.317007, 0.372478, 0.184912, 0.186744, 0.189005]