step=3328155, graph_id=0, num_atoms=13
scalar_charges: [-0.467779,  1.176173,  1.177776, -0.466859, -0.46699 , -0.466966, -0.466861, -0.466885, -0.466895, -0.466748,  1.180991,  1.17912 , -0.466794]
spherical_charges_l0: [[-4.351158e-01],
 [-1.011046e-03],
 [-4.154360e-04],
 [-1.305599e-02],
 [-7.794918e-03],
 [-1.318539e-02],
 [-2.229011e-02],
 [-1.748919e-02],
 [-1.379039e-02],
 [-1.901235e-02],
 [-2.339332e-03],
 [-1.589805e-03],
 [-4.473152e-01]]
spherical_charges_l1: [[-2.807797e-03,  9.224949e-01,  5.666301e-01],
 [-3.837370e-04,  5.269924e-03,  1.814540e-03],
 [-3.472568e-04,  5.146738e-03,  1.652261e-03],
 [-3.692091e-02,  1.431461e-01,  2.757130e-02],
 [ 4.769011e-03, -3.219241e-04, -1.275887e-03],
 [ 7.619012e-03,  9.070633e-03,  7.889402e-03],
 [ 2.081371e-03, -2.369718e-03,  4.962342e-03],
 [-8.471883e-03,  3.783065e-03,  1.296420e-02],
 [ 3.250920e-03,  4.153626e-03,  1.289230e-02],
 [ 4.827344e-02, -1.248565e-01,  4.701159e-02],
 [ 3.508989e-03, -4.835961e-03,  2.484030e-03],
 [ 2.925553e-03, -4.885115e-03,  2.488470e-03],
 [ 5.472376e-01, -7.437046e-01,  5.910393e-01]]
spherical_charges_l2: [[ 0.66821 , -0.506765,  0.859298,  0.286619, -0.576963],
 [-0.01092 ,  0.007716, -0.009057,  0.00277 ,  0.006893],
 [-0.011392,  0.008231, -0.007657,  0.003699,  0.006992],
 [-0.00249 ,  0.035662,  0.018236,  0.000897,  0.025223],
 [ 0.048213,  0.034845, -0.028595, -0.035587,  0.01331 ],
 [ 0.047388,  0.038739, -0.030513, -0.01471 ,  0.016715],
 [ 0.034672,  0.018984,  0.001808,  0.013513,  0.032137],
 [ 0.034789,  0.046427, -0.015973,  0.017123,  0.001953],
 [ 0.038026,  0.044985, -0.011503,  0.013076,  0.003352],
 [ 0.009393, -0.010659,  0.015005,  0.02312 ,  0.006262],
 [-0.009022, -0.01617 ,  0.007121,  0.00229 ,  0.008052],
 [-0.007815, -0.015766,  0.007002,  0.002524,  0.007536],
 [ 0.58325 ,  0.720215, -0.202718, -0.645129, -0.762904]]
energy_short: [-1.211932,  0.881947,  0.878877, -0.678231, -0.413003, -0.455649, -0.67101 , -0.642512, -0.646352, -0.841035,  0.89004 ,  0.887418, -0.939895]
energy_long: [0.064249, 0.189522, 0.187184, 0.383248, 0.210541, 0.233307, 0.223328, 0.334678, 0.326005, 0.37113 , 0.189416, 0.191253, 0.195378]