step=1297620, graph_id=0, num_atoms=13
scalar_charges: [-0.69733 ,  2.047267,  2.052666, -0.771425, -0.771104, -0.771362, -0.766208, -0.766827, -0.766361, -0.755885,  2.053416,  2.054215, -0.755437]
spherical_charges_l0: [[-1.081704],
 [-0.003497],
 [-0.002807],
 [-0.022057],
 [-0.007047],
 [-0.028825],
 [-0.050775],
 [-0.039302],
 [-0.028266],
 [-0.034523],
 [-0.00502 ],
 [-0.003916],
 [-1.109308]]
spherical_charges_l1: [[ 1.884026e-02,  2.307807e+00,  1.414386e+00],
 [ 3.341338e-03,  8.907147e-03,  5.133545e-03],
 [-3.693226e-03,  1.239449e-02,  3.133449e-03],
 [-8.628031e-02,  3.484839e-01,  7.299071e-02],
 [ 4.520306e-03,  3.190043e-04, -1.202095e-02],
 [ 1.352613e-02,  1.641775e-02,  1.415944e-02],
 [ 5.291098e-03, -4.087299e-03,  1.309919e-02],
 [-1.781256e-02,  1.018526e-02,  2.411478e-02],
 [ 6.930438e-03,  5.975374e-03,  2.538255e-02],
 [ 1.216947e-01, -3.021046e-01,  1.175630e-01],
 [ 1.138273e-02, -7.422798e-03,  4.016351e-03],
 [ 1.955752e-03, -1.180648e-02,  5.847893e-03],
 [ 1.371680e+00, -1.865481e+00,  1.448568e+00]]
spherical_charges_l2: [[ 1.616969, -1.216625,  2.085538,  0.698106, -1.407081],
 [-0.018788,  0.012647, -0.014817,  0.00589 ,  0.011882],
 [-0.021386,  0.015186, -0.013348,  0.008716,  0.012669],
 [-0.010247,  0.084103,  0.04315 ,  0.004514,  0.053012],
 [ 0.118244,  0.086762, -0.059738, -0.082865,  0.038083],
 [ 0.114459,  0.086755, -0.069675, -0.031755,  0.039117],
 [ 0.07871 ,  0.040559,  0.004361,  0.030107,  0.070441],
 [ 0.084305,  0.104607, -0.03935 ,  0.038827,  0.005424],
 [ 0.090917,  0.10375 , -0.023637,  0.034802,  0.011734],
 [ 0.023741, -0.026552,  0.033589,  0.04266 ,  0.004294],
 [-0.017849, -0.03084 ,  0.013648,  0.002782,  0.014317],
 [-0.013959, -0.029486,  0.013224,  0.003528,  0.012655],
 [ 1.409644,  1.738714, -0.502492, -1.570939, -1.881415]]
energy_short: [-0.927883,  0.556706,  0.551865, -0.43561 , -0.251293, -0.289896, -0.504711, -0.479455, -0.485947, -0.6246  ,  0.563688,  0.560993, -0.635637]
energy_long: [0.031591, 0.134679, 0.133816, 0.354141, 0.181532, 0.204002, 0.198732, 0.2929  , 0.290455, 0.340008, 0.135113, 0.135688, 0.159424]