step=3187980, graph_id=0, num_atoms=13
scalar_charges: [-0.467473,  1.183735,  1.185155, -0.465718, -0.465561, -0.465557, -0.465542, -0.465592, -0.465624, -0.465799,  1.189493,  1.187389, -0.465429]
spherical_charges_l0: [[-4.357442e-01],
 [-8.715878e-04],
 [-2.841461e-04],
 [-1.279483e-02],
 [-8.734878e-03],
 [-1.404725e-02],
 [-2.254141e-02],
 [-1.816512e-02],
 [-1.445757e-02],
 [-1.907289e-02],
 [-2.238541e-03],
 [-1.497837e-03],
 [-4.476714e-01]]
spherical_charges_l1: [[-2.560416e-03,  9.201976e-01,  5.638368e-01],
 [ 1.159583e-04,  5.011316e-03,  1.957077e-03],
 [-7.799761e-04,  5.286659e-03,  1.519545e-03],
 [-3.663498e-02,  1.431997e-01,  2.839523e-02],
 [ 6.754639e-03, -5.479346e-04,  3.508051e-04],
 [ 8.392666e-03,  9.874404e-03,  8.863399e-03],
 [ 2.152823e-03, -2.407423e-03,  5.251450e-03],
 [-8.785501e-03,  3.444329e-03,  1.386273e-02],
 [ 3.392147e-03,  4.893788e-03,  1.393743e-02],
 [ 4.882870e-02, -1.244106e-01,  4.756336e-02],
 [ 3.886485e-03, -4.601976e-03,  2.382352e-03],
 [ 2.553483e-03, -5.061605e-03,  2.562698e-03],
 [ 5.451786e-01, -7.420434e-01,  5.874649e-01]]
spherical_charges_l2: [[ 0.665164, -0.502315,  0.854005,  0.286014, -0.573914],
 [-0.010908,  0.007619, -0.008736,  0.003043,  0.006672],
 [-0.011317,  0.007993, -0.007448,  0.003806,  0.006737],
 [-0.003546,  0.035881,  0.017723,  0.00095 ,  0.025397],
 [ 0.051288,  0.037131, -0.030462, -0.037748,  0.014569],
 [ 0.049888,  0.041641, -0.032532, -0.015664,  0.017763],
 [ 0.035393,  0.02039 ,  0.001927,  0.013954,  0.033815],
 [ 0.037065,  0.049613, -0.016518,  0.017707,  0.002377],
 [ 0.040208,  0.047934, -0.012706,  0.014202,  0.003405],
 [ 0.008803, -0.011367,  0.015127,  0.023222,  0.006528],
 [-0.009157, -0.016178,  0.00714 ,  0.001933,  0.007812],
 [-0.007616, -0.015854,  0.007074,  0.002303,  0.007228],
 [ 0.580239,  0.715541, -0.202118, -0.639977, -0.758056]]
energy_short: [-1.220134,  0.882799,  0.879886, -0.671638, -0.40587 , -0.448962, -0.664698, -0.635977, -0.639508, -0.83396 ,  0.89088 ,  0.888444, -0.946659]
energy_long: [0.073544, 0.192765, 0.190398, 0.38363 , 0.214004, 0.240516, 0.221794, 0.341854, 0.325992, 0.371789, 0.192628, 0.194267, 0.199711]