step=1814265, graph_id=0, num_atoms=13
scalar_charges: [-0.54396 ,  1.517046,  1.525548, -0.572211, -0.579269, -0.577487, -0.568178, -0.569406, -0.569232, -0.561211,  1.522074,  1.523116, -0.561859]
spherical_charges_l0: [[-0.673308],
 [-0.001799],
 [-0.001308],
 [-0.018072],
 [-0.010892],
 [-0.022627],
 [-0.03555 ],
 [-0.028955],
 [-0.022152],
 [-0.02409 ],
 [-0.003435],
 [-0.002486],
 [-0.682574]]
spherical_charges_l1: [[-4.988842e-03,  1.421241e+00,  8.721709e-01],
 [ 1.414169e-03,  7.332399e-03,  3.437697e-03],
 [-1.204867e-03,  8.028814e-03,  2.429777e-03],
 [-5.828757e-02,  2.270011e-01,  4.357124e-02],
 [ 7.862795e-03, -2.185182e-03, -4.167375e-03],
 [ 1.077883e-02,  1.561810e-02,  1.279628e-02],
 [ 3.468642e-03, -3.582329e-03,  8.913281e-03],
 [-1.242434e-02,  4.069012e-03,  1.997650e-02],
 [ 4.554813e-03,  7.206996e-03,  1.921869e-02],
 [ 7.664774e-02, -1.943638e-01,  7.236642e-02],
 [ 3.758760e-03, -6.240811e-03,  3.178942e-03],
 [ 3.562526e-03, -6.557205e-03,  3.328076e-03],
 [ 8.282357e-01, -1.130940e+00,  8.938565e-01]]
spherical_charges_l2: [[ 1.012339e+00, -7.712971e-01,  1.324428e+00,  4.596014e-01, -8.915032e-01],
 [-1.569556e-02,  1.237936e-02, -1.319233e-02,  4.449584e-03,  1.135281e-02],
 [-1.707772e-02,  1.256394e-02, -1.193641e-02,  5.791939e-03,  1.139309e-02],
 [-7.860381e-03,  5.893073e-02,  2.366052e-02,  7.630375e-04,  3.910035e-02],
 [ 7.958393e-02,  5.904917e-02, -4.547979e-02, -5.892437e-02,  2.306652e-02],
 [ 8.067214e-02,  6.812041e-02, -5.250779e-02, -2.624596e-02,  2.674379e-02],
 [ 5.595434e-02,  3.162304e-02,  3.348486e-03,  2.255744e-02,  5.439306e-02],
 [ 5.990330e-02,  8.037047e-02, -2.898946e-02,  2.743627e-02,  3.208278e-03],
 [ 6.296314e-02,  7.664939e-02, -1.820150e-02,  2.245435e-02,  5.984810e-03],
 [ 1.191913e-02, -2.195862e-02,  2.413435e-02,  3.300359e-02,  9.891528e-03],
 [-1.312616e-02, -2.337858e-02,  1.028128e-02,  3.459915e-03,  1.182746e-02],
 [-1.163932e-02, -2.266431e-02,  1.002842e-02,  3.813822e-03,  1.123726e-02],
 [ 8.824217e-01,  1.076585e+00, -3.054183e-01, -9.893761e-01, -1.174650e+00]]
energy_short: [-0.99979 ,  0.676546,  0.672447, -0.516819, -0.301082, -0.342218, -0.559893, -0.529358, -0.534036, -0.693073,  0.685189,  0.681939, -0.72121 ]
energy_long: [0.050167, 0.160714, 0.158829, 0.363681, 0.195663, 0.212272, 0.199501, 0.309363, 0.301581, 0.350821, 0.160356, 0.161973, 0.188428]