step=2571210, graph_id=0, num_atoms=13
scalar_charges: [-0.478594,  1.254872,  1.257079, -0.482348, -0.484374, -0.483955, -0.48197 , -0.482347, -0.482359, -0.480928,  1.262649,  1.260187, -0.47908 ]
spherical_charges_l0: [[-4.931108e-01],
 [-1.083956e-03],
 [-4.863195e-04],
 [-1.455918e-02],
 [-8.936607e-03],
 [-1.555245e-02],
 [-2.531131e-02],
 [-2.021041e-02],
 [-1.581687e-02],
 [-2.125182e-02],
 [-2.440016e-03],
 [-1.696180e-03],
 [-5.051875e-01]]
spherical_charges_l1: [[-2.809171e-03,  1.049964e+00,  6.439903e-01],
 [ 3.019202e-04,  5.669127e-03,  2.309241e-03],
 [-9.014059e-04,  6.127161e-03,  1.845291e-03],
 [-4.018809e-02,  1.631880e-01,  3.386191e-02],
 [ 6.279889e-03, -1.018835e-04, -1.336841e-03],
 [ 8.748746e-03,  1.049221e-02,  9.499888e-03],
 [ 2.161773e-03, -3.041334e-03,  4.898416e-03],
 [-9.774675e-03,  4.169993e-03,  1.496552e-02],
 [ 3.894474e-03,  4.623730e-03,  1.508322e-02],
 [ 5.719413e-02, -1.416561e-01,  5.478356e-02],
 [ 4.087686e-03, -5.316729e-03,  2.739156e-03],
 [ 3.025909e-03, -5.630778e-03,  2.857457e-03],
 [ 6.208742e-01, -8.456445e-01,  6.665552e-01]]
spherical_charges_l2: [[ 7.660627e-01, -5.763618e-01,  9.860209e-01,  3.276980e-01, -6.616899e-01],
 [-1.158957e-02,  8.640863e-03, -9.788916e-03,  2.980101e-03,  7.897508e-03],
 [-1.240396e-02,  8.664053e-03, -8.538535e-03,  4.026077e-03,  7.810083e-03],
 [-4.555587e-03,  4.327152e-02,  1.778779e-02,  6.398994e-04,  2.921179e-02],
 [ 5.703302e-02,  4.155188e-02, -3.309574e-02, -4.260510e-02,  1.725030e-02],
 [ 5.559669e-02,  4.549323e-02, -3.471327e-02, -1.679718e-02,  1.926249e-02],
 [ 3.952709e-02,  2.276276e-02,  2.006210e-03,  1.552102e-02,  3.752283e-02],
 [ 4.129188e-02,  5.451624e-02, -1.903269e-02,  1.969087e-02,  2.941221e-03],
 [ 4.465644e-02,  5.265250e-02, -1.332435e-02,  1.589645e-02,  4.179612e-03],
 [ 9.479547e-03, -1.465027e-02,  1.674140e-02,  2.636350e-02,  8.206481e-03],
 [-9.506409e-03, -1.761563e-02,  7.775642e-03,  2.560811e-03,  8.647870e-03],
 [-8.824824e-03, -1.690482e-02,  7.484380e-03,  2.627845e-03,  8.268739e-03],
 [ 6.676360e-01,  8.241429e-01, -2.358593e-01, -7.341229e-01, -8.767596e-01]]
energy_short: [-1.181868,  0.832983,  0.830362, -0.665678, -0.408536, -0.450987, -0.669906, -0.640296, -0.644219, -0.830465,  0.841099,  0.838709, -0.906209]
energy_long: [0.07334 , 0.196386, 0.194552, 0.386623, 0.222717, 0.23769 , 0.235216, 0.339755, 0.330575, 0.373351, 0.196239, 0.198022, 0.208851]