step=596745, graph_id=0, num_atoms=13
scalar_charges: [-0.735497,  3.40397 ,  3.389729, -1.151028, -1.201425, -1.191404, -1.102542, -1.118895, -1.116602, -1.042615,  3.410302,  3.403771, -1.033988]
spherical_charges_l0: [[-2.753926],
 [-0.012028],
 [-0.012332],
 [-0.063538],
 [-0.016792],
 [-0.072998],
 [-0.094368],
 [-0.091451],
 [-0.067417],
 [-0.063185],
 [-0.022914],
 [-0.015769],
 [-2.836594]]
spherical_charges_l1: [[ 5.204513e-02,  5.430079e+00,  3.326721e+00],
 [ 1.937099e-02,  1.991018e-02,  1.536214e-02],
 [-1.753199e-02,  3.460258e-02,  3.675672e-03],
 [-2.188917e-01,  8.470615e-01,  1.735797e-01],
 [ 1.349133e-02, -2.180203e-02, -3.846397e-02],
 [ 2.794327e-03,  4.928297e-02,  1.948640e-02],
 [ 1.136778e-02, -1.637499e-02,  8.387168e-03],
 [-2.563838e-02,  2.124438e-02,  3.706205e-02],
 [ 5.691500e-03,  9.444271e-03,  3.427825e-02],
 [ 2.566745e-01, -6.783555e-01,  2.537051e-01],
 [ 2.828944e-02, -1.334655e-02,  7.460227e-03],
 [-4.744471e-03, -3.177502e-02,  1.538533e-02],
 [ 3.216076e+00, -4.400564e+00,  3.384667e+00]]
spherical_charges_l2: [[ 3.364601, -2.592297,  4.465805,  1.503688, -2.969133],
 [-0.061302,  0.058974, -0.045928,  0.023534,  0.042481],
 [-0.084542,  0.047462, -0.051488,  0.029087,  0.040055],
 [-0.040906,  0.153504,  0.08042 , -0.013884,  0.101465],
 [ 0.247399,  0.186253, -0.117441, -0.154447,  0.085672],
 [ 0.252735,  0.205626, -0.153536, -0.085073,  0.089326],
 [ 0.169448,  0.118487,  0.00685 ,  0.065036,  0.165646],
 [ 0.189206,  0.245869, -0.081033,  0.088957,  0.019364],
 [ 0.201406,  0.237175, -0.057779,  0.074991,  0.027471],
 [ 0.041927, -0.056786,  0.059189,  0.080874, -0.007983],
 [-0.051867, -0.100378,  0.044587,  0.012156,  0.04576 ],
 [-0.054128, -0.095927,  0.042438,  0.011584,  0.046226],
 [ 2.975189,  3.652321, -1.057519, -3.314691, -3.988991]]
energy_short: [-0.854071,  0.418918,  0.412257, -0.29436 , -0.173254, -0.209199, -0.426497, -0.4006  , -0.409454, -0.520703,  0.426918,  0.421344, -0.526617]
energy_long: [0.015755, 0.125453, 0.124256, 0.357105, 0.159475, 0.171176, 0.198263, 0.280699, 0.300762, 0.343267, 0.124993, 0.125523, 0.164801]