step=2062575, graph_id=0, num_atoms=13
scalar_charges: [-0.51496 ,  1.300306,  1.307006, -0.523572, -0.536021, -0.533926, -0.524143, -0.52517 , -0.524937, -0.518453,  1.304243,  1.304802, -0.518656]
spherical_charges_l0: [[-0.576794],
 [-0.001371],
 [-0.000781],
 [-0.018156],
 [-0.009999],
 [-0.019208],
 [-0.031216],
 [-0.02479 ],
 [-0.019152],
 [-0.024841],
 [-0.002782],
 [-0.001958],
 [-0.587642]]
spherical_charges_l1: [[ 1.367710e-03,  1.207454e+00,  7.478004e-01],
 [ 8.328159e-04,  6.700448e-03,  3.078036e-03],
 [-1.252551e-03,  7.430431e-03,  2.275277e-03],
 [-5.137282e-02,  2.006749e-01,  3.879931e-02],
 [ 7.463536e-03, -9.107051e-04, -1.316340e-03],
 [ 1.093077e-02,  1.320374e-02,  1.145193e-02],
 [ 3.092574e-03, -2.896456e-03,  7.737144e-03],
 [-1.143713e-02,  3.827234e-03,  1.800194e-02],
 [ 4.394304e-03,  6.675181e-03,  1.805202e-02],
 [ 6.953220e-02, -1.758788e-01,  6.606823e-02],
 [ 5.298943e-03, -6.017106e-03,  3.123240e-03],
 [ 3.194301e-03, -6.831516e-03,  3.451808e-03],
 [ 7.114067e-01, -9.696636e-01,  7.702158e-01]]
spherical_charges_l2: [[ 0.89454 , -0.685784,  1.162152,  0.390991, -0.788604],
 [-0.012931,  0.009641, -0.01132 ,  0.002945,  0.009251],
 [-0.013658,  0.0103  , -0.009754,  0.004222,  0.00937 ],
 [-0.003946,  0.048774,  0.024148, -0.001629,  0.034336],
 [ 0.067712,  0.049136, -0.038252, -0.050532,  0.020551],
 [ 0.066043,  0.054151, -0.042551, -0.018516,  0.023206],
 [ 0.047375,  0.026886,  0.002219,  0.0182  ,  0.044109],
 [ 0.049914,  0.065068, -0.021941,  0.022748,  0.003567],
 [ 0.053513,  0.06245 , -0.016304,  0.019971,  0.005082],
 [ 0.012525, -0.013203,  0.018139,  0.031608,  0.006565],
 [-0.01116 , -0.019575,  0.008564,  0.003361,  0.010414],
 [-0.009591, -0.018858,  0.008314,  0.003696,  0.009761],
 [ 0.783691,  0.96398 , -0.274287, -0.874361, -1.039491]]
energy_short: [-1.050799,  0.725009,  0.720684, -0.57494 , -0.336426, -0.379449, -0.594441, -0.565882, -0.569165, -0.740549,  0.733068,  0.729832, -0.777792]
energy_long: [0.061038, 0.172743, 0.171053, 0.368757, 0.201032, 0.22442 , 0.218535, 0.328726, 0.318025, 0.355251, 0.172683, 0.174626, 0.185937]