step=2663325, graph_id=0, num_atoms=13
scalar_charges: [-0.480498,  1.258253,  1.261111, -0.484804, -0.487287, -0.487119, -0.485641, -0.485737, -0.485621, -0.482794,  1.263386,  1.261648, -0.484087]
spherical_charges_l0: [[-0.468467],
 [-0.001123],
 [-0.000505],
 [-0.013754],
 [-0.00911 ],
 [-0.01556 ],
 [-0.024316],
 [-0.019726],
 [-0.015587],
 [-0.020472],
 [-0.002476],
 [-0.001729],
 [-0.481261]]
spherical_charges_l1: [[-6.610245e-03,  9.868136e-01,  6.049917e-01],
 [ 3.143891e-04,  5.555159e-03,  2.289602e-03],
 [-1.123212e-03,  6.200313e-03,  1.773505e-03],
 [-3.933872e-02,  1.551712e-01,  3.065624e-02],
 [ 6.976387e-03, -1.891797e-04,  1.948277e-04],
 [ 8.847550e-03,  1.004450e-02,  9.404821e-03],
 [ 2.210964e-03, -2.436580e-03,  5.437500e-03],
 [-9.240963e-03,  3.699919e-03,  1.463795e-02],
 [ 3.682917e-03,  4.928237e-03,  1.479881e-02],
 [ 5.316912e-02, -1.350083e-01,  5.109596e-02],
 [ 4.346376e-03, -5.315324e-03,  2.747303e-03],
 [ 2.947453e-03, -5.764589e-03,  2.920602e-03],
 [ 5.839770e-01, -7.959684e-01,  6.321604e-01]]
spherical_charges_l2: [[ 0.726155, -0.549677,  0.928831,  0.306651, -0.625965],
 [-0.011545,  0.008216, -0.009701,  0.002721,  0.007534],
 [-0.011763,  0.008881, -0.00813 ,  0.003763,  0.007671],
 [-0.005039,  0.039231,  0.018189,  0.00096 ,  0.027819],
 [ 0.052911,  0.03909 , -0.032543, -0.039224,  0.014982],
 [ 0.053131,  0.043766, -0.034646, -0.017569,  0.017869],
 [ 0.03784 ,  0.021199,  0.002315,  0.015134,  0.036113],
 [ 0.038996,  0.052611, -0.018362,  0.019087,  0.0013  ],
 [ 0.042471,  0.050733, -0.012659,  0.013867,  0.003219],
 [ 0.009346, -0.012776,  0.016605,  0.024635,  0.007039],
 [-0.010344, -0.017075,  0.007463,  0.002437,  0.008991],
 [-0.008017, -0.016927,  0.007516,  0.003096,  0.008221],
 [ 0.631953,  0.782504, -0.222987, -0.696128, -0.828097]]
energy_short: [-1.190415,  0.838251,  0.835815, -0.669443, -0.407407, -0.449357, -0.665458, -0.636336, -0.640438, -0.833375,  0.845996,  0.843767, -0.916742]
energy_long: [0.077366, 0.19819 , 0.195969, 0.388299, 0.215487, 0.238709, 0.230176, 0.340032, 0.332031, 0.375678, 0.197648, 0.199436, 0.208636]