step=240300, graph_id=0, num_atoms=13
scalar_charges: [-2.439459,  9.698527,  9.694646, -2.491965, -2.496917, -2.496938, -2.494068, -2.495397, -2.493424, -2.477631,  9.700832,  9.698897, -2.485051]
spherical_charges_l0: [[-3.779407],
 [-0.05011 ],
 [-0.050234],
 [-0.274024],
 [-0.048976],
 [-0.135415],
 [-0.143405],
 [-0.164828],
 [-0.130655],
 [-0.299867],
 [-0.073638],
 [-0.05695 ],
 [-3.760576]]
spherical_charges_l1: [[-1.027818e-01,  6.960368e+00,  4.099879e+00],
 [ 7.444222e-02, -7.319630e-03,  3.211243e-02],
 [-7.757900e-02,  6.414121e-02, -9.091428e-03],
 [-3.482311e-01,  1.699398e+00,  3.715795e-01],
 [-3.819883e-02, -7.449404e-02, -6.988858e-02],
 [-6.648917e-02,  8.682878e-02, -4.872991e-02],
 [ 1.259950e-02, -1.394958e-02,  1.582296e-03],
 [-9.580783e-03, -1.601238e-03, -1.090220e-02],
 [-7.773921e-04,  4.949240e-03, -2.241445e-02],
 [ 6.276399e-01, -1.465899e+00,  5.006310e-01],
 [ 1.010181e-01, -3.380487e-03,  5.045211e-03],
 [-5.689749e-02, -6.444483e-02,  2.965576e-02],
 [ 4.003833e+00, -5.557569e+00,  4.343346e+00]]
spherical_charges_l2: [[ 3.715622e+00, -2.777597e+00,  4.960718e+00,  1.799636e+00, -3.204849e+00],
 [-1.191134e-01,  1.100346e-01, -8.047419e-02,  5.117221e-02,  7.110064e-02],
 [-1.779705e-01,  9.899335e-02, -9.641435e-02,  7.027730e-02,  6.821556e-02],
 [ 2.246748e-01,  1.708442e-01,  3.602875e-01, -1.296772e-01,  4.354665e-02],
 [ 3.440478e-01,  2.339196e-01, -9.381630e-02, -2.041622e-01,  1.365558e-01],
 [ 3.474385e-01,  3.090172e-01, -1.469508e-01, -8.315066e-02,  1.511988e-01],
 [ 2.461963e-01,  2.485065e-01,  4.440503e-03,  9.369626e-02,  2.729395e-01],
 [ 2.797565e-01,  3.568695e-01, -1.244433e-01,  1.294116e-01,  1.104960e-01],
 [ 2.729006e-01,  3.491491e-01, -8.618459e-02,  1.728593e-01,  9.431687e-02],
 [ 2.513398e-01,  2.152360e-01, -7.868649e-02,  1.732416e-01, -1.963348e-01],
 [-1.099820e-01, -2.164182e-01,  9.717810e-02,  1.320857e-02,  8.595983e-02],
 [-1.064671e-01, -1.920449e-01,  8.573107e-02,  1.360453e-02,  8.289146e-02],
 [ 3.283577e+00,  3.984501e+00, -1.109944e+00, -3.719330e+00, -4.368276e+00]]
energy_short: [-0.704297,  0.336287,  0.328951, -0.243886, -0.124639, -0.158195, -0.371443, -0.348859, -0.361237, -0.463807,  0.354173,  0.34248 , -0.407008]
energy_long: [0.001419, 0.080143, 0.079905, 0.35021 , 0.106316, 0.148063, 0.172153, 0.233045, 0.240948, 0.345893, 0.080285, 0.080499, 0.108375]