step=52065, graph_id=0, num_atoms=13
scalar_charges: [-2.515951,  8.977557,  8.971629, -2.533177, -2.582675, -2.578345, -2.594249, -2.593056, -2.594834, -2.561781,  9.011114,  8.990479, -2.504952]
spherical_charges_l0: [[-1.340458],
 [-0.02416 ],
 [-0.020697],
 [-0.092842],
 [-0.04077 ],
 [-0.063134],
 [-0.089821],
 [-0.076344],
 [-0.07422 ],
 [-0.111208],
 [-0.02274 ],
 [-0.02242 ],
 [-1.348824]]
spherical_charges_l1: [[ 2.552075e-01,  2.088924e+00,  1.118471e+00],
 [ 8.681099e-02,  1.290713e-02,  4.946800e-02],
 [-8.378978e-02,  8.770695e-02,  4.629517e-06],
 [-3.201741e-02,  6.655397e-01,  2.804926e-01],
 [-3.813718e-02, -3.814891e-02, -1.153535e-01],
 [-1.190685e-01,  2.266951e-02, -8.817024e-02],
 [ 2.776976e-02,  2.231108e-02,  8.307587e-02],
 [ 5.430729e-02, -2.294886e-02, -1.162398e-01],
 [-3.765614e-02, -4.093148e-02, -1.118129e-01],
 [ 3.861380e-01, -6.728429e-01,  3.213948e-01],
 [ 1.599847e-01,  5.488723e-03,  2.739494e-03],
 [-5.908933e-02, -1.105468e-01,  5.223187e-02],
 [ 1.260100e+00, -1.773788e+00,  9.859673e-01]]
spherical_charges_l2: [[ 1.781385, -1.379763,  2.112723,  0.30798 , -1.483233],
 [-0.030959,  0.033011, -0.028163,  0.016309,  0.018062],
 [-0.030969,  0.028977, -0.014769,  0.007309,  0.023787],
 [ 0.180286,  0.054334,  0.082551, -0.039778,  0.020367],
 [ 0.086023,  0.026202,  0.057437, -0.031097,  0.064768],
 [ 0.086403,  0.078269,  0.040623,  0.007431,  0.065607],
 [ 0.074406,  0.111141, -0.016183,  0.012979,  0.065124],
 [ 0.065285,  0.08203 , -0.035322,  0.040092,  0.07808 ],
 [ 0.045459,  0.07573 , -0.01593 ,  0.076106,  0.067252],
 [ 0.107662,  0.128253, -0.071892,  0.057309, -0.018376],
 [-0.008436, -0.043974,  0.019927,  0.013117,  0.018814],
 [-0.024807, -0.038313,  0.016488,  0.008936,  0.024109],
 [ 1.450236,  2.029103, -0.716503, -1.412642, -1.992886]]
energy_short: [-0.46325 , -0.055333, -0.067766,  0.137568,  0.11729 ,  0.068585, -0.129997, -0.117356, -0.129244, -0.068725, -0.017463, -0.044194, -0.204927]
energy_long: [0.050532, 0.082203, 0.080405, 0.194629, 0.014777, 0.059989, 0.08883 , 0.053327, 0.233896, 0.192655, 0.083844, 0.082309, 0.065252]