step=8010, graph_id=0, num_atoms=13
scalar_charges: [0.133943, 0.231638, 0.231312, 0.258236, 0.283903, 0.277559, 0.264154, 0.274161, 0.275764, 0.275391, 0.230238, 0.229945, 0.130995]
spherical_charges_l0: [[-8.850161e-03],
 [ 3.081504e-05],
 [ 7.295734e-05],
 [-2.208443e-02],
 [-2.147279e-03],
 [-4.650338e-03],
 [-1.032926e-02],
 [-7.226519e-03],
 [-6.348148e-03],
 [-2.085362e-02],
 [-4.734304e-05],
 [ 2.051006e-05],
 [-6.733239e-03]]
spherical_charges_l1: [[ 8.786185e-03, -3.881115e-03,  2.074847e-02],
 [ 1.461088e-04,  2.637185e-04,  1.834358e-04],
 [ 1.143990e-04,  1.908967e-04,  1.225843e-04],
 [-3.076707e-03,  2.820025e-03,  9.614221e-03],
 [ 2.001113e-02, -1.623072e-02,  1.719311e-02],
 [ 8.045383e-03,  1.653510e-02,  1.235571e-02],
 [ 2.468591e-03, -1.230638e-03,  4.749002e-03],
 [-1.283395e-03, -8.453752e-03,  1.504772e-02],
 [ 5.115229e-03,  5.348043e-03,  2.016093e-02],
 [-3.069326e-03,  1.084499e-02, -5.910442e-03],
 [ 7.049806e-05, -1.463473e-04,  7.415285e-05],
 [ 2.009918e-04, -1.756280e-04,  9.289598e-05],
 [-4.916430e-03, -3.401060e-03, -3.757668e-03]]
spherical_charges_l2: [[ 8.033987e-02, -9.946115e-02,  1.196569e-01,  4.644639e-02, -9.406897e-02],
 [ 5.594272e-04, -5.896573e-06,  7.603728e-04,  7.251209e-05, -1.460398e-04],
 [ 2.395965e-05, -5.485035e-04,  5.702888e-05,  1.404404e-04, -4.132155e-04],
 [ 1.051007e-01, -4.527350e-03,  1.624804e-02, -7.342284e-02,  1.713767e-02],
 [ 4.071789e-02,  1.429028e-02,  1.051058e-02, -2.487367e-02,  3.098101e-02],
 [ 3.722519e-02,  4.292128e-02,  5.517044e-03,  8.676601e-03,  3.005891e-02],
 [ 3.492871e-02,  6.068531e-02,  7.165496e-04,  1.023136e-02,  4.639178e-02],
 [ 4.217560e-02,  5.289834e-02, -1.112441e-02,  1.254389e-02,  4.500909e-02],
 [ 3.255388e-02,  4.929849e-02, -1.968293e-02,  4.929659e-02,  2.466832e-02],
 [ 5.217230e-02,  9.820512e-02, -5.664252e-02,  7.334118e-02,  1.885798e-02],
 [ 2.102706e-06,  7.377421e-05, -3.036968e-05, -7.540770e-05, -7.247245e-05],
 [-5.091968e-05,  1.964574e-04, -8.429359e-05, -2.249451e-04, -1.805589e-04],
 [ 5.925731e-02,  7.723045e-02, -2.760009e-02, -1.018435e-01, -1.306658e-01]]
energy_short: [-0.236716, -0.214024, -0.251942,  0.432435, -0.104835, -0.100316, -0.184493, -0.260999, -0.307538,  0.039665, -0.141476, -0.205855,  0.110866]
energy_long: [0.125486, 0.058368, 0.056438, 0.153187, 0.140341, 0.139997, 0.140098, 0.135976, 0.139074, 0.149811, 0.059387, 0.05742 , 0.128667]