step=1882350, graph_id=0, num_atoms=13
scalar_charges: [ 0.966209, -2.179687, -2.181568,  0.875872,  0.841504,  0.850049,  0.896332,  0.885794,  0.885566,  0.904395, -2.167971, -2.172805,  0.91341 ]
spherical_charges_l0: [[-0.685925],
 [ 0.003722],
 [ 0.002767],
 [ 0.016108],
 [-0.016648],
 [-0.002424],
 [-0.001103],
 [ 0.002234],
 [ 0.006329],
 [ 0.01289 ],
 [ 0.001789],
 [ 0.002641],
 [-0.740577]]
spherical_charges_l1: [[-1.526702e-02,  1.358251e+00,  8.526047e-01],
 [-1.294445e-03,  6.426476e-03,  3.048564e-03],
 [ 2.386908e-03,  2.470823e-03,  2.861272e-03],
 [-5.071187e-02,  1.102864e-01, -2.154227e-03],
 [ 3.946111e-02,  1.041947e-02,  3.074464e-02],
 [ 4.174118e-02,  1.479090e-02,  4.649452e-02],
 [ 4.351052e-03,  1.499133e-03,  1.695610e-02],
 [-2.079368e-02,  7.029050e-03,  4.810464e-02],
 [ 8.862907e-03,  2.179319e-02,  5.967893e-02],
 [ 1.167832e-02, -7.611524e-02,  2.307832e-02],
 [ 5.581240e-04, -3.695169e-03,  1.838302e-03],
 [ 3.059831e-03, -2.439678e-03,  1.306504e-03],
 [ 7.991802e-01, -1.086920e+00,  8.592833e-01]]
spherical_charges_l2: [[ 1.238171e+00, -1.035586e+00,  1.783334e+00,  7.497325e-01, -1.198105e+00],
 [-7.313608e-03,  1.301080e-02, -8.939845e-03, -9.427768e-04,  1.253599e-02],
 [-9.781992e-03,  3.115867e-03, -1.388479e-02, -7.000854e-04,  7.107552e-03],
 [ 4.702064e-02,  4.776510e-02,  2.665406e-02, -5.915664e-02,  3.680950e-02],
 [ 1.682588e-01,  1.378036e-01, -1.120095e-01, -7.260685e-02,  6.779649e-02],
 [ 1.388487e-01,  9.090131e-02, -6.737087e-02, -8.011734e-02,  6.613906e-02],
 [ 2.221886e-02,  3.217562e-03,  1.379665e-02,  1.453099e-02,  2.843832e-02],
 [ 6.171134e-02,  9.308974e-02, -2.686790e-02,  5.528409e-02,  1.425994e-03],
 [ 9.781798e-02,  1.159555e-01, -3.683657e-02,  1.479652e-02,  2.190548e-02],
 [ 7.469275e-03, -8.318029e-03,  8.039867e-03,  6.930266e-02,  2.641452e-02],
 [-9.864052e-04, -1.046743e-02,  4.477009e-03,  8.393657e-03,  8.579592e-03],
 [-1.077998e-02, -7.440424e-03,  2.602670e-03,  4.277778e-03,  1.041417e-02],
 [ 1.147004e+00,  1.330902e+00, -3.071890e-01, -1.465697e+00, -1.594224e+00]]
energy_short: [-0.759247,  0.80374 ,  0.797442, -0.279792, -0.091412, -0.13769 , -0.385891, -0.328624, -0.32725 , -0.430219,  0.815352,  0.809541, -0.480687]
energy_long: [-0.182639,  0.030688,  0.026613,  0.068373, -0.021791,  0.002584,  0.025197,  0.054392,  0.088996,  0.053466,  0.03014 ,  0.028502, -0.069319]