step=1449810, graph_id=0, num_atoms=13
scalar_charges: [ 1.123064, -2.729173, -2.732347,  1.052674,  1.021943,  1.029526,  1.072172,  1.062394,  1.062101,  1.077884, -2.711322, -2.719446,  1.080082]
spherical_charges_l0: [[-9.574788e-01],
 [ 6.523571e-03],
 [ 4.505341e-03],
 [ 2.318699e-02],
 [-2.501220e-02],
 [-3.717516e-03],
 [ 2.002126e-04],
 [ 3.349879e-03],
 [ 7.125412e-03],
 [ 1.623332e-02],
 [ 3.485303e-03],
 [ 4.662875e-03],
 [-1.013103e+00]]
spherical_charges_l1: [[-1.489818e-02,  1.906629e+00,  1.179945e+00],
 [-1.210244e-03,  8.514949e-03,  4.331824e-03],
 [ 3.725135e-03,  3.168372e-03,  3.626458e-03],
 [-7.147961e-02,  1.548288e-01, -8.111029e-03],
 [ 4.282236e-02,  1.022281e-02,  3.082617e-02],
 [ 5.167370e-02,  2.123348e-02,  6.031645e-02],
 [ 5.009035e-03,  1.534848e-03,  1.999065e-02],
 [-2.589114e-02,  8.860596e-03,  6.231293e-02],
 [ 1.065932e-02,  2.829885e-02,  7.504059e-02],
 [ 1.673395e-02, -1.109965e-01,  3.060056e-02],
 [-8.156996e-04, -4.716812e-03,  2.292423e-03],
 [ 4.393923e-03, -2.753166e-03,  1.504837e-03],
 [ 1.121668e+00, -1.523354e+00,  1.191181e+00]]
spherical_charges_l2: [[ 1.559623e+00, -1.334137e+00,  2.294826e+00,  9.897247e-01, -1.554362e+00],
 [-8.068858e-03,  2.027791e-02, -1.038012e-02, -1.103839e-03,  1.845360e-02],
 [-1.451200e-02,  4.083787e-03, -2.132068e-02, -1.193903e-03,  1.029717e-02],
 [ 6.349483e-02,  6.026552e-02,  3.889771e-02, -8.209737e-02,  4.159673e-02],
 [ 2.117586e-01,  1.749201e-01, -1.398019e-01, -8.915363e-02,  8.449785e-02],
 [ 1.745880e-01,  1.125946e-01, -8.490980e-02, -1.010274e-01,  8.403603e-02],
 [ 3.323437e-02,  1.002346e-02,  1.642482e-02,  1.856729e-02,  3.779105e-02],
 [ 7.905799e-02,  1.184857e-01, -3.353469e-02,  7.119524e-02,  3.547124e-03],
 [ 1.243233e-01,  1.473830e-01, -4.709165e-02,  2.051331e-02,  2.939078e-02],
 [ 1.137501e-02, -8.048606e-03,  3.969292e-03,  9.369964e-02,  2.748065e-02],
 [-5.699460e-04, -1.763539e-02,  7.699694e-03,  1.298293e-02,  1.279368e-02],
 [-1.761313e-02, -1.089052e-02,  3.736943e-03,  5.504575e-03,  1.563124e-02],
 [ 1.455372e+00,  1.683228e+00, -3.842031e-01, -1.910471e+00, -2.067141e+00]]
energy_short: [-0.670098,  0.764827,  0.757121, -0.236104, -0.054698, -0.098572, -0.348534, -0.289143, -0.287372, -0.386399,  0.778814,  0.771046, -0.400945]
energy_long: [-0.177952,  0.025417,  0.02342 ,  0.059648, -0.030981, -0.001128,  0.013466,  0.042013,  0.078405,  0.042491,  0.026147,  0.024615, -0.058824]