step=925155, graph_id=0, num_atoms=13
scalar_charges: [ 1.688471, -4.487674, -4.495469,  1.629168,  1.592832,  1.600623,  1.645457,  1.636164,  1.636547,  1.652764, -4.46964 , -4.479808,  1.648443]
spherical_charges_l0: [[-1.872879],
 [ 0.009857],
 [ 0.007895],
 [ 0.041076],
 [-0.045044],
 [-0.008824],
 [-0.009072],
 [ 0.003409],
 [ 0.010141],
 [ 0.029749],
 [ 0.005916],
 [ 0.007582],
 [-1.966739]]
spherical_charges_l1: [[-1.781104e-02,  3.662227e+00,  2.255172e+00],
 [ 1.856196e-03,  9.112748e-03,  7.210680e-03],
 [ 2.485649e-03,  5.744291e-03,  4.668406e-03],
 [-1.340236e-01,  2.811710e-01, -2.726477e-03],
 [ 8.522654e-02,  6.219882e-03,  6.198090e-02],
 [ 1.012283e-01,  4.802020e-02,  1.180631e-01],
 [ 7.342475e-03,  4.382941e-03,  3.602073e-02],
 [-5.188963e-02,  1.386940e-02,  1.246488e-01],
 [ 2.034031e-02,  6.176340e-02,  1.492129e-01],
 [ 2.922858e-02, -1.958612e-01,  6.265968e-02],
 [ 7.578540e-04, -5.938333e-03,  2.953547e-03],
 [ 4.224378e-03, -5.154564e-03,  2.684661e-03],
 [ 2.149186e+00, -2.930958e+00,  2.260692e+00]]
spherical_charges_l2: [[ 2.676124e+00, -2.240631e+00,  3.793704e+00,  1.532581e+00, -2.570219e+00],
 [-1.537813e-02,  2.513224e-02, -1.586419e-02,  2.968150e-04,  2.227689e-02],
 [-2.122169e-02,  9.167296e-03, -2.669924e-02,  5.817334e-04,  1.392540e-02],
 [ 9.505293e-02,  1.177399e-01,  7.692432e-02, -1.209857e-01,  7.858345e-02],
 [ 3.685074e-01,  2.905526e-01, -2.096743e-01, -1.462237e-01,  1.578958e-01],
 [ 3.002589e-01,  2.014214e-01, -1.177947e-01, -1.660134e-01,  1.581718e-01],
 [ 5.831824e-02,  2.183709e-02,  2.562817e-02,  2.880846e-02,  6.127968e-02],
 [ 1.331114e-01,  2.071548e-01, -5.827999e-02,  1.240644e-01,  2.600479e-02],
 [ 2.109244e-01,  2.578304e-01, -8.300702e-02,  5.018131e-02,  6.597894e-02],
 [ 2.812879e-02, -1.328739e-02,  1.516306e-02,  1.513016e-01,  4.199921e-02],
 [-9.429855e-04, -2.424150e-02,  1.084447e-02,  1.381680e-02,  1.407131e-02],
 [-2.171571e-02, -1.631673e-02,  6.083458e-03,  5.769562e-03,  1.849773e-02],
 [ 2.431101e+00,  2.890613e+00, -7.103392e-01, -3.045210e+00, -3.369526e+00]]
energy_short: [-0.614061,  0.611849,  0.606069, -0.200386, -0.035651, -0.077731, -0.320369, -0.268809, -0.268677, -0.375113,  0.624701,  0.618558, -0.321376]
energy_long: [-0.175686,  0.026202,  0.022422,  0.066685, -0.017079,  0.001895,  0.001088,  0.053722,  0.093588,  0.04961 ,  0.029006,  0.026147, -0.06887 ]