step=3772710, graph_id=0, num_atoms=13
scalar_charges: [ 0.708735, -1.679931, -1.68288 ,  0.650637,  0.628366,  0.633266,  0.661914,  0.653914,  0.653535,  0.66737 , -1.670693, -1.675809,  0.666411]
spherical_charges_l0: [[-0.456439],
 [ 0.00242 ],
 [ 0.002065],
 [ 0.009837],
 [-0.00778 ],
 [ 0.001642],
 [ 0.000834],
 [ 0.003452],
 [ 0.006855],
 [ 0.009037],
 [ 0.001043],
 [ 0.001731],
 [-0.495909]]
spherical_charges_l1: [[-1.788071e-02,  8.752965e-01,  5.483880e-01],
 [-3.872539e-04,  4.849354e-03,  2.419684e-03],
 [ 1.012370e-03,  2.740754e-03,  1.911143e-03],
 [-3.138409e-02,  6.679959e-02, -6.852273e-04],
 [ 2.765601e-02,  6.045243e-03,  2.292033e-02],
 [ 2.754458e-02,  1.100061e-02,  2.985152e-02],
 [ 3.050682e-03,  9.262051e-04,  1.111894e-02],
 [-1.370526e-02,  3.565236e-03,  3.207053e-02],
 [ 6.109292e-03,  1.549756e-02,  3.965657e-02],
 [ 8.051790e-03, -4.814651e-02,  1.489197e-02],
 [ 1.928315e-03, -3.311788e-03,  1.692540e-03],
 [ 2.439058e-03, -2.912439e-03,  1.513551e-03],
 [ 5.137677e-01, -6.987587e-01,  5.600570e-01]]
spherical_charges_l2: [[ 8.465250e-01, -6.989150e-01,  1.216665e+00,  5.183243e-01, -8.120263e-01],
 [-8.078344e-03,  1.029846e-02, -7.591673e-03,  5.631201e-04,  9.490550e-03],
 [-8.730987e-03,  4.602054e-03, -1.078501e-02,  4.100323e-04,  6.192138e-03],
 [ 3.930622e-02,  3.463176e-02,  2.532171e-02, -4.269428e-02,  2.241534e-02],
 [ 1.128618e-01,  9.209268e-02, -7.508055e-02, -4.896682e-02,  4.552418e-02],
 [ 9.627597e-02,  6.224653e-02, -4.371389e-02, -5.312874e-02,  4.480329e-02],
 [ 1.741760e-02,  3.384151e-03,  9.499799e-03,  1.083720e-02,  2.247974e-02],
 [ 4.351334e-02,  6.460074e-02, -2.150100e-02,  3.785831e-02,  2.711098e-03],
 [ 6.650963e-02,  8.002380e-02, -2.405789e-02,  1.277736e-02,  1.660715e-02],
 [ 1.046478e-02,  6.874357e-04,  2.090368e-03,  4.982482e-02,  1.483067e-02],
 [-3.091567e-03, -1.132278e-02,  4.911216e-03,  6.047808e-03,  7.741063e-03],
 [-9.058153e-03, -9.192815e-03,  3.631328e-03,  3.456272e-03,  8.770457e-03],
 [ 7.890813e-01,  9.144644e-01, -2.083186e-01, -1.006921e+00, -1.087909e+00]]
energy_short: [-0.762791,  0.857502,  0.850736, -0.321498, -0.117253, -0.164923, -0.416061, -0.354829, -0.35105 , -0.462629,  0.868838,  0.861652, -0.489768]
energy_long: [-0.173443,  0.028975,  0.023885,  0.072969, -0.021405,  0.01965 ,  0.033638,  0.064799,  0.086801,  0.05844 ,  0.027104,  0.026125, -0.071002]