step=3171960, graph_id=0, num_atoms=13
scalar_charges: [ 0.718896, -1.677114, -1.679518,  0.650852,  0.628447,  0.63339 ,  0.66325 ,  0.654947,  0.654566,  0.668983, -1.667745, -1.672549,  0.67218 ]
spherical_charges_l0: [[-4.572175e-01],
 [ 2.606032e-03],
 [ 2.205566e-03],
 [ 9.439861e-03],
 [-8.571547e-03],
 [ 4.790188e-04],
 [-1.662477e-05],
 [ 2.693535e-03],
 [ 6.202728e-03],
 [ 8.090880e-03],
 [ 1.229900e-03],
 [ 1.938399e-03],
 [-4.946681e-01]]
spherical_charges_l1: [[-1.606552e-02,  9.043123e-01,  5.683862e-01],
 [-7.237570e-04,  5.328437e-03,  2.467063e-03],
 [ 1.343094e-03,  2.886941e-03,  2.158903e-03],
 [-3.279638e-02,  7.012934e-02, -9.320379e-04],
 [ 2.843361e-02,  6.213495e-03,  2.332592e-02],
 [ 2.812421e-02,  1.117744e-02,  3.066093e-02],
 [ 3.121809e-03,  1.023219e-03,  1.155329e-02],
 [-1.397364e-02,  3.736536e-03,  3.282433e-02],
 [ 6.199900e-03,  1.577828e-02,  4.065828e-02],
 [ 8.163962e-03, -4.955071e-02,  1.502505e-02],
 [ 1.941563e-03, -3.518015e-03,  1.793969e-03],
 [ 2.629962e-03, -3.042873e-03,  1.583875e-03],
 [ 5.303213e-01, -7.211335e-01,  5.758465e-01]]
spherical_charges_l2: [[ 8.666555e-01, -7.226871e-01,  1.245475e+00,  5.291336e-01, -8.334938e-01],
 [-8.081846e-03,  1.015167e-02, -7.708509e-03,  4.989337e-04,  9.494867e-03],
 [-8.385974e-03,  4.977291e-03, -1.043952e-02,  5.278504e-04,  6.304958e-03],
 [ 3.832222e-02,  3.599376e-02,  2.520531e-02, -4.268953e-02,  2.247755e-02],
 [ 1.151448e-01,  9.484756e-02, -7.736713e-02, -4.989506e-02,  4.692116e-02],
 [ 9.842020e-02,  6.369723e-02, -4.474888e-02, -5.595898e-02,  4.489352e-02],
 [ 1.769113e-02,  2.070400e-03,  1.020746e-02,  1.124381e-02,  2.269327e-02],
 [ 4.334737e-02,  6.591526e-02, -2.265996e-02,  3.920508e-02,  1.645921e-03],
 [ 6.751447e-02,  8.215054e-02, -2.394669e-02,  1.144777e-02,  1.692373e-02],
 [ 9.763565e-03, -1.433665e-03,  2.787360e-03,  4.994552e-02,  1.478102e-02],
 [-3.415677e-03, -1.091495e-02,  4.703439e-03,  5.859779e-03,  7.739568e-03],
 [-8.496564e-03, -9.211299e-03,  3.664807e-03,  3.653958e-03,  8.624854e-03],
 [ 8.043827e-01,  9.333352e-01, -2.128938e-01, -1.027772e+00, -1.110159e+00]]
energy_short: [-0.773633,  0.86016 ,  0.854034, -0.318985, -0.11911 , -0.166601, -0.416836, -0.356364, -0.353115, -0.461953,  0.871788,  0.865094, -0.500767]
energy_long: [-0.171592,  0.031484,  0.026832,  0.07243 , -0.019083,  0.013888,  0.030292,  0.063785,  0.086373,  0.058261,  0.02974 ,  0.028762, -0.071415]