step=1237545, graph_id=0, num_atoms=13
scalar_charges: [ 1.338792, -3.194187, -3.200414,  1.278412,  1.247301,  1.254808,  1.296935,  1.287343,  1.287053,  1.301675, -3.171071, -3.180469,  1.298531]
spherical_charges_l0: [[-1.322073],
 [ 0.005399],
 [ 0.004185],
 [ 0.028913],
 [-0.038211],
 [-0.007476],
 [-0.0021  ],
 [ 0.003171],
 [ 0.007905],
 [ 0.023347],
 [ 0.002848],
 [ 0.003762],
 [-1.394189]]
spherical_charges_l1: [[-9.302234e-03,  2.572246e+00,  1.564746e+00],
 [-6.609910e-05,  7.981203e-03,  4.150619e-03],
 [ 1.459076e-03,  4.234813e-03,  2.612787e-03],
 [-8.422666e-02,  1.876486e-01,  5.647563e-03],
 [ 6.614687e-02,  1.107093e-02,  5.116491e-02],
 [ 7.863662e-02,  3.157784e-02,  8.588895e-02],
 [ 5.585992e-03,  6.516585e-04,  2.186139e-02],
 [-4.174057e-02,  1.342668e-02,  9.318077e-02],
 [ 1.849071e-02,  4.391290e-02,  1.133300e-01],
 [ 2.537969e-02, -1.328474e-01,  4.825699e-02],
 [ 1.025464e-03, -4.358497e-03,  2.175069e-03],
 [ 3.657172e-03, -3.731837e-03,  1.955714e-03],
 [ 1.493081e+00, -2.030777e+00,  1.571293e+00]]
spherical_charges_l2: [[ 2.112619e+00, -1.697075e+00,  2.936414e+00,  1.113405e+00, -1.972075e+00],
 [-9.381039e-03,  1.465975e-02, -8.759442e-03,  1.163357e-03,  1.363822e-02],
 [-1.125603e-02,  6.016709e-03, -1.573744e-02,  3.836470e-04,  9.099992e-03],
 [ 6.863307e-02,  8.824329e-02,  4.655087e-02, -8.297998e-02,  4.642500e-02],
 [ 2.887700e-01,  2.379189e-01, -2.044711e-01, -1.195658e-01,  1.044306e-01],
 [ 2.409671e-01,  1.527129e-01, -1.243269e-01, -1.391783e-01,  1.213360e-01],
 [ 4.229378e-02,  1.834312e-02,  1.953933e-02,  2.113745e-02,  4.965201e-02],
 [ 1.175910e-01,  1.673782e-01, -3.854084e-02,  9.683679e-02,  5.135929e-03],
 [ 1.766724e-01,  1.993726e-01, -7.123950e-02,  2.792582e-02,  3.318880e-02],
 [ 1.425479e-02, -2.071885e-02,  7.871978e-03,  9.768343e-02,  2.722150e-02],
 [-1.898437e-03, -1.428376e-02,  6.341571e-03,  7.611497e-03,  8.598503e-03],
 [-1.203518e-02, -1.045588e-02,  4.030581e-03,  3.664654e-03,  1.075082e-02],
 [ 1.872820e+00,  2.248781e+00, -5.723763e-01, -2.279012e+00, -2.568874e+00]]
energy_short: [-0.632145,  0.672277,  0.666248, -0.233176, -0.055534, -0.100474, -0.348791, -0.290918, -0.288764, -0.388709,  0.686   ,  0.679937, -0.360279]
energy_long: [-0.186987,  0.027202,  0.023925,  0.067229, -0.034598, -0.001005,  0.022574,  0.042142,  0.086244,  0.048379,  0.02852 ,  0.026471, -0.082804]