step=3616515, graph_id=0, num_atoms=13
scalar_charges: [ 0.714044, -1.675816, -1.678514,  0.652594,  0.630623,  0.635513,  0.664637,  0.656485,  0.656103,  0.669884, -1.66648 , -1.671454,  0.670204]
spherical_charges_l0: [[-0.456181],
 [ 0.002347],
 [ 0.00206 ],
 [ 0.009683],
 [-0.007761],
 [ 0.001488],
 [ 0.000636],
 [ 0.003358],
 [ 0.006753],
 [ 0.008741],
 [ 0.001098],
 [ 0.001752],
 [-0.49456 ]]
spherical_charges_l1: [[-1.651928e-02,  8.736110e-01,  5.475683e-01],
 [-3.965039e-04,  4.699819e-03,  2.320064e-03],
 [ 9.903348e-04,  2.575503e-03,  1.809752e-03],
 [-3.126341e-02,  6.622577e-02, -9.189646e-04],
 [ 2.778900e-02,  5.769225e-03,  2.302524e-02],
 [ 2.750237e-02,  1.122836e-02,  2.982644e-02],
 [ 3.018729e-03,  9.130321e-04,  1.101241e-02],
 [-1.378577e-02,  3.598691e-03,  3.213408e-02],
 [ 6.145750e-03,  1.563906e-02,  3.980125e-02],
 [ 7.812894e-03, -4.755474e-02,  1.457825e-02],
 [ 1.895604e-03, -3.178101e-03,  1.625626e-03],
 [ 2.305695e-03, -2.823957e-03,  1.465473e-03],
 [ 5.128196e-01, -6.969768e-01,  5.577013e-01]]
spherical_charges_l2: [[ 8.496947e-01, -7.024593e-01,  1.215433e+00,  5.142894e-01, -8.122256e-01],
 [-7.930226e-03,  1.019617e-02, -7.298002e-03,  7.241029e-04,  9.233098e-03],
 [-8.541178e-03,  4.473797e-03, -1.051362e-02,  4.201581e-04,  6.034371e-03],
 [ 3.815661e-02,  3.419739e-02,  2.463758e-02, -4.220365e-02,  2.250018e-02],
 [ 1.136601e-01,  9.290458e-02, -7.571854e-02, -4.897884e-02,  4.593711e-02],
 [ 9.616847e-02,  6.212938e-02, -4.349640e-02, -5.346919e-02,  4.501991e-02],
 [ 1.723747e-02,  3.001688e-03,  9.479158e-03,  1.070506e-02,  2.203542e-02],
 [ 4.327696e-02,  6.461871e-02, -2.135287e-02,  3.804118e-02,  2.602521e-03],
 [ 6.669556e-02,  8.029938e-02, -2.429389e-02,  1.253692e-02,  1.673352e-02],
 [ 9.863567e-03,  1.737813e-04,  2.765587e-03,  4.942133e-02,  1.525433e-02],
 [-2.869570e-03, -1.091561e-02,  4.739308e-03,  5.867975e-03,  7.432971e-03],
 [-8.787608e-03, -8.867982e-03,  3.502275e-03,  3.301916e-03,  8.460299e-03],
 [ 7.884024e-01,  9.166539e-01, -2.100659e-01, -1.004312e+00, -1.085882e+00]]
energy_short: [-0.761908,  0.851421,  0.844945, -0.313575, -0.114361, -0.161743, -0.412972, -0.351726, -0.347901, -0.455857,  0.863044,  0.856055, -0.487462]
energy_long: [-0.171676,  0.029624,  0.024684,  0.072013, -0.020496,  0.017323,  0.033925,  0.062702,  0.087258,  0.057909,  0.02791 ,  0.026939, -0.070584]