step=264330, graph_id=0, num_atoms=13
scalar_charges: [  6.194713, -22.532404, -22.524275,   6.141772,   6.102725,   6.11602 ,   6.189637,   6.180676,   6.181602,   6.203142, -22.543856, -22.535398,   6.186782]
spherical_charges_l0: [[-5.451778e+00],
 [ 1.381020e-02],
 [ 8.749981e-03],
 [ 2.512537e-02],
 [-1.122970e-01],
 [-5.045009e-02],
 [-4.177344e-02],
 [-2.967378e-02],
 [-1.787605e-02],
 [ 1.794097e-02],
 [-8.577893e-04],
 [ 3.838545e-03],
 [-5.319738e+00]]
spherical_charges_l1: [[ 1.649387e-01,  8.621965e+00,  5.342108e+00],
 [ 1.448353e-02, -6.250223e-03,  6.017573e-03],
 [-1.077566e-02,  1.719746e-03, -4.439732e-03],
 [-3.607201e-01,  6.661049e-01,  1.536339e-02],
 [ 1.716997e-01, -1.696146e-02,  1.118700e-01],
 [ 1.341472e-01,  1.162133e-01,  1.995251e-01],
 [ 4.584330e-03,  1.117987e-02,  4.950806e-02],
 [-7.685199e-02,  1.331453e-02,  2.420063e-01],
 [ 1.320212e-02,  1.360988e-01,  2.588731e-01],
 [ 3.949638e-02, -4.120431e-01,  1.469871e-01],
 [-2.402485e-05,  1.885251e-03, -9.165679e-04],
 [-4.525742e-03, -4.835936e-05, -1.141389e-04],
 [ 5.116725e+00, -6.899309e+00,  5.257165e+00]]
spherical_charges_l2: [[ 4.434696e+00, -3.961714e+00,  6.841989e+00,  3.155755e+00, -4.677685e+00],
 [-3.776727e-02,  1.332893e-02, -2.895612e-02,  7.233402e-03,  1.455320e-02],
 [-3.118060e-02,  1.542739e-02, -2.837363e-02,  8.159445e-03,  1.514242e-02],
 [ 2.594405e-01,  1.907136e-01,  2.674176e-01, -2.311909e-01,  8.451330e-02],
 [ 6.782000e-01,  4.929807e-01, -3.438643e-01, -3.112671e-01,  2.831264e-01],
 [ 5.357950e-01,  4.302131e-01, -1.714129e-01, -2.613810e-01,  3.378755e-01],
 [ 2.038768e-01,  1.154977e-01,  1.906131e-02,  6.117506e-02,  1.606783e-01],
 [ 2.720286e-01,  4.658243e-01, -1.286323e-01,  2.692593e-01,  1.137388e-01],
 [ 4.001630e-01,  5.271931e-01, -1.815294e-01,  1.503988e-01,  1.714710e-01],
 [ 1.196117e-01,  4.416715e-02, -1.870201e-02,  2.025832e-01, -1.025064e-01],
 [-2.815174e-02, -3.108055e-02,  1.319048e-02,  9.732732e-04,  1.861922e-02],
 [-4.168811e-03, -4.010400e-02,  1.838925e-02,  1.307068e-02,  1.603567e-02],
 [ 4.192114e+00,  4.865440e+00, -1.087779e+00, -5.783758e+00, -6.136804e+00]]
energy_short: [-0.529455,  0.29279 ,  0.285388, -0.024304,  0.075277,  0.045202, -0.175933, -0.137263, -0.14104 , -0.222587,  0.308132,  0.298669, -0.232782]
energy_long: [-0.133814,  0.027828,  0.027032,  0.066441, -0.017899, -0.01331 , -0.022583,  0.039335,  0.096148,  0.045618,  0.032019,  0.029504, -0.029746]