step=1557945, graph_id=0, num_atoms=13
scalar_charges: [ 1.117471, -2.533929, -2.537169,  1.035649,  1.006517,  1.01471 ,  1.059021,  1.048916,  1.048613,  1.062733, -2.516227, -2.523749,  1.071839]
spherical_charges_l0: [[-8.733804e-01],
 [ 5.038590e-03],
 [ 3.560728e-03],
 [ 1.772963e-02],
 [-1.886377e-02],
 [-7.197370e-04],
 [ 4.462624e-04],
 [ 4.632199e-03],
 [ 9.268729e-03],
 [ 1.244817e-02],
 [ 2.606786e-03],
 [ 3.515006e-03],
 [-9.244930e-01]]
spherical_charges_l1: [[-3.019459e-02,  1.783130e+00,  1.109595e+00],
 [-1.293943e-03,  8.008082e-03,  3.745442e-03],
 [ 2.380656e-03,  3.231533e-03,  2.963390e-03],
 [-6.842409e-02,  1.547208e-01, -4.320384e-03],
 [ 4.487351e-02,  7.022734e-03,  3.134906e-02],
 [ 4.590439e-02,  2.244165e-02,  5.445273e-02],
 [ 5.236497e-03,  1.837326e-03,  2.090260e-02],
 [-2.288638e-02,  6.996054e-03,  5.590592e-02],
 [ 9.055723e-03,  2.715434e-02,  6.788923e-02],
 [ 1.901626e-02, -1.089740e-01,  3.207357e-02],
 [ 7.152151e-04, -4.156010e-03,  2.068253e-03],
 [ 3.383565e-03, -3.024177e-03,  1.602745e-03],
 [ 1.046953e+00, -1.429604e+00,  1.118153e+00]]
spherical_charges_l2: [[ 1.488804e+00, -1.227895e+00,  2.150156e+00,  9.257856e-01, -1.434173e+00],
 [-7.197675e-03,  1.502033e-02, -8.691242e-03, -7.061011e-04,  1.425567e-02],
 [-1.130162e-02,  3.390924e-03, -1.605294e-02, -4.764292e-04,  7.972321e-03],
 [ 7.091869e-02,  5.697251e-02,  3.688519e-02, -8.258860e-02,  3.470873e-02],
 [ 1.999625e-01,  1.642975e-01, -1.287672e-01, -8.541224e-02,  8.365136e-02],
 [ 1.678634e-01,  1.103979e-01, -7.892577e-02, -9.422409e-02,  7.699613e-02],
 [ 2.734669e-02,  7.511254e-03,  1.671740e-02,  1.824319e-02,  3.679535e-02],
 [ 7.561031e-02,  1.119806e-01, -3.580930e-02,  6.449866e-02,  4.761241e-03],
 [ 1.163571e-01,  1.394373e-01, -4.102862e-02,  2.237103e-02,  2.855135e-02],
 [ 1.285256e-02, -2.185957e-03,  2.835847e-03,  8.841834e-02,  2.685441e-02],
 [-5.234749e-04, -1.257299e-02,  5.460843e-03,  9.558459e-03,  9.457533e-03],
 [-1.284284e-02, -8.235365e-03,  2.864901e-03,  4.058319e-03,  1.145366e-02],
 [ 1.378915e+00,  1.600184e+00, -3.684272e-01, -1.769068e+00, -1.916832e+00]]
energy_short: [-0.717039,  0.758011,  0.751827, -0.241955, -0.075873, -0.12126 , -0.370836, -0.311482, -0.30969 , -0.393807,  0.771608,  0.765019, -0.447839]
energy_long: [-0.181759,  0.02481 ,  0.021581,  0.068152, -0.030239,  0.006026,  0.018243,  0.054094,  0.082961,  0.050885,  0.025188,  0.02334 , -0.074204]