step=3948930, graph_id=0, num_atoms=13
scalar_charges: [ 0.709321, -1.689029, -1.692096,  0.653741,  0.63161 ,  0.636499,  0.66485 ,  0.656917,  0.656555,  0.670045, -1.679253, -1.684676,  0.668234]
spherical_charges_l0: [[-0.458349],
 [ 0.002361],
 [ 0.002008],
 [ 0.00991 ],
 [-0.007422],
 [ 0.001933],
 [ 0.000886],
 [ 0.003609],
 [ 0.007024],
 [ 0.009129],
 [ 0.000991],
 [ 0.001659],
 [-0.497912]]
spherical_charges_l1: [[-1.798902e-02,  8.744814e-01,  5.483496e-01],
 [-3.084575e-04,  4.741798e-03,  2.402100e-03],
 [ 9.063473e-04,  2.721836e-03,  1.854355e-03],
 [-3.122760e-02,  6.673852e-02, -8.615264e-04],
 [ 2.773114e-02,  6.021461e-03,  2.318805e-02],
 [ 2.760454e-02,  1.103317e-02,  2.984503e-02],
 [ 3.043472e-03,  9.145833e-04,  1.103675e-02],
 [-1.373248e-02,  3.524654e-03,  3.201431e-02],
 [ 6.137609e-03,  1.552810e-02,  3.962463e-02],
 [ 8.101912e-03, -4.826345e-02,  1.476123e-02],
 [ 1.976213e-03, -3.306390e-03,  1.691549e-03],
 [ 2.392475e-03, -2.920403e-03,  1.515922e-03],
 [ 5.137376e-01, -6.988246e-01,  5.600609e-01]]
spherical_charges_l2: [[ 8.473084e-01, -7.013203e-01,  1.216036e+00,  5.177966e-01, -8.125476e-01],
 [-8.222952e-03,  1.035589e-02, -7.563262e-03,  7.152087e-04,  9.453896e-03],
 [-8.852186e-03,  4.739540e-03, -1.079350e-02,  4.986703e-04,  6.235879e-03],
 [ 3.951213e-02,  3.390002e-02,  2.535805e-02, -4.261271e-02,  2.225241e-02],
 [ 1.125406e-01,  9.170936e-02, -7.446945e-02, -4.860366e-02,  4.555256e-02],
 [ 9.580794e-02,  6.185095e-02, -4.302016e-02, -5.279528e-02,  4.482666e-02],
 [ 1.721625e-02,  3.221093e-03,  9.537869e-03,  1.074125e-02,  2.226501e-02],
 [ 4.310765e-02,  6.409613e-02, -2.139012e-02,  3.767456e-02,  2.861851e-03],
 [ 6.611291e-02,  7.958318e-02, -2.394595e-02,  1.279987e-02,  1.673281e-02],
 [ 1.051550e-02,  1.286398e-03,  2.136043e-03,  4.955893e-02,  1.485835e-02],
 [-3.191719e-03, -1.144240e-02,  4.967246e-03,  5.982101e-03,  7.746104e-03],
 [-9.038591e-03, -9.364018e-03,  3.717417e-03,  3.439663e-03,  8.752656e-03],
 [ 7.895446e-01,  9.162461e-01, -2.091247e-01, -1.007094e+00, -1.088154e+00]]
energy_short: [-0.757571,  0.857807,  0.851056, -0.319785, -0.115928, -0.163479, -0.415228, -0.353482, -0.349699, -0.460601,  0.869346,  0.862053, -0.484442]
energy_long: [-0.173356,  0.028343,  0.023045,  0.073186, -0.021672,  0.020445,  0.03402 ,  0.064762,  0.087287,  0.058637,  0.026373,  0.025413, -0.070849]