step=3288105, graph_id=0, num_atoms=13
scalar_charges: [ 0.724388, -1.704577, -1.707243,  0.654426,  0.630742,  0.636009,  0.66748 ,  0.658772,  0.658339,  0.673728, -1.69474 , -1.6998  ,  0.676394]
spherical_charges_l0: [[-0.451283],
 [ 0.002386],
 [ 0.002099],
 [ 0.009784],
 [-0.008039],
 [ 0.001113],
 [ 0.000816],
 [ 0.003188],
 [ 0.006495],
 [ 0.008369],
 [ 0.001172],
 [ 0.001828],
 [-0.490646]]
spherical_charges_l1: [[-1.512275e-02,  8.882913e-01,  5.577181e-01],
 [-5.121846e-04,  4.903108e-03,  2.431351e-03],
 [ 1.192452e-03,  2.538631e-03,  1.973893e-03],
 [-3.228991e-02,  6.904054e-02, -6.616509e-04],
 [ 2.758302e-02,  5.386971e-03,  2.218897e-02],
 [ 2.716603e-02,  1.184333e-02,  2.988392e-02],
 [ 3.091898e-03,  9.771861e-04,  1.128012e-02],
 [-1.346684e-02,  3.205741e-03,  3.239211e-02],
 [ 5.827554e-03,  1.593725e-02,  3.956385e-02],
 [ 8.230778e-03, -4.954527e-02,  1.524685e-02],
 [ 1.889273e-03, -3.145835e-03,  1.610074e-03],
 [ 2.280746e-03, -2.852740e-03,  1.479291e-03],
 [ 5.219480e-01, -7.097364e-01,  5.672072e-01]]
spherical_charges_l2: [[ 8.486143e-01, -7.090501e-01,  1.221761e+00,  5.216821e-01, -8.185577e-01],
 [-7.577660e-03,  9.787410e-03, -7.228612e-03,  5.499116e-04,  9.098448e-03],
 [-8.066335e-03,  4.177094e-03, -1.016530e-02,  3.625266e-04,  5.869103e-03],
 [ 3.913362e-02,  3.584134e-02,  2.407394e-02, -4.158983e-02,  2.336582e-02],
 [ 1.139613e-01,  9.279103e-02, -7.522939e-02, -4.933555e-02,  4.616273e-02],
 [ 9.647566e-02,  6.304118e-02, -4.357203e-02, -5.346191e-02,  4.508899e-02],
 [ 1.780864e-02,  3.305941e-03,  9.815152e-03,  1.109044e-02,  2.254191e-02],
 [ 4.336433e-02,  6.525388e-02, -2.183880e-02,  3.826385e-02,  2.974871e-03],
 [ 6.669281e-02,  8.104025e-02, -2.416421e-02,  1.276116e-02,  1.712882e-02],
 [ 1.083896e-02, -1.842761e-04,  2.403880e-03,  4.985439e-02,  1.604169e-02],
 [-2.533442e-03, -1.019653e-02,  4.412860e-03,  5.845462e-03,  7.184485e-03],
 [-8.497177e-03, -8.269859e-03,  3.232459e-03,  3.272395e-03,  8.237964e-03],
 [ 7.905830e-01,  9.159483e-01, -2.078599e-01, -1.013162e+00, -1.093001e+00]]
energy_short: [-0.779517,  0.858403,  0.852386, -0.325805, -0.125695, -0.173583, -0.423348, -0.36297 , -0.35945 , -0.469691,  0.869841,  0.863261, -0.505665]
energy_long: [-0.173171,  0.030426,  0.025493,  0.072467, -0.021215,  0.014497,  0.032723,  0.061387,  0.088168,  0.057542,  0.028691,  0.027711, -0.067954]