step=2775465, graph_id=0, num_atoms=13
scalar_charges: [ 0.738877, -1.71546 , -1.717476,  0.676557,  0.649914,  0.655773,  0.690447,  0.681572,  0.681203,  0.697364, -1.705772, -1.710449,  0.693989]
spherical_charges_l0: [[-0.488296],
 [ 0.002487],
 [ 0.002155],
 [ 0.010091],
 [-0.007989],
 [ 0.001533],
 [ 0.001566],
 [ 0.004392],
 [ 0.00783 ],
 [ 0.007894],
 [ 0.001308],
 [ 0.00196 ],
 [-0.527728]]
spherical_charges_l1: [[-1.581119e-02,  9.625348e-01,  6.044254e-01],
 [-6.508795e-04,  5.381198e-03,  2.601641e-03],
 [ 1.505599e-03,  3.010799e-03,  2.365093e-03],
 [-3.483114e-02,  7.549115e-02, -1.187414e-03],
 [ 2.791080e-02,  7.751537e-03,  2.313634e-02],
 [ 2.997842e-02,  1.035773e-02,  3.187124e-02],
 [ 3.074137e-03,  1.268434e-03,  1.186549e-02],
 [-1.469513e-02,  3.923352e-03,  3.462109e-02],
 [ 6.674987e-03,  1.617112e-02,  4.267428e-02],
 [ 8.630346e-03, -5.379615e-02,  1.615349e-02],
 [ 1.840544e-03, -3.699822e-03,  1.880436e-03],
 [ 2.753701e-03, -3.230360e-03,  1.680666e-03],
 [ 5.642927e-01, -7.676434e-01,  6.103634e-01]]
spherical_charges_l2: [[ 9.178573e-01, -7.574333e-01,  1.312434e+00,  5.522172e-01, -8.748846e-01],
 [-7.219111e-03,  1.062401e-02, -7.204604e-03,  4.436050e-04,  9.696404e-03],
 [-8.484344e-03,  4.039629e-03, -1.083060e-02,  1.112825e-04,  6.070800e-03],
 [ 3.980679e-02,  3.603011e-02,  2.572699e-02, -4.278232e-02,  2.387368e-02],
 [ 1.212961e-01,  9.782037e-02, -7.705628e-02, -5.130388e-02,  4.922948e-02],
 [ 1.011178e-01,  6.553338e-02, -4.425816e-02, -5.625703e-02,  4.814152e-02],
 [ 1.800638e-02,  2.021296e-03,  1.028129e-02,  1.105237e-02,  2.185783e-02],
 [ 4.432309e-02,  6.743854e-02, -2.255945e-02,  4.067064e-02,  3.527115e-03],
 [ 6.933229e-02,  8.409268e-02, -2.528007e-02,  1.327696e-02,  1.897168e-02],
 [ 1.066183e-02, -1.114630e-03,  3.882513e-03,  5.135607e-02,  1.633500e-02],
 [-1.899465e-03, -1.037479e-02,  4.514724e-03,  6.259212e-03,  7.196620e-03],
 [-9.116174e-03, -8.031719e-03,  3.081570e-03,  3.163866e-03,  8.486347e-03],
 [ 8.482890e-01,  9.865811e-01, -2.278385e-01, -1.076283e+00, -1.168713e+00]]
energy_short: [-0.714338,  0.844178,  0.837645, -0.308419, -0.108145, -0.154689, -0.40495 , -0.346044, -0.343027, -0.453526,  0.856138,  0.849393, -0.440849]
energy_long: [-0.16515 ,  0.029198,  0.023839,  0.072009, -0.018941,  0.012092,  0.027515,  0.061362,  0.088469,  0.056276,  0.027724,  0.02642 , -0.064054]