step=2310885, graph_id=0, num_atoms=13
scalar_charges: [ 0.860952, -1.908489, -1.911134,  0.775141,  0.745175,  0.752762,  0.79418 ,  0.784009,  0.78352 ,  0.80029 , -1.897078, -1.902142,  0.811045]
spherical_charges_l0: [[-5.570564e-01],
 [ 2.815356e-03],
 [ 2.420257e-03],
 [ 1.240238e-02],
 [-1.166123e-02],
 [-5.309548e-04],
 [ 2.700008e-04],
 [ 3.381511e-03],
 [ 6.970196e-03],
 [ 9.342895e-03],
 [ 1.473836e-03],
 [ 2.203879e-03],
 [-6.046515e-01]]
spherical_charges_l1: [[-1.408957e-02,  1.090889e+00,  6.791595e-01],
 [-6.491809e-04,  5.119210e-03,  2.491012e-03],
 [ 1.665728e-03,  2.343587e-03,  2.035416e-03],
 [-3.890457e-02,  8.624437e-02,  4.967304e-04],
 [ 3.420943e-02,  8.400728e-03,  2.817869e-02],
 [ 3.552087e-02,  1.212470e-02,  3.828778e-02],
 [ 3.622218e-03,  1.452242e-03,  1.391083e-02],
 [-1.753766e-02,  5.332506e-03,  4.111569e-02],
 [ 8.068059e-03,  1.900854e-02,  5.140074e-02],
 [ 1.069906e-02, -6.011780e-02,  1.935603e-02],
 [ 1.155342e-03, -3.193683e-03,  1.608581e-03],
 [ 2.507786e-03, -2.547981e-03,  1.337346e-03],
 [ 6.465870e-01, -8.776263e-01,  6.911256e-01]]
spherical_charges_l2: [[ 1.049142e+00, -8.735621e-01,  1.507982e+00,  6.318095e-01, -1.015567e+00],
 [-6.830589e-03,  1.174878e-02, -7.337228e-03, -3.596710e-04,  1.092150e-02],
 [-8.731673e-03,  3.722348e-03, -1.255032e-02, -5.904893e-04,  6.833982e-03],
 [ 4.111243e-02,  3.951779e-02,  2.673603e-02, -5.100427e-02,  2.614336e-02],
 [ 1.424660e-01,  1.178841e-01, -9.640939e-02, -5.980572e-02,  5.680950e-02],
 [ 1.204284e-01,  7.633613e-02, -5.591809e-02, -7.025307e-02,  5.549718e-02],
 [ 2.003762e-02,  1.371537e-03,  1.181684e-02,  1.225900e-02,  2.493936e-02],
 [ 5.332727e-02,  8.041248e-02, -2.608166e-02,  4.893214e-02,  6.804408e-04],
 [ 8.409157e-02,  1.007020e-01, -3.068633e-02,  1.287555e-02,  2.011604e-02],
 [ 7.131887e-03, -4.819695e-03,  4.131368e-03,  5.711192e-02,  1.834393e-02],
 [-1.473635e-03, -1.016189e-02,  4.369609e-03,  7.307383e-03,  7.877308e-03],
 [-9.566480e-03, -7.483458e-03,  2.729215e-03,  3.941732e-03,  9.415955e-03],
 [ 9.783155e-01,  1.142452e+00, -2.684245e-01, -1.244894e+00, -1.358335e+00]]
energy_short: [-0.74841 ,  0.81567 ,  0.809994, -0.279967, -0.094573, -0.141842, -0.39013 , -0.330471, -0.327519, -0.427901,  0.8275  ,  0.821933, -0.476249]
energy_long: [-0.168819,  0.030277,  0.026706,  0.070849, -0.017629,  0.011615,  0.025866,  0.058413,  0.086286,  0.056414,  0.029896,  0.028465, -0.06627 ]