step=3292110, graph_id=0, num_atoms=13
scalar_charges: [ 0.723215, -1.706216, -1.708545,  0.656609,  0.632984,  0.63813 ,  0.669262,  0.660687,  0.660299,  0.6755  , -1.697191, -1.701833,  0.676621]
spherical_charges_l0: [[-0.459816],
 [ 0.00239 ],
 [ 0.002113],
 [ 0.010032],
 [-0.007941],
 [ 0.001365],
 [ 0.000763],
 [ 0.003423],
 [ 0.006803],
 [ 0.008834],
 [ 0.001192],
 [ 0.001852],
 [-0.499336]]
spherical_charges_l1: [[-1.639424e-02,  8.997792e-01,  5.644060e-01],
 [-5.624305e-04,  5.118866e-03,  2.534184e-03],
 [ 1.249672e-03,  2.662811e-03,  2.114033e-03],
 [-3.189015e-02,  6.852414e-02, -4.512975e-04],
 [ 2.923515e-02,  6.000878e-03,  2.452430e-02],
 [ 2.889355e-02,  1.150935e-02,  3.129034e-02],
 [ 3.047118e-03,  9.487506e-04,  1.129507e-02],
 [-1.433650e-02,  3.705176e-03,  3.370665e-02],
 [ 6.465665e-03,  1.637261e-02,  4.174083e-02],
 [ 8.331423e-03, -4.869672e-02,  1.530347e-02],
 [ 2.010195e-03, -3.396599e-03,  1.738013e-03],
 [ 2.465740e-03, -3.044574e-03,  1.580356e-03],
 [ 5.287887e-01, -7.189589e-01,  5.738413e-01]]
spherical_charges_l2: [[ 8.645684e-01, -7.185212e-01,  1.243900e+00,  5.268980e-01, -8.338398e-01],
 [-7.416541e-03,  1.038603e-02, -7.136546e-03,  3.848984e-04,  9.478755e-03],
 [-8.279854e-03,  4.072868e-03, -1.064642e-02,  8.088845e-05,  5.958884e-03],
 [ 3.866617e-02,  3.524886e-02,  2.401745e-02, -4.326446e-02,  2.392746e-02],
 [ 1.156986e-01,  9.426015e-02, -7.710218e-02, -4.993565e-02,  4.633225e-02],
 [ 9.782400e-02,  6.327250e-02, -4.441246e-02, -5.428099e-02,  4.596808e-02],
 [ 1.764143e-02,  3.135066e-03,  9.689412e-03,  1.078975e-02,  2.234966e-02],
 [ 4.404325e-02,  6.569031e-02, -2.160548e-02,  3.886237e-02,  2.609924e-03],
 [ 6.771357e-02,  8.132207e-02, -2.467521e-02,  1.239162e-02,  1.683049e-02],
 [ 9.678894e-03, -7.124725e-04,  2.893134e-03,  5.039021e-02,  1.627036e-02],
 [-2.292780e-03, -1.034229e-02,  4.470038e-03,  6.280115e-03,  7.439901e-03],
 [-8.960201e-03, -8.181560e-03,  3.148707e-03,  3.395798e-03,  8.609822e-03],
 [ 8.049353e-01,  9.352055e-01, -2.153199e-01, -1.028227e+00, -1.114686e+00]]
energy_short: [-0.758435,  0.860757,  0.85471 , -0.314517, -0.114628, -0.161359, -0.411252, -0.350918, -0.347642, -0.457704,  0.872434,  0.865745, -0.485475]
energy_long: [-0.173495,  0.030052,  0.025159,  0.071776, -0.022504,  0.014425,  0.032179,  0.061764,  0.086416,  0.057508,  0.028399,  0.027361, -0.070728]