step=1093365, graph_id=0, num_atoms=13
scalar_charges: [ 1.455531, -3.501972, -3.508845,  1.388043,  1.356411,  1.363988,  1.40697 ,  1.397366,  1.397364,  1.411385, -3.485933, -3.494644,  1.416182]
spherical_charges_l0: [[-1.437375e+00],
 [ 6.172763e-03],
 [ 5.243099e-03],
 [ 3.962676e-02],
 [-4.267169e-02],
 [-1.129922e-02],
 [-4.788435e-03],
 [ 5.218170e-04],
 [ 6.431956e-03],
 [ 3.241808e-02],
 [ 3.897433e-03],
 [ 5.217694e-03],
 [-1.519248e+00]]
spherical_charges_l1: [[-5.491286e-02,  2.754995e+00,  1.723378e+00],
 [-1.942138e-03,  5.608235e-03,  2.247286e-03],
 [ 3.103266e-03,  9.815904e-04,  1.587062e-03],
 [-1.000200e-01,  2.175598e-01, -4.612537e-03],
 [ 7.588816e-02,  9.391297e-03,  5.652884e-02],
 [ 8.100986e-02,  3.752350e-02,  9.334809e-02],
 [ 6.609717e-03,  9.499853e-04,  2.912878e-02],
 [-4.189126e-02,  1.276716e-02,  9.577738e-02],
 [ 1.757848e-02,  4.618112e-02,  1.178101e-01],
 [ 2.256357e-02, -1.483378e-01,  4.681800e-02],
 [-2.786916e-03, -4.043869e-03,  1.891976e-03],
 [ 4.088972e-03, -5.686118e-04,  4.184965e-04],
 [ 1.627271e+00, -2.211720e+00,  1.755916e+00]]
spherical_charges_l2: [[ 2.236951e+00, -1.801440e+00,  3.084658e+00,  1.230958e+00, -2.041315e+00],
 [-1.163999e-02,  1.808812e-02, -1.147891e-02,  1.134159e-03,  1.709442e-02],
 [-1.428051e-02,  5.881385e-03, -2.012765e-02,  6.308515e-04,  1.064365e-02],
 [ 9.250866e-02,  8.715817e-02,  5.826809e-02, -1.050979e-01,  6.140198e-02],
 [ 3.043565e-01,  2.433333e-01, -1.916606e-01, -1.259152e-01,  1.228312e-01],
 [ 2.498509e-01,  1.636581e-01, -1.123423e-01, -1.401265e-01,  1.255550e-01],
 [ 4.476307e-02,  1.602330e-02,  2.187839e-02,  2.325008e-02,  5.013413e-02],
 [ 1.133047e-01,  1.698523e-01, -4.721462e-02,  9.944719e-02,  1.052160e-02],
 [ 1.767653e-01,  2.098937e-01, -6.780663e-02,  3.475317e-02,  4.568437e-02],
 [ 2.449011e-02, -6.291151e-03,  1.190679e-02,  1.228923e-01,  3.792270e-02],
 [-2.083069e-03, -1.786452e-02,  7.956486e-03,  9.448077e-03,  1.052310e-02],
 [-1.550851e-02, -1.292678e-02,  4.958134e-03,  4.273933e-03,  1.342733e-02],
 [ 2.020341e+00,  2.405665e+00, -5.781519e-01, -2.476925e+00, -2.711050e+00]]
energy_short: [-0.6602  ,  0.648486,  0.642012, -0.202688, -0.038712, -0.082664, -0.33068 , -0.274023, -0.272749, -0.369627,  0.661249,  0.655277, -0.372641]
energy_long: [-0.18499 ,  0.027827,  0.024502,  0.071529, -0.027036, -0.010727,  0.022134,  0.045732,  0.096098,  0.052012,  0.030106,  0.027703, -0.076695]