step=1718145, graph_id=0, num_atoms=13
scalar_charges: [ 1.01694 , -2.353508, -2.356243,  0.938614,  0.908507,  0.916433,  0.960153,  0.949892,  0.949597,  0.965012, -2.339283, -2.345594,  0.970365]
spherical_charges_l0: [[-8.040817e-01],
 [ 4.798934e-03],
 [ 3.551709e-03],
 [ 1.747047e-02],
 [-1.865172e-02],
 [-2.422868e-03],
 [ 1.170421e-04],
 [ 3.546831e-03],
 [ 7.809937e-03],
 [ 1.318001e-02],
 [ 2.450455e-03],
 [ 3.563630e-03],
 [-8.546416e-01]]
spherical_charges_l1: [[-2.230586e-02,  1.561987e+00,  9.704714e-01],
 [-9.126581e-04,  7.418201e-03,  3.696785e-03],
 [ 2.502897e-03,  2.555958e-03,  2.695929e-03],
 [-5.524483e-02,  1.154609e-01, -2.190469e-03],
 [ 4.364338e-02,  9.337413e-03,  3.274272e-02],
 [ 4.631909e-02,  1.907877e-02,  5.302921e-02],
 [ 4.439922e-03,  9.296351e-04,  1.775722e-02],
 [-2.343990e-02,  6.826047e-03,  5.520670e-02],
 [ 9.950978e-03,  2.531532e-02,  6.696907e-02],
 [ 1.302172e-02, -8.039516e-02,  2.602153e-02],
 [ 2.963688e-04, -4.118341e-03,  2.035706e-03],
 [ 3.487124e-03, -2.728487e-03,  1.461317e-03],
 [ 9.225593e-01, -1.255450e+00,  9.815084e-01]]
spherical_charges_l2: [[ 1.400399e+00, -1.147310e+00,  1.983418e+00,  8.194681e-01, -1.319823e+00],
 [-8.630814e-03,  1.816826e-02, -8.791466e-03,  6.287423e-04,  1.568322e-02],
 [-1.358322e-02,  3.549748e-03, -1.827924e-02,  8.554591e-05,  8.630351e-03],
 [ 5.445295e-02,  6.090841e-02,  3.108161e-02, -6.448504e-02,  4.071242e-02],
 [ 1.829832e-01,  1.505239e-01, -1.270657e-01, -8.025101e-02,  7.368989e-02],
 [ 1.537227e-01,  1.028366e-01, -7.400358e-02, -9.144125e-02,  7.271263e-02],
 [ 2.913194e-02,  6.555724e-03,  1.571627e-02,  1.731372e-02,  3.475545e-02],
 [ 6.863489e-02,  1.078745e-01, -3.241046e-02,  6.342729e-02,  2.894506e-03],
 [ 1.079138e-01,  1.327136e-01, -4.125991e-02,  1.646197e-02,  2.531574e-02],
 [ 1.113249e-02, -1.113187e-02,  8.118192e-03,  7.966340e-02,  3.029810e-02],
 [-5.735794e-04, -1.528610e-02,  6.709286e-03,  1.064202e-02,  1.058961e-02],
 [-1.538104e-02, -1.037155e-02,  3.730409e-03,  4.138534e-03,  1.309482e-02],
 [ 1.289937e+00,  1.517746e+00, -3.635421e-01, -1.617728e+00, -1.778993e+00]]
energy_short: [-0.703508,  0.783744,  0.77749 , -0.252319, -0.07844 , -0.123684, -0.372491, -0.313172, -0.311337, -0.401293,  0.795603,  0.789321, -0.432935]
energy_long: [-0.189275,  0.028785,  0.025825,  0.067175, -0.026744,  0.004846,  0.025287,  0.057779,  0.086407,  0.051775,  0.029272,  0.027622, -0.075261]