step=2390985, graph_id=0, num_atoms=13
scalar_charges: [ 0.826611, -1.863168, -1.866639,  0.742256,  0.714362,  0.721105,  0.759101,  0.749884,  0.749511,  0.765303, -1.851237, -1.856732,  0.778748]
spherical_charges_l0: [[-0.543327],
 [ 0.003389],
 [ 0.002672],
 [ 0.011645],
 [-0.008425],
 [ 0.001181],
 [ 0.000875],
 [ 0.00442 ],
 [ 0.008256],
 [ 0.009227],
 [ 0.001689],
 [ 0.002479],
 [-0.590245]]
spherical_charges_l1: [[-1.632042e-02,  1.072701e+00,  6.668665e-01],
 [-7.895624e-04,  6.067339e-03,  2.781023e-03],
 [ 1.785117e-03,  2.976567e-03,  2.347540e-03],
 [-3.767034e-02,  8.204217e-02, -3.753845e-04],
 [ 3.446840e-02,  6.956147e-03,  2.924544e-02],
 [ 3.517615e-02,  1.384606e-02,  3.756685e-02],
 [ 3.174362e-03,  9.483173e-04,  1.197526e-02],
 [-1.715631e-02,  4.109298e-03,  4.041308e-02],
 [ 7.977581e-03,  1.967783e-02,  4.993713e-02],
 [ 8.835872e-03, -5.639692e-02,  1.737303e-02],
 [ 1.433266e-03, -3.542981e-03,  1.788989e-03],
 [ 2.858169e-03, -2.900352e-03,  1.521371e-03],
 [ 6.324873e-01, -8.599285e-01,  6.809795e-01]]
spherical_charges_l2: [[ 1.045504e+00, -8.457781e-01,  1.464007e+00,  5.853741e-01, -9.750540e-01],
 [-8.442530e-03,  1.162437e-02, -8.812578e-03, -2.870451e-05,  1.136466e-02],
 [-9.106922e-03,  5.022322e-03, -1.209977e-02,  4.757906e-04,  7.183959e-03],
 [ 4.310644e-02,  4.463347e-02,  2.528661e-02, -4.898947e-02,  2.832175e-02],
 [ 1.435734e-01,  1.155072e-01, -9.095594e-02, -5.938532e-02,  5.783921e-02],
 [ 1.181850e-01,  7.615615e-02, -5.342111e-02, -6.875528e-02,  5.638831e-02],
 [ 2.082279e-02,  2.204072e-03,  1.088288e-02,  1.151472e-02,  2.305420e-02],
 [ 5.240969e-02,  8.015374e-02, -2.510574e-02,  4.879017e-02,  2.948728e-03],
 [ 8.229066e-02,  1.002076e-01, -3.114590e-02,  1.483288e-02,  2.198980e-02],
 [ 9.748084e-03, -5.848508e-03,  4.008876e-03,  5.892256e-02,  1.935721e-02],
 [-4.130700e-03, -1.199711e-02,  5.144056e-03,  6.496601e-03,  8.774346e-03],
 [-9.286098e-03, -9.970095e-03,  3.946031e-03,  4.161498e-03,  9.576660e-03],
 [ 9.631932e-01,  1.135923e+00, -2.743153e-01, -1.191310e+00, -1.315524e+00]]
energy_short: [-0.766765,  0.819952,  0.814546, -0.278383, -0.088606, -0.134396, -0.382268, -0.32333 , -0.320742, -0.424162,  0.830742,  0.825505, -0.49188 ]
energy_long: [-0.17492 ,  0.028985,  0.025012,  0.071946, -0.020163,  0.010254,  0.025703,  0.060143,  0.091247,  0.057298,  0.028007,  0.026921, -0.077705]