step=2743425, graph_id=0, num_atoms=13
scalar_charges: [ 0.746552, -1.752592, -1.754627,  0.684431,  0.656116,  0.662562,  0.69943 ,  0.68996 ,  0.689561,  0.706602, -1.743975, -1.748225,  0.700147]
spherical_charges_l0: [[-4.873333e-01],
 [ 2.930446e-03],
 [ 2.453622e-03],
 [ 1.094777e-02],
 [-9.617141e-03],
 [ 3.852680e-05],
 [ 8.877449e-04],
 [ 3.160133e-03],
 [ 6.626533e-03],
 [ 9.306567e-03],
 [ 1.463300e-03],
 [ 2.197694e-03],
 [-5.300916e-01]]
spherical_charges_l1: [[-1.680080e-02,  9.680672e-01,  6.060842e-01],
 [-7.352063e-04,  5.559870e-03,  2.497911e-03],
 [ 1.308435e-03,  3.341858e-03,  2.209265e-03],
 [-3.543915e-02,  7.565467e-02, -5.000771e-04],
 [ 3.109135e-02,  5.639604e-03,  2.470213e-02],
 [ 2.937460e-02,  1.305356e-02,  3.269254e-02],
 [ 3.522043e-03,  1.193819e-03,  1.269630e-02],
 [-1.460960e-02,  3.678465e-03,  3.542709e-02],
 [ 6.310402e-03,  1.747347e-02,  4.370767e-02],
 [ 8.519845e-03, -5.354216e-02,  1.658795e-02],
 [ 1.667383e-03, -3.418696e-03,  1.734681e-03],
 [ 2.672006e-03, -3.024825e-03,  1.575094e-03],
 [ 5.699669e-01, -7.756259e-01,  6.180306e-01]]
spherical_charges_l2: [[ 9.069945e-01, -7.569413e-01,  1.308772e+00,  5.584915e-01, -8.764984e-01],
 [-7.484780e-03,  1.027700e-02, -8.166508e-03,  1.498059e-05,  9.990482e-03],
 [-7.787247e-03,  4.570684e-03, -1.043838e-02, -1.094309e-04,  6.466471e-03],
 [ 4.053541e-02,  3.750042e-02,  2.467105e-02, -4.642393e-02,  2.549845e-02],
 [ 1.225354e-01,  1.018459e-01, -8.395531e-02, -5.157199e-02,  4.948556e-02],
 [ 1.046068e-01,  6.746432e-02, -4.842485e-02, -6.104604e-02,  4.815687e-02],
 [ 1.938715e-02,  3.149586e-03,  1.067057e-02,  1.207963e-02,  2.396148e-02],
 [ 4.623817e-02,  7.108501e-02, -2.341490e-02,  4.264439e-02,  1.389919e-03],
 [ 7.246399e-02,  8.820308e-02, -2.616871e-02,  1.117118e-02,  1.797852e-02],
 [ 9.356722e-03, -1.522748e-03,  2.601380e-03,  5.448704e-02,  1.745725e-02],
 [-3.109828e-03, -1.036670e-02,  4.424451e-03,  6.330033e-03,  7.957384e-03],
 [-8.393496e-03, -8.519441e-03,  3.306527e-03,  4.072680e-03,  8.906018e-03],
 [ 8.482298e-01,  9.816673e-01, -2.226049e-01, -1.088918e+00, -1.175002e+00]]
energy_short: [-0.710975,  0.822286,  0.815716, -0.321446, -0.119896, -0.167831, -0.418851, -0.358749, -0.355567, -0.467571,  0.833321,  0.826854, -0.43452 ]
energy_long: [-0.169513,  0.030593,  0.025711,  0.072202, -0.022829,  0.013583,  0.031166,  0.060804,  0.085842,  0.057681,  0.029247,  0.028133, -0.067445]