step=3055815, graph_id=0, num_atoms=13
scalar_charges: [ 0.739528, -1.734326, -1.737056,  0.670843,  0.646212,  0.651717,  0.684273,  0.67547 ,  0.675045,  0.69071 , -1.722719, -1.728513,  0.693476]
spherical_charges_l0: [[-4.594571e-01],
 [ 2.411298e-03],
 [ 2.125261e-03],
 [ 9.904915e-03],
 [-8.949077e-03],
 [ 3.499744e-04],
 [ 3.479072e-05],
 [ 2.764222e-03],
 [ 6.129639e-03],
 [ 8.434233e-03],
 [ 1.231197e-03],
 [ 1.893033e-03],
 [-4.981211e-01]]
spherical_charges_l1: [[-1.673207e-02,  8.909416e-01,  5.592745e-01],
 [-3.339569e-04,  4.887597e-03,  2.452696e-03],
 [ 1.128461e-03,  2.567895e-03,  1.877267e-03],
 [-3.196582e-02,  6.945372e-02, -2.134067e-04],
 [ 2.994505e-02,  6.080982e-03,  2.503214e-02],
 [ 2.965879e-02,  1.173740e-02,  3.183825e-02],
 [ 3.015228e-03,  1.007556e-03,  1.120793e-02],
 [-1.474252e-02,  3.597311e-03,  3.481683e-02],
 [ 6.644869e-03,  1.706918e-02,  4.296264e-02],
 [ 8.440678e-03, -4.911773e-02,  1.540286e-02],
 [ 1.836257e-03, -3.178295e-03,  1.623731e-03],
 [ 2.302627e-03, -2.937225e-03,  1.520992e-03],
 [ 5.241604e-01, -7.114989e-01,  5.702407e-01]]
spherical_charges_l2: [[ 8.526469e-01, -7.051908e-01,  1.227845e+00,  5.243906e-01, -8.200509e-01],
 [-7.209577e-03,  1.053050e-02, -6.838324e-03,  4.817713e-04,  9.611644e-03],
 [-8.176132e-03,  4.111425e-03, -1.084448e-02,  6.113436e-05,  6.164670e-03],
 [ 3.941392e-02,  3.468939e-02,  2.423780e-02, -4.427184e-02,  2.269044e-02],
 [ 1.194594e-01,  9.764642e-02, -7.888363e-02, -5.097298e-02,  4.805214e-02],
 [ 1.002542e-01,  6.425212e-02, -4.616120e-02, -5.671168e-02,  4.688463e-02],
 [ 1.719938e-02,  1.507950e-03,  1.006814e-02,  1.065907e-02,  2.135305e-02],
 [ 4.489318e-02,  6.727377e-02, -2.174240e-02,  4.011042e-02,  1.946440e-03],
 [ 6.999220e-02,  8.398565e-02, -2.565523e-02,  1.224236e-02,  1.704749e-02],
 [ 9.219540e-03, -5.836005e-04,  2.054120e-03,  5.030166e-02,  1.514321e-02],
 [-1.741695e-03, -1.020181e-02,  4.436579e-03,  6.330656e-03,  7.162284e-03],
 [-8.985039e-03, -7.801080e-03,  2.971383e-03,  3.258592e-03,  8.484932e-03],
 [ 7.943356e-01,  9.211231e-01, -2.101690e-01, -1.016943e+00, -1.098554e+00]]
energy_short: [-0.757232,  0.836124,  0.830303, -0.310406, -0.110041, -0.157294, -0.407572, -0.347136, -0.343859, -0.454342,  0.848619,  0.8417  , -0.485144]
energy_long: [-0.165838,  0.031896,  0.027363,  0.072933, -0.016438,  0.018362,  0.032775,  0.062281,  0.085537,  0.058419,  0.03053 ,  0.029442, -0.065222]