step=1233540, graph_id=0, num_atoms=13
scalar_charges: [ 1.323756, -3.051621, -3.056376,  1.262098,  1.230367,  1.237959,  1.279807,  1.270152,  1.269807,  1.285513, -3.02691 , -3.037504,  1.28384 ]
spherical_charges_l0: [[-1.171147],
 [ 0.007501],
 [ 0.005669],
 [ 0.029459],
 [-0.018278],
 [ 0.004576],
 [ 0.001324],
 [ 0.010761],
 [ 0.016889],
 [ 0.022586],
 [ 0.003888],
 [ 0.005159],
 [-1.223267]]
spherical_charges_l1: [[-3.035331e-02,  2.429614e+00,  1.521714e+00],
 [ 3.170003e-04,  7.783325e-03,  4.701599e-03],
 [ 1.639136e-03,  3.584361e-03,  2.657126e-03],
 [-8.132915e-02,  1.832836e-01, -3.123721e-03],
 [ 6.371293e-02,  1.025107e-02,  4.467642e-02],
 [ 6.824005e-02,  3.054295e-02,  7.964988e-02],
 [ 6.638423e-03,  3.556012e-03,  3.037686e-02],
 [-3.318076e-02,  8.118873e-03,  8.146401e-02],
 [ 1.257211e-02,  3.994869e-02,  9.871027e-02],
 [ 2.164799e-02, -1.296356e-01,  4.026150e-02],
 [-1.703497e-04, -4.123297e-03,  2.022650e-03],
 [ 3.181157e-03, -3.141523e-03,  1.653577e-03],
 [ 1.423492e+00, -1.933951e+00,  1.501959e+00]]
spherical_charges_l2: [[ 1.928959e+00, -1.610290e+00,  2.704921e+00,  1.119004e+00, -1.812481e+00],
 [-1.061868e-02,  1.868342e-02, -1.184444e-02,  6.683018e-04,  1.731215e-02],
 [-1.382896e-02,  4.331942e-03, -1.979475e-02, -6.430051e-04,  1.041369e-02],
 [ 7.476965e-02,  7.192753e-02,  5.563280e-02, -9.301256e-02,  4.773949e-02],
 [ 2.379163e-01,  1.970208e-01, -1.538301e-01, -9.691068e-02,  1.026466e-01],
 [ 2.010347e-01,  1.305428e-01, -8.805741e-02, -1.266189e-01,  9.811912e-02],
 [ 3.795112e-02,  3.463496e-03,  2.309376e-02,  2.255253e-02,  4.089082e-02],
 [ 8.068679e-02,  1.359179e-01, -4.327329e-02,  8.709485e-02,  4.814739e-03],
 [ 1.363178e-01,  1.716463e-01, -5.058345e-02,  1.818989e-02,  3.840123e-02],
 [ 1.976906e-02, -3.453643e-03,  6.465900e-03,  1.107150e-01,  3.326523e-02],
 [-7.466709e-04, -1.559676e-02,  6.749440e-03,  1.211098e-02,  1.201941e-02],
 [-1.590095e-02, -1.024203e-02,  3.524962e-03,  5.737873e-03,  1.481908e-02],
 [ 1.741633e+00,  2.060421e+00, -4.869053e-01, -2.193021e+00, -2.384608e+00]]
energy_short: [-0.623832,  0.669293,  0.663003, -0.2226  , -0.041649, -0.086913, -0.332798, -0.275335, -0.273217, -0.380484,  0.682258,  0.676045, -0.351558]
energy_long: [-0.177966,  0.024354,  0.022263,  0.061336, -0.018878,  0.000196,  0.008647,  0.049947,  0.087153,  0.045417,  0.027926,  0.025621, -0.075412]