step=2118645, graph_id=0, num_atoms=13
scalar_charges: [ 0.881007, -1.961866, -1.964498,  0.792628,  0.761789,  0.769451,  0.813302,  0.802813,  0.802437,  0.819331, -1.950705, -1.955743,  0.828425]
spherical_charges_l0: [[-0.599817],
 [ 0.003504],
 [ 0.002642],
 [ 0.01351 ],
 [-0.01408 ],
 [-0.001216],
 [ 0.001014],
 [ 0.003221],
 [ 0.007219],
 [ 0.010633],
 [ 0.001865],
 [ 0.002628],
 [-0.645087]]
spherical_charges_l1: [[-1.851836e-02,  1.177956e+00,  7.411878e-01],
 [-1.167320e-03,  6.345817e-03,  2.679732e-03],
 [ 2.625745e-03,  2.450968e-03,  2.468027e-03],
 [-4.342345e-02,  9.382585e-02, -3.636698e-03],
 [ 3.561870e-02,  7.634494e-03,  2.758165e-02],
 [ 3.438883e-02,  1.498204e-02,  4.014736e-02],
 [ 3.907395e-03,  1.365672e-03,  1.540578e-02],
 [-1.643425e-02,  4.540363e-03,  4.184091e-02],
 [ 6.935087e-03,  1.992526e-02,  5.147542e-02],
 [ 1.000024e-02, -6.599308e-02,  1.849087e-02],
 [ 3.057858e-04, -3.838705e-03,  1.895300e-03],
 [ 3.486587e-03, -2.173463e-03,  1.185567e-03],
 [ 6.950426e-01, -9.441479e-01,  7.488438e-01]]
spherical_charges_l2: [[ 1.104224e+00, -9.160379e-01,  1.583725e+00,  6.696269e-01, -1.050804e+00],
 [-7.918392e-03,  1.254124e-02, -8.264438e-03,  3.125121e-04,  1.200404e-02],
 [-9.702095e-03,  5.335321e-03, -1.253625e-02,  6.695566e-04,  7.804547e-03],
 [ 4.254720e-02,  4.535349e-02,  2.923075e-02, -5.156619e-02,  3.067544e-02],
 [ 1.401763e-01,  1.178291e-01, -9.873772e-02, -6.140626e-02,  5.638621e-02],
 [ 1.224938e-01,  7.996731e-02, -5.919856e-02, -7.079458e-02,  5.411483e-02],
 [ 2.322353e-02,  2.730875e-03,  1.281850e-02,  1.450682e-02,  2.861423e-02],
 [ 5.297178e-02,  8.123972e-02, -2.828124e-02,  4.838256e-02, -2.811970e-04],
 [ 8.291150e-02,  1.006489e-01, -2.819279e-02,  1.153969e-02,  1.953129e-02],
 [ 9.470230e-03, -7.655981e-03,  7.634336e-03,  6.412262e-02,  2.245131e-02],
 [-3.863746e-03, -1.236656e-02,  5.325967e-03,  6.736585e-03,  8.856225e-03],
 [-9.714254e-03, -1.015912e-02,  3.993110e-03,  4.437436e-03,  1.008093e-02],
 [ 1.020469e+00,  1.186053e+00, -2.721882e-01, -1.302931e+00, -1.411745e+00]]
energy_short: [-0.743171,  0.782705,  0.776794, -0.275742, -0.095255, -0.139848, -0.388164, -0.328617, -0.326455, -0.422716,  0.793807,  0.788202, -0.469295]
energy_long: [-0.157823,  0.031142,  0.027137,  0.072557, -0.025381,  0.009248,  0.027802,  0.062898,  0.090567,  0.056849,  0.030686,  0.02928 , -0.063691]