step=688860, graph_id=0, num_atoms=13
scalar_charges: [ 2.371595, -6.889643, -6.888532,  2.289451,  2.250499,  2.260498,  2.318096,  2.306662,  2.30704 ,  2.327072, -6.879877, -6.889184,  2.321535]
spherical_charges_l0: [[-2.544200e+00],
 [ 9.166673e-03],
 [ 1.011496e-02],
 [ 4.910574e-02],
 [-5.596893e-02],
 [-7.714414e-03],
 [-2.279556e-03],
 [ 8.717800e-03],
 [ 1.382331e-02],
 [ 3.060922e-02],
 [ 6.971708e-03],
 [ 9.035886e-03],
 [-2.595810e+00]]
spherical_charges_l1: [[-2.106557e-02,  4.725917e+00,  2.930290e+00],
 [ 2.876705e-03,  6.166727e-03,  5.576938e-03],
 [ 1.864261e-03,  2.035371e-03,  1.603458e-03],
 [-1.828084e-01,  3.615369e-01, -6.580817e-03],
 [ 1.134625e-01, -1.139506e-03,  7.846012e-02],
 [ 1.120518e-01,  7.275011e-02,  1.450327e-01],
 [ 1.190125e-02,  7.005192e-03,  5.251592e-02],
 [-5.422569e-02,  1.299448e-02,  1.468284e-01],
 [ 1.766389e-02,  7.597465e-02,  1.734089e-01],
 [ 2.182720e-02, -2.376448e-01,  7.509048e-02],
 [-1.573467e-03, -3.323847e-03,  1.583098e-03],
 [ 2.557141e-03, -1.830883e-03,  9.915262e-04],
 [ 2.756623e+00, -3.761360e+00,  2.902406e+00]]
spherical_charges_l2: [[ 3.285677e+00, -2.795772e+00,  4.519098e+00,  1.762875e+00, -3.106268e+00],
 [-1.627354e-02,  2.326841e-02, -1.454848e-02,  4.084460e-03,  1.884927e-02],
 [-2.048814e-02,  4.562576e-03, -2.471359e-02,  1.651043e-03,  1.023565e-02],
 [ 1.460268e-01,  1.284605e-01,  1.323976e-01, -1.594831e-01,  8.543745e-02],
 [ 4.475679e-01,  3.533588e-01, -2.608435e-01, -1.836457e-01,  1.883349e-01],
 [ 3.658436e-01,  2.457754e-01, -1.614640e-01, -1.972176e-01,  1.944164e-01],
 [ 7.129746e-02,  3.175307e-02,  2.733317e-02,  3.101286e-02,  7.275081e-02],
 [ 1.633544e-01,  2.460054e-01, -5.825090e-02,  1.441880e-01,  2.661472e-02],
 [ 2.565443e-01,  3.012088e-01, -1.030091e-01,  6.070051e-02,  7.296455e-02],
 [ 5.268949e-02,  7.043423e-03,  1.272420e-02,  1.672812e-01,  1.253158e-02],
 [-4.249618e-03, -1.892093e-02,  8.311006e-03,  9.553559e-03,  1.190241e-02],
 [-1.630389e-02, -1.465214e-02,  5.686984e-03,  5.053981e-03,  1.465199e-02],
 [ 2.926591e+00,  3.539766e+00, -8.799456e-01, -3.652060e+00, -4.024629e+00]]
energy_short: [-0.607685,  0.544001,  0.538159, -0.175572, -0.03524 , -0.072908, -0.310261, -0.261621, -0.262882, -0.362653,  0.560376,  0.552907, -0.318808]
energy_long: [-0.169629,  0.042046,  0.040116,  0.092148, -0.026726,  0.000491,  0.002788,  0.059484,  0.098043,  0.071815,  0.044591,  0.043243, -0.066473]