step=256320, graph_id=0, num_atoms=13
scalar_charges: [  5.811374, -21.095081, -21.087582,   5.856244,   5.839828,   5.846714,   5.873181,   5.873413,   5.873662,   5.878954, -21.105516, -21.09768 ,   5.856987]
spherical_charges_l0: [[-5.403038e+00],
 [ 1.674330e-02],
 [ 1.373998e-02],
 [ 1.528358e-02],
 [-1.650861e-01],
 [-7.512911e-02],
 [-5.909279e-02],
 [-4.830943e-02],
 [-3.522195e-02],
 [ 1.405280e-02],
 [ 3.728902e-03],
 [ 8.179978e-03],
 [-5.227862e+00]]
spherical_charges_l1: [[ 4.667060e-02,  8.408260e+00,  5.294872e+00],
 [ 1.635360e-02, -9.504356e-03,  7.756387e-03],
 [-1.775045e-02,  3.833404e-03, -3.499633e-03],
 [-5.029504e-01,  8.390885e-01, -1.414683e-02],
 [ 9.148033e-02, -1.906447e-02,  5.001769e-02],
 [ 1.104713e-01,  1.159259e-01,  1.888923e-01],
 [-1.719749e-04,  6.609030e-03,  3.299606e-02],
 [-6.829118e-02,  1.892388e-02,  2.300518e-01],
 [ 8.091012e-03,  1.167176e-01,  2.193334e-01],
 [ 2.624876e-02, -5.678357e-01,  1.829844e-01],
 [ 5.193535e-03,  4.943795e-03, -2.226467e-03],
 [-1.031228e-02, -3.216857e-03,  1.260823e-03],
 [ 4.951952e+00, -6.676937e+00,  5.290927e+00]]
spherical_charges_l2: [[ 4.526971e+00, -3.847260e+00,  6.329552e+00,  2.817482e+00, -4.131047e+00],
 [-2.932372e-02,  7.237417e-03, -2.702039e-02,  6.770574e-04,  1.209708e-02],
 [-1.886532e-02,  1.012649e-02, -2.257141e-02,  2.047011e-03,  1.228794e-02],
 [ 3.683742e-01,  2.693053e-01,  3.358486e-01, -3.461852e-01,  7.819377e-02],
 [ 7.491371e-01,  5.517829e-01, -3.793808e-01, -3.377227e-01,  2.976401e-01],
 [ 5.735906e-01,  4.542624e-01, -1.907321e-01, -2.796052e-01,  3.618766e-01],
 [ 2.197641e-01,  1.079016e-01,  1.276944e-02,  7.073897e-02,  1.687135e-01],
 [ 2.784815e-01,  4.877415e-01, -1.385945e-01,  2.868819e-01,  1.058986e-01],
 [ 4.234369e-01,  5.482329e-01, -1.871117e-01,  1.426117e-01,  1.821064e-01],
 [ 1.648087e-01,  6.234770e-02, -5.210425e-02,  2.860883e-01, -1.460405e-01],
 [-2.041994e-02, -1.812249e-02,  7.300927e-03,  2.412527e-03,  1.480908e-02],
 [ 2.304164e-03, -2.752703e-02,  1.254552e-02,  1.504329e-02,  1.345553e-02],
 [ 4.093850e+00,  4.828935e+00, -1.040169e+00, -5.265554e+00, -5.410725e+00]]
energy_short: [-0.479294,  0.297455,  0.290204, -0.017351,  0.068707,  0.040928, -0.181096, -0.145168, -0.150961, -0.216143,  0.312201,  0.30288 , -0.192007]
energy_long: [-0.156   ,  0.037141,  0.036503,  0.073695, -0.050368, -0.019263, -0.010092,  0.024231,  0.100463,  0.049998,  0.041805,  0.040098, -0.018737]