step=384480, graph_id=0, num_atoms=13
scalar_charges: [  4.802701, -16.360823, -16.36119 ,   4.763123,   4.737594,   4.748008,   4.799367,   4.793589,   4.794445,   4.808321, -16.344114, -16.350311,   4.798361]
spherical_charges_l0: [[-4.315997],
 [ 0.012655],
 [ 0.010996],
 [ 0.042802],
 [-0.116354],
 [-0.044283],
 [-0.041141],
 [-0.029261],
 [-0.018307],
 [ 0.03534 ],
 [ 0.005425],
 [ 0.008321],
 [-4.242641]]
spherical_charges_l1: [[ 1.339579e-01,  7.109128e+00,  4.465142e+00],
 [ 1.174176e-02, -1.042996e-02,  2.483364e-03],
 [-5.083634e-03, -4.227396e-03, -4.859720e-03],
 [-3.541725e-01,  5.991741e-01, -8.194769e-03],
 [ 1.444262e-01, -1.054609e-02,  1.016160e-01],
 [ 1.401435e-01,  9.821995e-02,  1.941505e-01],
 [ 1.006300e-02,  1.112613e-02,  5.234674e-02],
 [-6.968391e-02,  1.898623e-02,  2.187883e-01],
 [ 1.672963e-02,  1.165548e-01,  2.368673e-01],
 [ 2.666020e-02, -4.376986e-01,  1.397196e-01],
 [-3.160360e-03,  3.870409e-03, -2.002415e-03],
 [-7.367309e-03,  2.103973e-03, -1.273606e-03],
 [ 4.200324e+00, -5.654046e+00,  4.363064e+00]]
spherical_charges_l2: [[ 4.133209e+00, -3.593532e+00,  5.877001e+00,  2.603471e+00, -3.987757e+00],
 [-2.741790e-02,  1.845330e-02, -1.844129e-02,  5.892835e-03,  1.823112e-02],
 [-2.568535e-02,  1.397111e-02, -2.923780e-02,  7.172467e-03,  1.581362e-02],
 [ 3.039679e-01,  1.594159e-01,  2.537987e-01, -2.785553e-01,  5.291595e-02],
 [ 6.948839e-01,  5.136393e-01, -3.245405e-01, -3.054263e-01,  3.164751e-01],
 [ 5.599552e-01,  4.137527e-01, -1.829045e-01, -2.639999e-01,  3.195859e-01],
 [ 1.554750e-01,  1.011683e-01,  2.546908e-02,  5.501604e-02,  1.511072e-01],
 [ 2.758120e-01,  4.249664e-01, -1.291959e-01,  2.388385e-01,  9.922834e-02],
 [ 4.003610e-01,  5.040685e-01, -1.567097e-01,  1.553170e-01,  1.665414e-01],
 [ 1.150946e-01,  7.549871e-02, -5.196670e-02,  2.166604e-01, -9.621868e-02],
 [-1.931570e-02, -2.661539e-02,  1.137326e-02,  4.918861e-03,  1.684432e-02],
 [-6.161001e-03, -2.991110e-02,  1.340967e-02,  1.100571e-02,  1.488843e-02],
 [ 3.805809e+00,  4.513214e+00, -1.036858e+00, -4.916914e+00, -5.190774e+00]]
energy_short: [-0.592587,  0.385484,  0.380066, -0.084421,  0.007595, -0.027225, -0.250261, -0.212893, -0.217964, -0.291494,  0.40191 ,  0.393511, -0.29126 ]
energy_long: [-0.151442,  0.045236,  0.04335 ,  0.08686 , -0.027092,  0.008364,  0.030602,  0.038963,  0.099799,  0.069278,  0.048008,  0.046032, -0.032963]