step=2314890, graph_id=0, num_atoms=13
scalar_charges: [ 0.844917, -1.902825, -1.905175,  0.754671,  0.725716,  0.732734,  0.773414,  0.76376 ,  0.763495,  0.779863, -1.891923, -1.89679 ,  0.794604]
spherical_charges_l0: [[-0.567592],
 [ 0.002786],
 [ 0.00237 ],
 [ 0.011566],
 [-0.011916],
 [-0.000721],
 [-0.000707],
 [ 0.002484],
 [ 0.00628 ],
 [ 0.008921],
 [ 0.001381],
 [ 0.002121],
 [-0.612273]]
spherical_charges_l1: [[-1.710847e-02,  1.113411e+00,  6.920621e-01],
 [-1.048609e-03,  5.322386e-03,  2.218521e-03],
 [ 1.714308e-03,  2.512551e-03,  2.041880e-03],
 [-3.761528e-02,  8.358875e-02,  6.895633e-04],
 [ 3.440202e-02,  5.985635e-03,  2.694251e-02],
 [ 3.297083e-02,  1.484885e-02,  3.728401e-02],
 [ 3.609847e-03,  1.097709e-03,  1.343116e-02],
 [-1.631931e-02,  4.078904e-03,  4.022495e-02],
 [ 7.067017e-03,  1.975752e-02,  4.955706e-02],
 [ 1.056708e-02, -5.809045e-02,  1.872576e-02],
 [ 9.590343e-04, -3.173080e-03,  1.590449e-03],
 [ 2.573600e-03, -2.458344e-03,  1.294260e-03],
 [ 6.563503e-01, -8.927675e-01,  7.076463e-01]]
spherical_charges_l2: [[ 1.048972e+00, -8.709723e-01,  1.508856e+00,  6.377625e-01, -1.007686e+00],
 [-7.295872e-03,  1.158038e-02, -7.768493e-03,  4.089823e-05,  1.083086e-02],
 [-8.753723e-03,  4.551242e-03, -1.207191e-02, -1.649246e-04,  7.244073e-03],
 [ 4.211969e-02,  4.466924e-02,  2.571869e-02, -5.039009e-02,  2.984710e-02],
 [ 1.412663e-01,  1.158808e-01, -9.534134e-02, -6.170993e-02,  5.752420e-02],
 [ 1.189481e-01,  7.867016e-02, -5.588369e-02, -6.740201e-02,  5.478996e-02],
 [ 2.123730e-02,  3.479414e-03,  1.162369e-02,  1.316896e-02,  2.698248e-02],
 [ 5.388252e-02,  8.174756e-02, -2.625459e-02,  4.662096e-02,  2.148930e-03],
 [ 8.331132e-02,  1.013099e-01, -3.068471e-02,  1.495711e-02,  1.969033e-02],
 [ 9.227578e-03, -6.231234e-03,  4.765486e-03,  6.062899e-02,  2.077833e-02],
 [-2.528356e-03, -1.064161e-02,  4.550114e-03,  7.055208e-03,  8.284913e-03],
 [-9.131738e-03, -8.376215e-03,  3.179159e-03,  4.185779e-03,  9.428015e-03],
 [ 9.755976e-01,  1.135138e+00, -2.636354e-01, -1.244573e+00, -1.354485e+00]]
energy_short: [-0.778869,  0.814402,  0.808763, -0.285187, -0.101247, -0.146558, -0.394447, -0.33692 , -0.334782, -0.434545,  0.825175,  0.819966, -0.504133]
energy_long: [-0.176865,  0.030172,  0.026968,  0.070969, -0.014923,  0.008535,  0.029741,  0.058806,  0.087031,  0.057224,  0.030063,  0.028659, -0.069246]