step=1265580, graph_id=0, num_atoms=13
scalar_charges: [ 1.294366, -3.202433, -3.205989,  1.231031,  1.200183,  1.207389,  1.248904,  1.239539,  1.239326,  1.254197, -3.184989, -3.192689,  1.254973]
spherical_charges_l0: [[-1.163790e+00],
 [ 7.053521e-03],
 [ 5.781240e-03],
 [ 2.529596e-02],
 [-3.389501e-02],
 [-8.555266e-03],
 [-4.129423e-03],
 [ 4.640746e-04],
 [ 5.317540e-03],
 [ 1.940363e-02],
 [ 4.244152e-03],
 [ 5.548865e-03],
 [-1.245824e+00]]
spherical_charges_l1: [[-2.698565e-02,  2.375005e+00,  1.472106e+00],
 [-1.494097e-03,  8.759839e-03,  3.526957e-03],
 [ 2.794976e-03,  2.647216e-03,  1.865244e-03],
 [-7.884985e-02,  1.793316e-01, -1.565892e-03],
 [ 6.878238e-02,  1.355320e-02,  5.414703e-02],
 [ 7.614292e-02,  2.761978e-02,  8.365434e-02],
 [ 6.422577e-03,  1.856091e-03,  2.545906e-02],
 [-3.802867e-02,  1.262581e-02,  8.757839e-02],
 [ 1.654981e-02,  4.049443e-02,  1.079273e-01],
 [ 2.257268e-02, -1.227968e-01,  3.887053e-02],
 [-1.679973e-03, -4.648613e-03,  2.222884e-03],
 [ 4.292523e-03, -1.980613e-03,  1.114862e-03],
 [ 1.422018e+00, -1.932841e+00,  1.497038e+00]]
spherical_charges_l2: [[ 1.929451e+00, -1.582596e+00,  2.749433e+00,  1.144049e+00, -1.833270e+00],
 [-1.183834e-02,  1.991924e-02, -1.116279e-02,  1.755533e-03,  1.856171e-02],
 [-1.599717e-02,  6.664499e-03, -2.200439e-02,  9.800334e-04,  1.169971e-02],
 [ 6.343955e-02,  7.734568e-02,  4.126295e-02, -8.794745e-02,  4.371970e-02],
 [ 2.502968e-01,  2.069667e-01, -1.782222e-01, -1.068237e-01,  9.949356e-02],
 [ 2.113145e-01,  1.373463e-01, -1.051587e-01, -1.244440e-01,  1.014391e-01],
 [ 3.398188e-02,  9.090040e-03,  2.037503e-02,  1.889117e-02,  3.999026e-02],
 [ 9.612200e-02,  1.442732e-01, -3.938570e-02,  8.395113e-02,  1.980799e-03],
 [ 1.514940e-01,  1.789776e-01, -5.852287e-02,  2.258682e-02,  3.000228e-02],
 [ 9.076108e-03, -1.958173e-02,  8.983508e-03,  1.008056e-01,  2.814794e-02],
 [-3.158261e-03, -2.095188e-02,  9.262585e-03,  1.135445e-02,  1.299895e-02],
 [-1.775812e-02, -1.487895e-02,  5.707215e-03,  5.016021e-03,  1.548556e-02],
 [ 1.789447e+00,  2.113620e+00, -5.097194e-01, -2.250885e+00, -2.472552e+00]]
energy_short: [-0.646001,  0.672892,  0.66559 , -0.226604, -0.045322, -0.088229, -0.335834, -0.27816 , -0.276553, -0.380411,  0.685936,  0.679397, -0.374346]
energy_long: [-0.19505 ,  0.028454,  0.026146,  0.06737 , -0.030691, -0.000594,  0.015728,  0.055306,  0.076774,  0.049808,  0.031113,  0.02894 , -0.079598]