step=1173465, graph_id=0, num_atoms=13
scalar_charges: [ 1.301   , -3.396309, -3.40033 ,  1.254355,  1.231008,  1.236174,  1.267227,  1.260359,  1.26034 ,  1.269908, -3.379397, -3.387882,  1.276098]
spherical_charges_l0: [[-1.307204],
 [ 0.008729],
 [ 0.006902],
 [ 0.034389],
 [-0.033444],
 [-0.007669],
 [-0.004888],
 [ 0.001448],
 [ 0.007243],
 [ 0.027111],
 [ 0.004822],
 [ 0.006646],
 [-1.388215]]
spherical_charges_l1: [[-2.701881e-02,  2.648900e+00,  1.659509e+00],
 [-2.554747e-03,  9.566382e-03,  4.043895e-03],
 [ 3.945680e-03,  3.782565e-03,  3.410570e-03],
 [-9.750429e-02,  2.046612e-01, -7.133606e-03],
 [ 5.923693e-02,  1.191919e-02,  4.475086e-02],
 [ 7.369076e-02,  2.761828e-02,  8.159138e-02],
 [ 6.353070e-03,  3.464397e-03,  2.866410e-02],
 [-3.715480e-02,  1.253940e-02,  8.528255e-02],
 [ 1.568683e-02,  3.924320e-02,  1.041244e-01],
 [ 2.022641e-02, -1.411619e-01,  4.149644e-02],
 [-2.079322e-03, -6.025205e-03,  2.889396e-03],
 [ 5.853069e-03, -2.577847e-03,  1.464809e-03],
 [ 1.578521e+00, -2.137870e+00,  1.666301e+00]]
spherical_charges_l2: [[ 2.140478e+00, -1.784541e+00,  2.997804e+00,  1.230343e+00, -2.014761e+00],
 [-1.554493e-02,  2.372746e-02, -1.397492e-02,  2.321850e-03,  2.135708e-02],
 [-2.066532e-02,  1.066665e-02, -2.456717e-02,  3.580048e-03,  1.381481e-02],
 [ 6.130004e-02,  8.027857e-02,  5.140002e-02, -8.428347e-02,  5.178916e-02],
 [ 2.620646e-01,  2.165674e-01, -1.676201e-01, -1.011270e-01,  1.064978e-01],
 [ 2.187483e-01,  1.358115e-01, -1.002603e-01, -1.331825e-01,  1.083578e-01],
 [ 3.840834e-02,  1.131541e-02,  2.193560e-02,  2.170086e-02,  4.295530e-02],
 [ 9.225128e-02,  1.436992e-01, -4.015173e-02,  9.370399e-02,  3.773510e-03],
 [ 1.525314e-01,  1.802643e-01, -5.721670e-02,  1.910210e-02,  3.994787e-02],
 [ 9.642573e-03, -1.973355e-02,  1.928782e-02,  1.069631e-01,  3.537440e-02],
 [-8.611609e-03, -2.503151e-02,  1.095997e-02,  1.027516e-02,  1.537787e-02],
 [-1.878698e-02, -2.127517e-02,  8.693626e-03,  5.965950e-03,  1.724518e-02],
 [ 1.961521e+00,  2.339714e+00, -5.615943e-01, -2.460062e+00, -2.686831e+00]]
energy_short: [-0.650609,  0.658934,  0.652199, -0.199851, -0.030647, -0.07403 , -0.32174 , -0.264384, -0.262697, -0.361566,  0.670985,  0.665297, -0.372735]
energy_long: [-0.192703,  0.031423,  0.029074,  0.068788, -0.042062, -0.000814,  0.024915,  0.064675,  0.085739,  0.049266,  0.033647,  0.031531, -0.081404]