step=424530, graph_id=0, num_atoms=13
scalar_charges: [  4.574141, -15.041697, -15.038421,   4.478178,   4.437056,   4.449129,   4.520484,   4.510959,   4.512342,   4.539801, -15.027895, -15.034651,   4.51905 ]
spherical_charges_l0: [[-4.144153e+00],
 [ 5.610257e-03],
 [ 6.399223e-03],
 [ 5.817326e-02],
 [-8.327105e-02],
 [-2.864105e-02],
 [-2.825274e-02],
 [-1.215000e-02],
 [-2.859447e-03],
 [ 4.511318e-02],
 [ 2.692328e-03],
 [ 4.027103e-03],
 [-4.132353e+00]]
spherical_charges_l1: [[ 3.195534e-02,  6.982491e+00,  4.315361e+00],
 [-8.362127e-03, -9.694054e-03, -7.599168e-03],
 [ 4.467275e-03, -7.630656e-03, -1.844722e-03],
 [-2.968937e-01,  5.078638e-01,  1.254356e-02],
 [ 2.030085e-01, -1.837060e-02,  1.464644e-01],
 [ 1.571508e-01,  1.170313e-01,  2.187800e-01],
 [ 1.735651e-02,  7.989043e-03,  6.847054e-02],
 [-7.732491e-02,  1.809047e-02,  2.363914e-01],
 [ 1.975034e-02,  1.287488e-01,  2.697018e-01],
 [ 3.318878e-03, -3.274238e-01,  1.163707e-01],
 [-7.932161e-03,  1.517475e-03, -1.018109e-03],
 [-2.106437e-04,  9.908224e-03, -4.870058e-03],
 [ 4.127650e+00, -5.604164e+00,  4.291636e+00]]
spherical_charges_l2: [[ 4.002414e+00, -3.652046e+00,  6.217917e+00,  2.964610e+00, -4.260513e+00],
 [-1.582212e-02,  2.035336e-02, -1.756782e-02, -4.241527e-04,  1.846619e-02],
 [-1.482278e-02,  8.017940e-03, -2.130544e-02,  5.211451e-04,  1.115430e-02],
 [ 2.734836e-01,  1.591256e-01,  2.480876e-01, -2.430316e-01,  8.739986e-02],
 [ 6.494861e-01,  4.830974e-01, -3.428968e-01, -2.941239e-01,  2.969627e-01],
 [ 5.140012e-01,  3.906532e-01, -1.944308e-01, -2.474649e-01,  2.915962e-01],
 [ 1.428569e-01,  1.010135e-01,  2.995139e-02,  5.489587e-02,  1.475659e-01],
 [ 2.499374e-01,  3.960960e-01, -1.076156e-01,  2.127660e-01,  8.615377e-02],
 [ 3.745022e-01,  4.747625e-01, -1.562910e-01,  1.381271e-01,  1.382075e-01],
 [ 1.157923e-01,  6.296168e-02, -2.158092e-02,  2.099046e-01, -5.656985e-02],
 [-1.200216e-02, -2.252205e-02,  9.774392e-03,  6.262959e-03,  1.362632e-02],
 [-7.874785e-03, -2.039308e-02,  8.861485e-03,  7.943185e-03,  1.267183e-02],
 [ 3.851565e+00,  4.376681e+00, -9.278919e-01, -5.351676e+00, -5.606702e+00]]
energy_short: [-0.553503,  0.414903,  0.409165, -0.101313,  0.013722, -0.018379, -0.237543, -0.201933, -0.20693 , -0.302476,  0.430295,  0.422848, -0.256316]
energy_long: [-0.148254,  0.044859,  0.042354,  0.089496, -0.034882,  0.00133 , -0.002784,  0.050146,  0.100442,  0.067591,  0.047256,  0.045541, -0.035269]