step=2971710, graph_id=0, num_atoms=13
scalar_charges: [ 0.727766, -1.704762, -1.707061,  0.662852,  0.638579,  0.643988,  0.67616 ,  0.667618,  0.667219,  0.682509, -1.694457, -1.699471,  0.683004]
spherical_charges_l0: [[-4.694514e-01],
 [ 2.909810e-03],
 [ 2.370577e-03],
 [ 9.741223e-03],
 [-8.824294e-03],
 [ 3.695202e-04],
 [ 2.570250e-04],
 [ 2.935125e-03],
 [ 6.325962e-03],
 [ 7.677911e-03],
 [ 1.392682e-03],
 [ 2.134204e-03],
 [-5.063843e-01]]
spherical_charges_l1: [[-1.373032e-02,  9.164733e-01,  5.743344e-01],
 [-7.881289e-04,  5.568907e-03,  2.530419e-03],
 [ 1.594754e-03,  2.993542e-03,  2.344649e-03],
 [-3.215520e-02,  6.973089e-02, -2.181926e-04],
 [ 2.955521e-02,  6.682464e-03,  2.424792e-02],
 [ 2.926136e-02,  1.118603e-02,  3.177125e-02],
 [ 3.306249e-03,  1.028716e-03,  1.199998e-02],
 [-1.457516e-02,  4.071418e-03,  3.413802e-02],
 [ 6.619247e-03,  1.605469e-02,  4.247944e-02],
 [ 8.009452e-03, -4.848301e-02,  1.512043e-02],
 [ 1.472803e-03, -3.384811e-03,  1.712563e-03],
 [ 2.755986e-03, -2.788620e-03,  1.463262e-03],
 [ 5.384637e-01, -7.319589e-01,  5.830118e-01]]
spherical_charges_l2: [[ 8.732193e-01, -7.257243e-01,  1.256641e+00,  5.355246e-01, -8.399846e-01],
 [-7.516739e-03,  9.579051e-03, -7.872138e-03, -1.334196e-05,  9.433147e-03],
 [-7.704229e-03,  4.885457e-03, -1.006591e-02,  1.783269e-04,  6.349574e-03],
 [ 3.782292e-02,  3.789026e-02,  2.463301e-02, -4.264068e-02,  2.450923e-02],
 [ 1.203436e-01,  9.874766e-02, -8.175155e-02, -5.191947e-02,  4.881757e-02],
 [ 1.010085e-01,  6.589476e-02, -4.652798e-02, -5.788625e-02,  4.729192e-02],
 [ 1.836371e-02,  2.797693e-03,  1.054384e-02,  1.160039e-02,  2.327529e-02],
 [ 4.462834e-02,  6.834226e-02, -2.248867e-02,  4.080570e-02,  2.123597e-03],
 [ 6.996116e-02,  8.511379e-02, -2.562010e-02,  1.175368e-02,  1.739055e-02],
 [ 9.486302e-03, -3.218599e-03,  3.979434e-03,  5.143387e-02,  1.649539e-02],
 [-3.463360e-03, -1.011464e-02,  4.300129e-03,  5.981966e-03,  7.837269e-03],
 [-7.870135e-03, -8.698807e-03,  3.432820e-03,  4.020810e-03,  8.565770e-03],
 [ 8.141804e-01,  9.447308e-01, -2.147278e-01, -1.041482e+00, -1.123845e+00]]
energy_short: [-0.7528  ,  0.844629,  0.83874 , -0.322585, -0.123071, -0.170063, -0.419193, -0.359889, -0.356846, -0.466526,  0.856094,  0.849677, -0.479745]
energy_long: [-0.171054,  0.03321 ,  0.028703,  0.072857, -0.017957,  0.017753,  0.032903,  0.061867,  0.086321,  0.058208,  0.031866,  0.030846, -0.065569]