step=1541925, graph_id=0, num_atoms=13
scalar_charges: [ 1.16008 , -2.646048, -2.651008,  1.076837,  1.04109 ,  1.050391,  1.100821,  1.089553,  1.089104,  1.107522, -2.627199, -2.635547,  1.10604 ]
spherical_charges_l0: [[-0.899827],
 [ 0.004936],
 [ 0.003216],
 [ 0.01616 ],
 [-0.022944],
 [-0.004811],
 [ 0.002795],
 [ 0.003835],
 [ 0.00858 ],
 [ 0.012737],
 [ 0.002345],
 [ 0.003349],
 [-0.958752]]
spherical_charges_l1: [[-2.830135e-02,  1.767854e+00,  1.095148e+00],
 [-1.774167e-03,  6.341882e-03,  2.999913e-03],
 [ 2.656282e-03,  1.597049e-03,  2.577756e-03],
 [-6.316150e-02,  1.330341e-01, -3.086092e-03],
 [ 4.142939e-02,  1.004949e-02,  2.940191e-02],
 [ 4.752985e-02,  2.135936e-02,  5.411886e-02],
 [ 5.100017e-03,  1.187243e-03,  1.996417e-02],
 [-2.458292e-02,  6.796375e-03,  5.705294e-02],
 [ 1.032611e-02,  2.682482e-02,  6.946614e-02],
 [ 1.616254e-02, -9.465503e-02,  2.989934e-02],
 [ 1.579523e-05, -4.153633e-03,  2.045283e-03],
 [ 3.420093e-03, -2.138088e-03,  1.171307e-03],
 [ 1.034883e+00, -1.413448e+00,  1.111359e+00]]
spherical_charges_l2: [[ 1.560467e+00, -1.266153e+00,  2.157666e+00,  8.587204e-01, -1.428848e+00],
 [-7.370840e-03,  1.618748e-02, -8.826168e-03, -7.016201e-04,  1.505419e-02],
 [-1.157851e-02,  4.014344e-03, -1.667607e-02, -3.784346e-04,  8.512549e-03],
 [ 7.026038e-02,  6.173468e-02,  2.952024e-02, -8.198970e-02,  3.146493e-02],
 [ 2.097187e-01,  1.740750e-01, -1.437590e-01, -8.846051e-02,  8.465623e-02],
 [ 1.763715e-01,  1.154002e-01, -8.570812e-02, -1.038715e-01,  8.026157e-02],
 [ 2.905717e-02,  2.986398e-03,  1.682686e-02,  1.802481e-02,  3.569528e-02],
 [ 7.635241e-02,  1.163670e-01, -3.718208e-02,  6.976496e-02,  7.232888e-04],
 [ 1.206244e-01,  1.452849e-01, -4.331867e-02,  1.745384e-02,  2.847334e-02],
 [ 1.397224e-02,  1.386069e-03, -6.711565e-03,  8.869660e-02,  2.428105e-02],
 [-1.541904e-03, -1.323326e-02,  5.735562e-03,  9.257429e-03,  9.809162e-03],
 [-1.282805e-02, -9.261589e-03,  3.320938e-03,  4.724124e-03,  1.209065e-02],
 [ 1.414322e+00,  1.673860e+00, -4.030346e-01, -1.732220e+00, -1.906384e+00]]
energy_short: [-0.662874,  0.765369,  0.758496, -0.254689, -0.07918 , -0.124564, -0.368865, -0.312745, -0.310442, -0.402301,  0.779622,  0.772397, -0.399805]
energy_long: [-0.19138 ,  0.022852,  0.019211,  0.070189, -0.040484,  0.002515,  0.023754,  0.050322,  0.091656,  0.050067,  0.023412,  0.021489, -0.065549]