step=332415, graph_id=0, num_atoms=13
scalar_charges: [  5.196079, -19.447697, -19.45259 ,   5.150104,   5.12354 ,   5.134684,   5.195251,   5.187581,   5.18832 ,   5.203757, -19.430206, -19.435646,   5.196699]
spherical_charges_l0: [[-4.930663e+00],
 [ 1.088670e-02],
 [ 1.056568e-02],
 [ 5.621446e-02],
 [-1.255106e-01],
 [-4.944215e-02],
 [-2.285223e-02],
 [-2.246860e-02],
 [-1.434647e-02],
 [ 5.526035e-02],
 [ 4.159737e-03],
 [ 6.393677e-03],
 [-4.832917e+00]]
spherical_charges_l1: [[ 4.647424e-02,  7.837897e+00,  4.890069e+00],
 [ 1.917264e-03, -1.604769e-02, -5.581807e-03],
 [-1.757581e-03, -7.900511e-03, -4.572389e-03],
 [-3.670972e-01,  7.081201e-01,  1.128804e-02],
 [ 1.192423e-01, -4.830863e-03,  6.872058e-02],
 [ 1.165215e-01,  9.319562e-02,  1.767337e-01],
 [ 1.397444e-02,  8.927086e-03,  6.459700e-02],
 [-5.785135e-02,  2.123453e-02,  1.977298e-01],
 [ 9.384138e-03,  9.815142e-02,  2.082303e-01],
 [ 4.800680e-02, -4.840184e-01,  1.536292e-01],
 [-6.803889e-03,  4.659389e-03, -2.515080e-03],
 [-5.008219e-03,  9.126821e-03, -4.642625e-03],
 [ 4.556512e+00, -6.173371e+00,  4.836089e+00]]
spherical_charges_l2: [[ 4.630261e+00, -3.929997e+00,  6.586955e+00,  2.842360e+00, -4.432311e+00],
 [-1.913064e-02,  1.289825e-02, -1.782649e-02,  1.535984e-03,  1.322796e-02],
 [-1.351973e-02,  4.243359e-03, -1.849545e-02,  2.821156e-03,  8.121341e-03],
 [ 3.499979e-01,  1.434645e-01,  2.792806e-01, -3.151387e-01,  3.682058e-02],
 [ 6.323179e-01,  4.801205e-01, -3.252673e-01, -2.800829e-01,  2.770942e-01],
 [ 5.208331e-01,  3.816755e-01, -1.784112e-01, -2.442449e-01,  2.913896e-01],
 [ 1.466831e-01,  8.885737e-02,  1.993938e-02,  5.414147e-02,  1.400622e-01],
 [ 2.569835e-01,  3.902399e-01, -1.217378e-01,  2.250041e-01,  7.797093e-02],
 [ 3.717338e-01,  4.570159e-01, -1.405341e-01,  1.240537e-01,  1.450685e-01],
 [ 1.079984e-01,  8.286250e-02, -5.505500e-02,  2.132988e-01, -1.136651e-01],
 [-1.909605e-02, -2.052682e-02,  8.751919e-03, -2.506490e-04,  1.180400e-02],
 [-2.614058e-04, -2.497144e-02,  1.159192e-02,  8.373913e-03,  8.875289e-03],
 [ 4.285729e+00,  5.043949e+00, -1.136669e+00, -5.472032e+00, -5.774704e+00]]
energy_short: [-0.560997,  0.362361,  0.355833, -0.017259,  0.063494,  0.031319, -0.194718, -0.153385, -0.156954, -0.220494,  0.377361,  0.369681, -0.25791 ]
energy_long: [-0.139322,  0.040889,  0.038365,  0.085212, -0.039108, -0.006924,  0.008236,  0.036462,  0.108982,  0.064879,  0.042743,  0.041142, -0.027852]