step=2575215, graph_id=0, num_atoms=13
scalar_charges: [ 0.756962, -1.742843, -1.745704,  0.677943,  0.650095,  0.656642,  0.693706,  0.684341,  0.68392 ,  0.699878, -1.732246, -1.737214,  0.710361]
spherical_charges_l0: [[-0.514249],
 [ 0.002853],
 [ 0.002395],
 [ 0.010506],
 [-0.007758],
 [ 0.001501],
 [ 0.00091 ],
 [ 0.00422 ],
 [ 0.008085],
 [ 0.008273],
 [ 0.001437],
 [ 0.002133],
 [-0.557498]]
spherical_charges_l1: [[-1.587208e-02,  1.012943e+00,  6.336932e-01],
 [-3.007109e-04,  5.260495e-03,  2.714181e-03],
 [ 1.222949e-03,  2.961278e-03,  2.140907e-03],
 [-3.532949e-02,  7.943169e-02, -3.436180e-04],
 [ 3.157937e-02,  7.328989e-03,  2.631478e-02],
 [ 3.211948e-02,  1.202813e-02,  3.497359e-02],
 [ 3.078208e-03,  1.120253e-03,  1.211840e-02],
 [-1.527644e-02,  3.966609e-03,  3.694049e-02],
 [ 6.998194e-03,  1.748286e-02,  4.566078e-02],
 [ 9.243635e-03, -5.500356e-02,  1.648667e-02],
 [ 1.871618e-03, -3.147007e-03,  1.610275e-03],
 [ 2.265325e-03, -3.138569e-03,  1.618925e-03],
 [ 5.961279e-01, -8.108172e-01,  6.444854e-01]]
spherical_charges_l2: [[ 9.587460e-01, -8.013221e-01,  1.388565e+00,  5.914165e-01, -9.294859e-01],
 [-7.439981e-03,  1.078824e-02, -7.880667e-03, -1.933544e-05,  1.022093e-02],
 [-8.223513e-03,  4.340620e-03, -1.112756e-02, -1.434407e-04,  6.610771e-03],
 [ 4.227121e-02,  4.114838e-02,  2.639479e-02, -4.400357e-02,  2.685291e-02],
 [ 1.268559e-01,  1.042192e-01, -8.479635e-02, -5.409224e-02,  5.234273e-02],
 [ 1.072697e-01,  6.957638e-02, -4.803824e-02, -6.288872e-02,  4.923417e-02],
 [ 1.931645e-02,  2.801715e-04,  1.103611e-02,  1.178612e-02,  2.266542e-02],
 [ 4.572732e-02,  7.161169e-02, -2.464629e-02,  4.400537e-02,  1.552657e-03],
 [ 7.327288e-02,  9.027018e-02, -2.642238e-02,  1.144020e-02,  1.926852e-02],
 [ 1.127103e-02, -3.844708e-03,  4.766872e-03,  5.398069e-02,  1.811234e-02],
 [-2.515720e-03, -1.012106e-02,  4.332555e-03,  6.515669e-03,  7.768578e-03],
 [-8.754178e-03, -8.175340e-03,  3.126170e-03,  3.891340e-03,  8.935390e-03],
 [ 8.955800e-01,  1.037450e+00, -2.380269e-01, -1.150129e+00, -1.246802e+00]]
energy_short: [-0.753977,  0.816253,  0.810409, -0.284577, -0.089508, -0.136335, -0.386721, -0.326279, -0.323053, -0.429712,  0.827364,  0.821653, -0.480959]
energy_long: [-0.162566,  0.030679,  0.026639,  0.073579, -0.019356,  0.012473,  0.03354 ,  0.063528,  0.089529,  0.058358,  0.029888,  0.028627, -0.064018]