step=1489860, graph_id=0, num_atoms=13
scalar_charges: [ 1.136804, -2.704901, -2.708681,  1.067163,  1.036142,  1.043768,  1.085635,  1.076189,  1.075832,  1.091684, -2.688007, -2.695719,  1.093567]
spherical_charges_l0: [[-9.103735e-01],
 [ 6.579959e-03],
 [ 4.645429e-03],
 [ 1.872132e-02],
 [-2.287279e-02],
 [-3.558233e-03],
 [-8.263582e-04],
 [ 3.545760e-03],
 [ 8.252147e-03],
 [ 1.287696e-02],
 [ 3.626982e-03],
 [ 4.784897e-03],
 [-9.636914e-01]]
spherical_charges_l1: [[-2.395672e-02,  1.928556e+00,  1.204135e+00],
 [-5.833501e-04,  6.926969e-03,  4.092626e-03],
 [ 1.966321e-03,  2.950390e-03,  2.759909e-03],
 [-6.721142e-02,  1.468113e-01, -2.659714e-03],
 [ 5.337107e-02,  7.179343e-03,  4.090035e-02],
 [ 5.415466e-02,  2.556979e-02,  6.240557e-02],
 [ 5.247785e-03,  2.327099e-03,  2.153542e-02],
 [-2.578537e-02,  6.002389e-03,  6.490171e-02],
 [ 1.039855e-02,  3.219591e-02,  7.800066e-02],
 [ 1.747163e-02, -1.028446e-01,  3.212729e-02],
 [-1.809586e-04, -3.901063e-03,  1.913505e-03],
 [ 3.143102e-03, -2.587453e-03,  1.381284e-03],
 [ 1.130824e+00, -1.536887e+00,  1.204864e+00]]
spherical_charges_l2: [[ 1.622133e+00, -1.357878e+00,  2.302606e+00,  9.526410e-01, -1.545560e+00],
 [-1.009146e-02,  1.737940e-02, -1.142633e-02, -6.692137e-04,  1.615422e-02],
 [-1.282558e-02,  6.211493e-03, -1.791707e-02, -2.638137e-04,  9.955780e-03],
 [ 5.723839e-02,  5.979364e-02,  3.629316e-02, -7.465051e-02,  4.104122e-02],
 [ 2.026105e-01,  1.694187e-01, -1.401770e-01, -8.727419e-02,  8.497562e-02],
 [ 1.751650e-01,  1.117518e-01, -7.985653e-02, -9.874435e-02,  7.904650e-02],
 [ 2.944528e-02,  1.050378e-02,  1.847977e-02,  1.854325e-02,  3.922668e-02],
 [ 7.828407e-02,  1.142526e-01, -3.759138e-02,  6.831231e-02,  5.200023e-03],
 [ 1.199540e-01,  1.432250e-01, -4.137435e-02,  2.073719e-02,  2.947900e-02],
 [ 9.382570e-03, -8.825914e-03,  5.735905e-03,  8.915181e-02,  2.866504e-02],
 [-1.365977e-03, -1.466628e-02,  6.345318e-03,  1.078433e-02,  1.114225e-02],
 [-1.414914e-02, -1.047824e-02,  3.778311e-03,  5.391354e-03,  1.350975e-02],
 [ 1.469409e+00,  1.728535e+00, -4.093607e-01, -1.872558e+00, -2.045321e+00]]
energy_short: [-0.682664,  0.741157,  0.7335  , -0.252063, -0.067419, -0.111707, -0.35829 , -0.3001  , -0.298003, -0.398558,  0.754069,  0.746688, -0.410286]
energy_long: [-0.174388,  0.021609,  0.019108,  0.063848, -0.035568,  0.011676,  0.016001,  0.058191,  0.074971,  0.046298,  0.022263,  0.020565, -0.077499]