step=584730, graph_id=0, num_atoms=13
scalar_charges: [  3.016068, -10.021792, -10.021688,   2.921144,   2.873499,   2.884761,   2.955403,   2.941849,   2.942786,   2.968809, -10.007973, -10.019209,   2.959284]
spherical_charges_l0: [[-2.829339],
 [ 0.0059  ],
 [ 0.007033],
 [ 0.045613],
 [-0.078165],
 [-0.028275],
 [-0.025484],
 [-0.013065],
 [-0.006565],
 [ 0.030676],
 [ 0.005819],
 [ 0.007274],
 [-2.85463 ]]
spherical_charges_l1: [[-1.019320e-02,  5.253628e+00,  3.258919e+00],
 [ 7.153753e-03,  9.891463e-03,  9.571860e-03],
 [ 2.474851e-03,  6.521682e-03,  4.062253e-03],
 [-1.958718e-01,  4.068144e-01, -2.171541e-03],
 [ 1.233009e-01, -2.383836e-03,  8.438717e-02],
 [ 1.227026e-01,  7.839561e-02,  1.627526e-01],
 [ 1.209912e-02,  7.481602e-03,  5.537609e-02],
 [-5.871970e-02,  1.505726e-02,  1.678689e-01],
 [ 1.752712e-02,  8.323276e-02,  1.907087e-01],
 [ 2.597621e-02, -2.575546e-01,  7.584406e-02],
 [ 3.789489e-03, -6.529417e-03,  3.335934e-03],
 [ 4.145553e-03, -8.343422e-03,  4.239947e-03],
 [ 3.050823e+00, -4.147426e+00,  3.230975e+00]]
spherical_charges_l2: [[ 3.501760e+00, -3.050756e+00,  4.935596e+00,  2.058464e+00, -3.398269e+00],
 [-2.256642e-02,  2.707605e-02, -1.532583e-02,  8.590890e-03,  1.891405e-02],
 [-2.321971e-02,  1.060767e-02, -2.574549e-02,  4.743603e-03,  1.208136e-02],
 [ 2.498933e-01,  1.195953e-01,  1.851346e-01, -2.148268e-01,  7.287604e-02],
 [ 5.030603e-01,  3.822175e-01, -2.661776e-01, -2.032757e-01,  2.170480e-01],
 [ 4.216372e-01,  2.954630e-01, -1.834689e-01, -2.289620e-01,  2.271714e-01],
 [ 1.038473e-01,  8.649575e-02,  1.381948e-02,  3.308057e-02,  1.003233e-01],
 [ 1.998503e-01,  3.066839e-01, -7.173656e-02,  1.693120e-01,  4.186809e-02],
 [ 2.970989e-01,  3.607959e-01, -1.194570e-01,  8.493230e-02,  9.761185e-02],
 [ 8.951977e-02,  7.254346e-02, -2.779486e-02,  1.865458e-01, -2.174526e-02],
 [-8.473396e-03, -2.429514e-02,  1.081670e-02,  7.217107e-03,  1.251444e-02],
 [-1.542877e-02, -2.149252e-02,  9.082903e-03,  4.993195e-03,  1.443556e-02],
 [ 3.165913e+00,  3.774163e+00, -8.973801e-01, -4.057221e+00, -4.387167e+00]]
energy_short: [-0.565492,  0.500698,  0.49529 , -0.143387,  0.002852, -0.031376, -0.267761, -0.219947, -0.223471, -0.327866,  0.518898,  0.510573, -0.286339]
energy_long: [-0.163763,  0.046478,  0.042809,  0.109235, -0.019589,  0.013028,  0.022501,  0.057123,  0.113104,  0.085479,  0.048488,  0.047218, -0.051766]