step=3444300, graph_id=0, num_atoms=13
scalar_charges: [ 0.71276 , -1.683184, -1.686094,  0.647968,  0.625183,  0.630203,  0.660416,  0.65192 ,  0.651507,  0.666109, -1.673518, -1.67864 ,  0.667104]
spherical_charges_l0: [[-0.456161],
 [ 0.002441],
 [ 0.002123],
 [ 0.009907],
 [-0.008071],
 [ 0.001233],
 [ 0.000546],
 [ 0.003152],
 [ 0.00654 ],
 [ 0.008767],
 [ 0.001145],
 [ 0.00182 ],
 [-0.495885]]
spherical_charges_l1: [[-1.720602e-02,  8.808878e-01,  5.519277e-01],
 [-5.539898e-04,  4.918036e-03,  2.334151e-03],
 [ 1.204854e-03,  2.557541e-03,  1.883050e-03],
 [-3.161530e-02,  6.740287e-02, -5.063196e-04],
 [ 2.762862e-02,  5.685863e-03,  2.258474e-02],
 [ 2.723224e-02,  1.125875e-02,  2.959298e-02],
 [ 3.026229e-03,  9.638939e-04,  1.114389e-02],
 [-1.366293e-02,  3.484954e-03,  3.202095e-02],
 [ 6.045913e-03,  1.562829e-02,  3.957700e-02],
 [ 8.073601e-03, -4.821601e-02,  1.508401e-02],
 [ 1.793913e-03, -3.211990e-03,  1.638585e-03],
 [ 2.403347e-03, -2.787757e-03,  1.450776e-03],
 [ 5.183139e-01, -7.044843e-01,  5.640734e-01]]
spherical_charges_l2: [[ 8.554857e-01, -7.095229e-01,  1.227139e+00,  5.197816e-01, -8.215654e-01],
 [-8.081597e-03,  9.994969e-03, -7.632440e-03,  5.556498e-04,  9.375363e-03],
 [-8.417259e-03,  4.748363e-03, -1.042637e-02,  5.080276e-04,  6.235016e-03],
 [ 3.944686e-02,  3.439102e-02,  2.458445e-02, -4.281872e-02,  2.251994e-02],
 [ 1.133959e-01,  9.273505e-02, -7.595045e-02, -4.906227e-02,  4.558238e-02],
 [ 9.606482e-02,  6.236439e-02, -4.409314e-02, -5.355462e-02,  4.505310e-02],
 [ 1.724971e-02,  3.324281e-03,  9.602125e-03,  1.085292e-02,  2.234618e-02],
 [ 4.320173e-02,  6.467672e-02, -2.111912e-02,  3.813123e-02,  2.457343e-03],
 [ 6.655253e-02,  8.011391e-02, -2.436089e-02,  1.209927e-02,  1.639385e-02],
 [ 1.012814e-02,  3.567107e-04,  2.244020e-03,  4.976382e-02,  1.529796e-02],
 [-3.194080e-03, -1.081512e-02,  4.665070e-03,  5.922806e-03,  7.664450e-03],
 [-8.535195e-03, -9.026976e-03,  3.578300e-03,  3.573738e-03,  8.566347e-03],
 [ 7.967838e-01,  9.267455e-01, -2.131138e-01, -1.015691e+00, -1.100176e+00]]
energy_short: [-0.763193,  0.867108,  0.860826, -0.317213, -0.116047, -0.164156, -0.415149, -0.353931, -0.350226, -0.459527,  0.878803,  0.87191 , -0.48979 ]
energy_long: [-0.173038,  0.03218 ,  0.02745 ,  0.073052, -0.019539,  0.018512,  0.034575,  0.063372,  0.089786,  0.058717,  0.030502,  0.029583, -0.067601]