step=3512385, graph_id=0, num_atoms=13
scalar_charges: [ 0.71536 , -1.67093 , -1.673776,  0.651813,  0.629291,  0.63424 ,  0.663657,  0.655453,  0.655064,  0.669419, -1.661087, -1.666267,  0.670839]
spherical_charges_l0: [[-0.452097],
 [ 0.002217],
 [ 0.001995],
 [ 0.009674],
 [-0.008664],
 [ 0.000928],
 [ 0.000649],
 [ 0.003079],
 [ 0.006388],
 [ 0.008586],
 [ 0.001131],
 [ 0.001742],
 [-0.493543]]
spherical_charges_l1: [[-1.867120e-02,  8.724290e-01,  5.468233e-01],
 [-2.140166e-04,  4.746001e-03,  2.453437e-03],
 [ 1.055416e-03,  2.609265e-03,  1.878174e-03],
 [-3.145957e-02,  6.657761e-02, -7.090118e-04],
 [ 2.731769e-02,  6.360727e-03,  2.277454e-02],
 [ 2.796002e-02,  1.068389e-02,  3.001085e-02],
 [ 2.985151e-03,  9.044798e-04,  1.099493e-02],
 [-1.398915e-02,  3.746178e-03,  3.243430e-02],
 [ 6.292669e-03,  1.556064e-02,  4.012032e-02],
 [ 7.841654e-03, -4.778013e-02,  1.479803e-02],
 [ 1.794673e-03, -3.126613e-03,  1.596972e-03],
 [ 2.306624e-03, -2.791161e-03,  1.449495e-03],
 [ 5.141492e-01, -6.986760e-01,  5.605896e-01]]
spherical_charges_l2: [[ 8.481142e-01, -6.992932e-01,  1.215969e+00,  5.175689e-01, -8.100044e-01],
 [-7.608099e-03,  9.853174e-03, -7.203100e-03,  5.655418e-04,  9.022607e-03],
 [-8.331792e-03,  4.337588e-03, -1.024192e-02,  3.812246e-04,  5.919168e-03],
 [ 3.776608e-02,  3.426195e-02,  2.429745e-02, -4.228504e-02,  2.219155e-02],
 [ 1.140622e-01,  9.327302e-02, -7.639438e-02, -4.926920e-02,  4.555519e-02],
 [ 9.654859e-02,  6.210144e-02, -4.390009e-02, -5.349433e-02,  4.524055e-02],
 [ 1.724090e-02,  2.933938e-03,  9.676244e-03,  1.080064e-02,  2.213070e-02],
 [ 4.339116e-02,  6.443644e-02, -2.129693e-02,  3.820581e-02,  2.617546e-03],
 [ 6.690873e-02,  8.018264e-02, -2.426229e-02,  1.245154e-02,  1.674822e-02],
 [ 9.613814e-03,  1.263707e-04,  2.362629e-03,  4.915487e-02,  1.489005e-02],
 [-2.526179e-03, -1.035034e-02,  4.494458e-03,  5.747898e-03,  7.099987e-03],
 [-8.512090e-03, -8.373575e-03,  3.287827e-03,  3.187234e-03,  8.174303e-03],
 [ 7.914845e-01,  9.193585e-01, -2.096464e-01, -1.007597e+00, -1.087978e+00]]
energy_short: [-0.772523,  0.860838,  0.854495, -0.320198, -0.11842 , -0.165879, -0.416733, -0.355952, -0.352419, -0.463092,  0.87222 ,  0.865392, -0.498526]
energy_long: [-0.173899,  0.031155,  0.026108,  0.073977, -0.020515,  0.01814 ,  0.032874,  0.06478 ,  0.090011,  0.059293,  0.029316,  0.028345, -0.069372]