step=2583225, graph_id=0, num_atoms=13
scalar_charges: [ 0.775575, -1.73763 , -1.740221,  0.693986,  0.665816,  0.672397,  0.71115 ,  0.701294,  0.700931,  0.716651, -1.727691, -1.732436,  0.726964]
spherical_charges_l0: [[-4.914176e-01],
 [ 2.371527e-03],
 [ 2.029504e-03],
 [ 1.021904e-02],
 [-9.829028e-03],
 [ 9.105153e-05],
 [ 1.954178e-04],
 [ 3.389324e-03],
 [ 6.944428e-03],
 [ 7.717746e-03],
 [ 1.197818e-03],
 [ 1.859664e-03],
 [-5.309812e-01]]
spherical_charges_l1: [[-1.645222e-02,  9.942123e-01,  6.248392e-01],
 [-3.814077e-04,  4.425303e-03,  2.283480e-03],
 [ 1.132509e-03,  2.168098e-03,  1.781548e-03],
 [-3.708938e-02,  8.058545e-02, -5.781546e-04],
 [ 2.962166e-02,  6.957918e-03,  2.332262e-02],
 [ 3.026336e-02,  1.188852e-02,  3.367127e-02],
 [ 3.219949e-03,  1.295698e-03,  1.256828e-02],
 [-1.455054e-02,  3.884484e-03,  3.598288e-02],
 [ 6.322599e-03,  1.692971e-02,  4.402851e-02],
 [ 9.858894e-03, -5.766110e-02,  1.783682e-02],
 [ 1.863413e-03, -2.813427e-03,  1.447203e-03],
 [ 1.872917e-03, -2.790595e-03,  1.435681e-03],
 [ 5.835106e-01, -7.963667e-01,  6.299795e-01]]
spherical_charges_l2: [[ 9.473124e-01, -7.860030e-01,  1.364966e+00,  5.813434e-01, -9.112415e-01],
 [-7.455159e-03,  1.031234e-02, -7.028323e-03,  6.966332e-04,  9.458565e-03],
 [-7.866503e-03,  3.687203e-03, -1.033701e-02,  1.638311e-04,  5.818341e-03],
 [ 4.148278e-02,  4.182995e-02,  2.629049e-02, -4.630579e-02,  2.732123e-02],
 [ 1.263048e-01,  1.041829e-01, -8.429205e-02, -5.415848e-02,  5.068810e-02],
 [ 1.067447e-01,  6.891116e-02, -4.918398e-02, -6.182587e-02,  4.992219e-02],
 [ 2.051651e-02,  3.750873e-03,  9.861802e-03,  1.183326e-02,  2.378575e-02],
 [ 4.696125e-02,  7.212394e-02, -2.312380e-02,  4.368167e-02,  1.827210e-03],
 [ 7.396863e-02,  8.958311e-02, -2.724609e-02,  1.177541e-02,  1.885337e-02],
 [ 1.047094e-02, -3.199703e-03,  3.743477e-03,  5.669701e-02,  1.830648e-02],
 [-1.590332e-03, -9.766391e-03,  4.251899e-03,  6.080063e-03,  6.829960e-03],
 [-8.757175e-03, -7.534348e-03,  2.873064e-03,  3.022292e-03,  8.129999e-03],
 [ 8.794403e-01,  1.018561e+00, -2.319272e-01, -1.127018e+00, -1.218232e+00]]
energy_short: [-0.757104,  0.803822,  0.798519, -0.291266, -0.101024, -0.146398, -0.397307, -0.336597, -0.334009, -0.435451,  0.815897,  0.810046, -0.483134]
energy_long: [-0.165604,  0.028328,  0.024079,  0.07177 , -0.017592,  0.011467,  0.030752,  0.060111,  0.089477,  0.057535,  0.02771 ,  0.026131, -0.065693]