step=2779470, graph_id=0, num_atoms=13
scalar_charges: [ 0.761384, -1.747927, -1.750185,  0.693891,  0.664899,  0.671212,  0.708665,  0.698899,  0.6985  ,  0.716458, -1.738131, -1.742856,  0.71274 ]
spherical_charges_l0: [[-4.992986e-01],
 [ 2.736719e-03],
 [ 2.262433e-03],
 [ 1.082661e-02],
 [-9.197280e-03],
 [ 4.828396e-04],
 [ 7.985362e-04],
 [ 3.463192e-03],
 [ 6.863526e-03],
 [ 8.802786e-03],
 [ 1.456511e-03],
 [ 2.100370e-03],
 [-5.429340e-01]]
spherical_charges_l1: [[-1.597119e-02,  9.760497e-01,  6.098752e-01],
 [-5.871119e-04,  5.263044e-03,  2.458944e-03],
 [ 1.512487e-03,  2.759297e-03,  2.120834e-03],
 [-3.492544e-02,  7.649907e-02, -1.093121e-03],
 [ 3.028240e-02,  6.235311e-03,  2.502752e-02],
 [ 3.000061e-02,  1.252778e-02,  3.318161e-02],
 [ 3.273624e-03,  1.216504e-03,  1.197212e-02],
 [-1.444488e-02,  3.726378e-03,  3.567210e-02],
 [ 6.310693e-03,  1.724861e-02,  4.351997e-02],
 [ 8.824893e-03, -5.391335e-02,  1.605154e-02],
 [ 1.431708e-03, -3.347479e-03,  1.692223e-03],
 [ 2.629526e-03, -2.721074e-03,  1.425162e-03],
 [ 5.749030e-01, -7.811127e-01,  6.217560e-01]]
spherical_charges_l2: [[ 9.293987e-01, -7.736595e-01,  1.327354e+00,  5.545354e-01, -8.896489e-01],
 [-6.649510e-03,  1.019118e-02, -6.769441e-03,  4.041677e-04,  9.486185e-03],
 [-7.727007e-03,  4.109366e-03, -1.034219e-02,  3.695925e-06,  6.171069e-03],
 [ 4.039887e-02,  3.706678e-02,  2.507339e-02, -4.675872e-02,  2.593402e-02],
 [ 1.242721e-01,  1.012478e-01, -7.958437e-02, -5.244515e-02,  5.067817e-02],
 [ 1.045973e-01,  6.717020e-02, -4.613712e-02, -5.802508e-02,  4.927121e-02],
 [ 1.853327e-02,  3.945234e-03,  9.977751e-03,  1.125244e-02,  2.314336e-02],
 [ 4.687817e-02,  6.971217e-02, -2.288865e-02,  4.165857e-02,  3.664786e-03],
 [ 7.212012e-02,  8.678430e-02, -2.610156e-02,  1.395027e-02,  1.927002e-02],
 [ 8.843143e-03, -1.762312e-03,  3.243760e-03,  5.470148e-02,  1.768424e-02],
 [-2.223114e-03, -1.022446e-02,  4.430183e-03,  6.112420e-03,  7.246692e-03],
 [-8.633211e-03, -7.902373e-03,  3.035348e-03,  3.412739e-03,  8.425721e-03],
 [ 8.615886e-01,  1.007563e+00, -2.344701e-01, -1.095500e+00, -1.190640e+00]]
energy_short: [-0.726191,  0.849227,  0.842876, -0.321106, -0.119961, -0.166406, -0.415659, -0.355967, -0.353108, -0.465634,  0.860907,  0.854294, -0.452655]
energy_long: [-0.174001,  0.029786,  0.024547,  0.070561, -0.025899,  0.011251,  0.029456,  0.059025,  0.086149,  0.055901,  0.028154,  0.02691 , -0.071636]