step=1606005, graph_id=0, num_atoms=13
scalar_charges: [ 1.078083, -2.548899, -2.551439,  0.992791,  0.961454,  0.969837,  1.014663,  1.004325,  1.003857,  1.019333, -2.534991, -2.54101 ,  1.031057]
spherical_charges_l0: [[-0.838514],
 [ 0.005544],
 [ 0.003782],
 [ 0.017224],
 [-0.020604],
 [-0.00224 ],
 [ 0.001042],
 [ 0.004536],
 [ 0.008819],
 [ 0.013264],
 [ 0.003008],
 [ 0.004037],
 [-0.901792]]
spherical_charges_l1: [[-8.605252e-03,  1.727454e+00,  1.069587e+00],
 [-1.689201e-03,  7.911407e-03,  3.429063e-03],
 [ 3.227631e-03,  2.681191e-03,  2.749292e-03],
 [-6.253112e-02,  1.317870e-01, -1.803086e-03],
 [ 4.520971e-02,  1.158386e-02,  3.575822e-02],
 [ 5.187989e-02,  1.813153e-02,  5.741580e-02],
 [ 4.097134e-03,  8.015731e-04,  1.690984e-02],
 [-2.553543e-02,  8.162249e-03,  6.006081e-02],
 [ 1.132438e-02,  2.684187e-02,  7.276900e-02],
 [ 1.400332e-02, -9.115170e-02,  2.893019e-02],
 [-5.241176e-04, -4.791310e-03,  2.335269e-03],
 [ 4.357906e-03, -2.214840e-03,  1.235933e-03],
 [ 1.034216e+00, -1.407029e+00,  1.085135e+00]]
spherical_charges_l2: [[ 1.549101e+00, -1.293385e+00,  2.186785e+00,  8.879381e-01, -1.462203e+00],
 [-9.813216e-03,  1.693430e-02, -1.059796e-02, -2.479644e-04,  1.593745e-02],
 [-1.302489e-02,  7.011213e-03, -1.785499e-02,  3.289965e-04,  1.050888e-02],
 [ 5.096114e-02,  6.160662e-02,  3.592118e-02, -6.129773e-02,  3.955612e-02],
 [ 1.780534e-01,  1.510001e-01, -1.341394e-01, -7.681174e-02,  6.970400e-02],
 [ 1.520989e-01,  9.629101e-02, -7.723376e-02, -9.607488e-02,  6.818765e-02],
 [ 2.686838e-02, -2.798900e-03,  1.645190e-02,  1.614870e-02,  2.820008e-02],
 [ 6.475992e-02,  1.028161e-01, -3.217921e-02,  6.454475e-02, -4.383731e-03],
 [ 1.072416e-01,  1.292873e-01, -3.940647e-02,  8.975402e-03,  2.151443e-02],
 [ 1.038697e-02, -1.403811e-02,  1.165108e-02,  7.825550e-02,  2.829064e-02],
 [-3.962691e-03, -1.625226e-02,  7.002276e-03,  9.951094e-03,  1.197205e-02],
 [-1.364081e-02, -1.288715e-02,  4.951762e-03,  5.923846e-03,  1.381278e-02],
 [ 1.421694e+00,  1.679813e+00, -4.030081e-01, -1.790001e+00, -1.967358e+00]]
energy_short: [-0.727517,  0.762648,  0.755867, -0.243435, -0.067004, -0.113433, -0.361972, -0.303221, -0.30043 , -0.389409,  0.774811,  0.768567, -0.455916]
energy_long: [-0.185475,  0.022089,  0.01926 ,  0.067411, -0.026676,  0.008655,  0.026625,  0.056839,  0.084129,  0.051602,  0.02287 ,  0.021114, -0.071863]