step=2094615, graph_id=0, num_atoms=13
scalar_charges: [ 0.727997, -2.218092, -2.22059 ,  0.726185,  0.713238,  0.716118,  0.725811,  0.722964,  0.722699,  0.720559, -2.215822, -2.217921,  0.735033]
spherical_charges_l0: [[-1.167379],
 [ 0.014133],
 [ 0.007735],
 [-0.018469],
 [ 0.099396],
 [ 0.023875],
 [-0.151728],
 [-0.061487],
 [-0.017227],
 [-0.03792 ],
 [ 0.009964],
 [ 0.009593],
 [-1.112118]]
spherical_charges_l1: [[-1.975978e-02, -1.371270e+00, -7.995918e-01],
 [ 5.383867e-03, -6.721297e-03, -1.658685e-03],
 [-7.146179e-03, -5.557063e-03, -7.014930e-03],
 [ 9.507085e-02, -3.830489e-01, -7.478650e-02],
 [-1.617570e-02,  7.934790e-03, -1.233011e-02],
 [-1.704993e-02, -1.757999e-02, -3.088632e-02],
 [-2.668532e-03,  3.722895e-03, -5.514217e-03],
 [ 9.247996e-03, -1.179135e-03, -3.281992e-02],
 [-2.096260e-03, -1.512614e-02, -3.618596e-02],
 [-1.382375e-01,  3.158827e-01, -1.256737e-01],
 [-4.413731e-03,  1.098608e-02, -5.548942e-03],
 [-7.479779e-03,  6.450332e-03, -3.426270e-03],
 [-7.690679e-01,  1.084346e+00, -7.641348e-01]]
spherical_charges_l2: [[ 1.432038, -1.07567 ,  1.841903,  0.588188, -1.23222 ],
 [-0.041048,  0.023599, -0.028409,  0.014304,  0.017792],
 [-0.043929,  0.023634, -0.029321,  0.015099,  0.018609],
 [-0.057387,  0.042383,  0.035792,  0.017084,  0.015666],
 [ 0.194505,  0.122354, -0.032005, -0.10951 ,  0.106447],
 [ 0.180788,  0.171984, -0.040065, -0.079998,  0.090193],
 [ 0.142145,  0.060699,  0.002539,  0.045584,  0.097352],
 [ 0.097095,  0.186744, -0.072636,  0.087122,  0.050227],
 [ 0.122448,  0.193285, -0.046819,  0.080977,  0.067391],
 [-0.004068, -0.045691,  0.039662,  0.013975, -0.019742],
 [-0.024295, -0.057825,  0.025951,  0.009034,  0.024926],
 [-0.027956, -0.04901 ,  0.021683,  0.005254,  0.023211],
 [ 1.20068 ,  1.481562, -0.412393, -1.367994, -1.598412]]
energy_short: [-0.996357,  0.690839,  0.678178, -0.447627, -0.29267 , -0.322841, -0.507272, -0.5028  , -0.516242, -0.648198,  0.701962,  0.691955, -0.703305]
energy_long: [0.094914, 0.040812, 0.041383, 0.313356, 0.182081, 0.210438, 0.222362, 0.26164 , 0.33924 , 0.310612, 0.044369, 0.043004, 0.207035]