step=2763450, graph_id=0, num_atoms=13
scalar_charges: [ 0.588103, -1.906472, -1.90922 ,  0.596413,  0.591136,  0.59284 ,  0.595423,  0.594179,  0.593827,  0.589322, -1.905174, -1.906851,  0.598394]
spherical_charges_l0: [[-0.947111],
 [ 0.013477],
 [ 0.00727 ],
 [-0.0215  ],
 [ 0.08478 ],
 [ 0.020874],
 [-0.130882],
 [-0.050469],
 [-0.012874],
 [-0.031227],
 [ 0.009468],
 [ 0.008992],
 [-0.904032]]
spherical_charges_l1: [[-5.121673e-03, -1.088001e+00, -6.320922e-01],
 [ 3.738737e-03, -5.004332e-03, -1.643574e-03],
 [-5.126244e-03, -4.382852e-03, -5.442828e-03],
 [ 7.832124e-02, -3.295702e-01, -6.360845e-02],
 [-1.320701e-02,  6.747421e-03, -8.602295e-03],
 [-1.169693e-02, -1.538932e-02, -2.390289e-02],
 [-3.219658e-03,  3.513743e-03, -6.607362e-03],
 [ 6.081569e-03, -1.936397e-04, -2.463610e-02],
 [-7.306721e-04, -1.112478e-02, -2.680072e-02],
 [-1.175556e-01,  2.679196e-01, -1.046545e-01],
 [-4.783725e-03,  7.581922e-03, -3.890766e-03],
 [-4.374742e-03,  5.673157e-03, -2.939568e-03],
 [-6.099092e-01,  8.582160e-01, -6.140157e-01]]
spherical_charges_l2: [[ 1.110498, -0.843461,  1.449949,  0.48768 , -0.973961],
 [-0.036793,  0.02447 , -0.024987,  0.013536,  0.017439],
 [-0.041107,  0.019125, -0.028016,  0.013209,  0.016067],
 [-0.04719 ,  0.033075,  0.033599,  0.014361,  0.011376],
 [ 0.155717,  0.102559, -0.026533, -0.084536,  0.086124],
 [ 0.145903,  0.136692, -0.029017, -0.065787,  0.073338],
 [ 0.114141,  0.051483,  0.002595,  0.037596,  0.080514],
 [ 0.077971,  0.149014, -0.058284,  0.070528,  0.042492],
 [ 0.09818 ,  0.155   , -0.037262,  0.065561,  0.056302],
 [-0.002835, -0.034689,  0.032753,  0.009291, -0.019994],
 [-0.018195, -0.052694,  0.02387 ,  0.008894,  0.021033],
 [-0.028365, -0.042353,  0.018558,  0.003022,  0.021127],
 [ 0.942051,  1.153783, -0.312719, -1.094955, -1.260252]]
energy_short: [-1.076305,  0.794481,  0.78178 , -0.558586, -0.342291, -0.374222, -0.565173, -0.554869, -0.565928, -0.743334,  0.804521,  0.7945  , -0.793038]
energy_long: [0.142762, 0.06682 , 0.066567, 0.337505, 0.211326, 0.234592, 0.253983, 0.292998, 0.361554, 0.335152, 0.069683, 0.068284, 0.243028]