step=352440, graph_id=0, num_atoms=13
scalar_charges: [  3.90735 , -13.860092, -13.83182 ,   3.911928,   3.92665 ,   3.927012,   3.937676,   3.940934,   3.942232,   3.932292, -13.891179, -13.868163,   3.923822]
spherical_charges_l0: [[-3.230936],
 [ 0.037578],
 [ 0.028726],
 [-0.284637],
 [ 0.045635],
 [-0.071099],
 [-0.415376],
 [-0.262904],
 [-0.198298],
 [-0.339866],
 [ 0.03407 ],
 [ 0.032619],
 [-3.164186]]
spherical_charges_l1: [[-7.128186e-02, -5.037742e+00, -2.841158e+00],
 [ 8.690350e-03,  2.438471e-02,  7.290090e-03],
 [ 5.779298e-03,  1.917540e-02,  3.294437e-03],
 [ 4.135385e-01, -2.608376e+00, -8.296360e-01],
 [ 1.993338e-03,  1.974059e-02,  3.753034e-02],
 [-7.854092e-03, -3.698413e-02, -3.701117e-02],
 [-3.829055e-03,  2.863366e-03, -3.175382e-02],
 [ 1.739240e-02,  1.002108e-02, -5.900149e-02],
 [ 2.254720e-03, -4.156609e-02, -7.236255e-02],
 [-1.062026e+00,  2.018955e+00, -1.030703e+00],
 [-3.001551e-03, -2.387067e-02,  1.147651e-02],
 [ 2.420820e-02, -4.097771e-03,  2.712135e-03],
 [-2.867470e+00,  4.117131e+00, -2.710580e+00]]
spherical_charges_l2: [[ 4.710160e+00, -3.523194e+00,  5.886454e+00,  1.627757e+00, -3.915395e+00],
 [-9.753249e-02,  9.224396e-02, -6.491879e-02,  4.018855e-02,  6.273022e-02],
 [-1.490366e-01,  3.323009e-02, -9.639996e-02,  5.041244e-02,  3.488522e-02],
 [-2.032658e-02,  1.386226e-01,  4.124720e-01,  3.394929e-02, -7.282830e-02],
 [ 5.956553e-01,  4.173114e-01, -6.215071e-02, -3.207349e-01,  3.620167e-01],
 [ 6.416426e-01,  5.483961e-01, -7.522311e-02, -2.936884e-01,  3.009455e-01],
 [ 5.463248e-01,  3.285169e-01, -3.974129e-03,  1.723071e-01,  4.151425e-01],
 [ 3.434897e-01,  6.234494e-01, -2.921818e-01,  3.644160e-01,  2.123560e-01],
 [ 4.247218e-01,  6.676039e-01, -1.223639e-01,  2.781596e-01,  2.971413e-01],
 [ 1.798963e-01,  3.388280e-02,  3.651423e-02, -2.796029e-02, -3.465279e-01],
 [-5.155264e-02, -1.838916e-01,  8.432350e-02,  2.783577e-02,  6.367079e-02],
 [-1.095304e-01, -1.339755e-01,  5.828658e-02, -3.757891e-03,  6.635560e-02],
 [ 3.869145e+00,  4.956077e+00, -1.475800e+00, -4.086298e+00, -4.930084e+00]]
energy_short: [-0.769429,  0.380896,  0.369006, -0.368882, -0.307092, -0.3331  , -0.515131, -0.508809, -0.525484, -0.587254,  0.391381,  0.382607, -0.441959]
energy_long: [0.239058, 0.039188, 0.039417, 0.385181, 0.259194, 0.266016, 0.312094, 0.326267, 0.42878 , 0.387935, 0.041722, 0.040932, 0.340289]