step=2122650, graph_id=0, num_atoms=13
scalar_charges: [ 0.720818, -2.220063, -2.223604,  0.724547,  0.71279 ,  0.715293,  0.722764,  0.720116,  0.719771,  0.716686, -2.216588, -2.219606,  0.730685]
spherical_charges_l0: [[-1.125912],
 [ 0.015965],
 [ 0.009618],
 [-0.025425],
 [ 0.095493],
 [ 0.021681],
 [-0.151137],
 [-0.061759],
 [-0.017479],
 [-0.040818],
 [ 0.01138 ],
 [ 0.01105 ],
 [-1.067746]]
spherical_charges_l1: [[-1.359327e-02, -1.334398e+00, -7.758568e-01],
 [ 5.931571e-03, -8.552941e-03, -2.320887e-03],
 [-8.360785e-03, -6.122937e-03, -7.972702e-03],
 [ 9.412166e-02, -3.818486e-01, -7.162343e-02],
 [-1.305920e-02,  7.694735e-03, -9.414067e-03],
 [-1.445976e-02, -1.663675e-02, -2.834893e-02],
 [-3.172164e-03,  3.549421e-03, -6.502571e-03],
 [ 7.315557e-03, -7.744759e-04, -2.919286e-02],
 [-1.070785e-03, -1.294072e-02, -3.203215e-02],
 [-1.352443e-01,  3.125440e-01, -1.214034e-01],
 [-4.750385e-03,  1.268344e-02, -6.393563e-03],
 [-9.098352e-03,  7.391091e-03, -3.943290e-03],
 [-7.451978e-01,  1.052739e+00, -7.429329e-01]]
spherical_charges_l2: [[ 1.378583, -1.046156,  1.790805,  0.583187, -1.204233],
 [-0.041701,  0.024532, -0.029207,  0.014515,  0.018372],
 [-0.044894,  0.024111, -0.02987 ,  0.0153  ,  0.019034],
 [-0.055961,  0.041736,  0.036924,  0.011639,  0.017713],
 [ 0.18546 ,  0.118145, -0.02739 , -0.10447 ,  0.103952],
 [ 0.174454,  0.16643 , -0.034306, -0.076197,  0.087681],
 [ 0.141165,  0.06302 ,  0.001965,  0.045721,  0.097631],
 [ 0.09353 ,  0.180567, -0.072078,  0.084859,  0.051721],
 [ 0.116827,  0.186682, -0.043591,  0.079182,  0.068146],
 [-0.00613 , -0.04295 ,  0.038668,  0.015391, -0.021059],
 [-0.023894, -0.058589,  0.026348,  0.009055,  0.024752],
 [-0.028857, -0.049309,  0.021794,  0.004899,  0.023426],
 [ 1.158024,  1.429784, -0.396926, -1.335323, -1.557765]]
energy_short: [-0.987497,  0.696404,  0.683928, -0.457927, -0.305664, -0.335006, -0.516601, -0.511916, -0.525045, -0.655543,  0.70788 ,  0.697857, -0.693351]
energy_long: [0.113086, 0.039743, 0.040394, 0.313456, 0.186873, 0.217627, 0.231381, 0.271385, 0.335935, 0.312581, 0.043278, 0.042215, 0.220977]