step=408510, graph_id=0, num_atoms=13
scalar_charges: [  3.469699, -12.022371, -11.999156,   3.566306,   3.581131,   3.57991 ,   3.581427,   3.583936,   3.58393 ,   3.57186 , -12.06089 , -12.03837 ,   3.570829]
spherical_charges_l0: [[-2.974676],
 [ 0.043396],
 [ 0.030541],
 [-0.210459],
 [ 0.12657 ],
 [ 0.00582 ],
 [-0.347088],
 [-0.19072 ],
 [-0.126721],
 [-0.255816],
 [ 0.034807],
 [ 0.035152],
 [-2.898031]]
spherical_charges_l1: [[-4.236106e-02, -4.099057e+00, -2.342427e+00],
 [ 3.869797e-03,  2.191828e-02,  4.223686e-03],
 [ 9.483678e-03,  1.305837e-02,  2.467031e-03],
 [ 3.234857e-01, -2.176950e+00, -6.550314e-01],
 [ 1.955420e-03,  2.180554e-02,  2.014363e-02],
 [-2.432282e-02, -3.873780e-02, -5.203519e-02],
 [ 3.162094e-04,  6.021740e-03, -1.930607e-02],
 [ 2.061998e-02,  1.081397e-02, -6.859359e-02],
 [-6.544804e-04, -4.423275e-02, -7.739461e-02],
 [-8.692722e-01,  1.652719e+00, -8.024511e-01],
 [-1.521466e-02, -2.700151e-02,  1.259363e-02],
 [ 3.015172e-02,  2.669515e-03, -4.057796e-04],
 [-2.395673e+00,  3.445304e+00, -2.293937e+00]]
spherical_charges_l2: [[ 3.702613, -2.730481,  4.84251 ,  1.592253, -3.225489],
 [-0.116744,  0.10773 , -0.072569,  0.050694,  0.072611],
 [-0.16695 ,  0.047863, -0.106317,  0.062903,  0.042686],
 [-0.019137,  0.088693,  0.391696,  0.068859, -0.056238],
 [ 0.622295,  0.417072, -0.054214, -0.328097,  0.36674 ],
 [ 0.620059,  0.533488, -0.05598 , -0.260304,  0.307625],
 [ 0.498559,  0.28763 , -0.008061,  0.14896 ,  0.365854],
 [ 0.327121,  0.582789, -0.270034,  0.333669,  0.217328],
 [ 0.405732,  0.637291, -0.130483,  0.300898,  0.292429],
 [ 0.153769,  0.025485,  0.060139, -0.050485, -0.289603],
 [-0.053967, -0.214398,  0.098641,  0.034077,  0.072152],
 [-0.129161, -0.155325,  0.067526, -0.005887,  0.076845],
 [ 3.138545,  3.970172, -1.127383, -3.602039, -4.159393]]
energy_short: [-0.922605,  0.376406,  0.366258, -0.344406, -0.2872  , -0.312816, -0.490576, -0.489969, -0.509026, -0.573839,  0.388194,  0.37948 , -0.587241]
energy_long: [0.244552, 0.044116, 0.044674, 0.407157, 0.276751, 0.299011, 0.297584, 0.358202, 0.438932, 0.406633, 0.048798, 0.047412, 0.317563]