step=1465830, graph_id=0, num_atoms=13
scalar_charges: [ 0.913676, -2.888041, -2.89233 ,  0.970353,  0.965429,  0.96599 ,  0.960106,  0.957705,  0.956164,  0.947719, -2.884417, -2.887722,  0.957045]
spherical_charges_l0: [[-1.610244],
 [ 0.020681],
 [ 0.010656],
 [-0.025586],
 [ 0.122582],
 [ 0.024517],
 [-0.182101],
 [-0.081231],
 [-0.024599],
 [-0.055778],
 [ 0.012867],
 [ 0.012973],
 [-1.517867]]
spherical_charges_l1: [[-5.393765e-03, -1.964765e+00, -1.141673e+00],
 [ 1.538381e-02, -1.138544e-02,  4.801626e-04],
 [-1.551635e-02, -5.245276e-03, -1.169462e-02],
 [ 1.388559e-01, -5.847149e-01, -1.136149e-01],
 [-2.227766e-02,  1.055446e-02, -1.619933e-02],
 [-2.541749e-02, -2.825134e-02, -4.799030e-02],
 [-4.216511e-03,  4.355460e-03, -1.145626e-02],
 [ 1.281553e-02, -2.829796e-04, -4.906061e-02],
 [-2.676208e-03, -2.335716e-02, -5.431894e-02],
 [-2.103399e-01,  4.804075e-01, -1.874366e-01],
 [-2.051133e-03,  1.873256e-02, -9.278119e-03],
 [-1.574649e-02,  6.645977e-03, -3.809934e-03],
 [-1.105319e+00,  1.562425e+00, -1.113883e+00]]
spherical_charges_l2: [[ 2.014955, -1.541972,  2.638985,  0.871509, -1.768484],
 [-0.059114,  0.035671, -0.039499,  0.021378,  0.026204],
 [-0.067063,  0.031234, -0.043415,  0.024429,  0.024704],
 [-0.071694,  0.063233,  0.05325 ,  0.010531,  0.020087],
 [ 0.26247 ,  0.166713, -0.034368, -0.149867,  0.157228],
 [ 0.253795,  0.23824 , -0.042095, -0.111362,  0.116408],
 [ 0.195352,  0.083497,  0.003958,  0.064104,  0.138089],
 [ 0.133452,  0.254199, -0.112116,  0.120031,  0.072408],
 [ 0.165507,  0.269444, -0.055618,  0.115911,  0.09994 ],
 [-0.004904, -0.056656,  0.045893,  0.026193, -0.034739],
 [-0.033584, -0.088678,  0.04014 ,  0.012522,  0.034921],
 [-0.044744, -0.072376,  0.031985,  0.004855,  0.03368 ],
 [ 1.701884,  2.110226, -0.581152, -1.974094, -2.284031]]
energy_short: [-0.976444,  0.594457,  0.583149, -0.440419, -0.35227 , -0.37576 , -0.552567, -0.552115, -0.569634, -0.661652,  0.606405,  0.596356, -0.663756]
energy_long: [0.152256, 0.056656, 0.056363, 0.357061, 0.221937, 0.238196, 0.28103 , 0.306705, 0.378489, 0.356134, 0.060406, 0.058556, 0.262137]