step=1405755, graph_id=0, num_atoms=13
scalar_charges: [ 1.030467, -3.00306 , -3.007119,  1.073287,  1.067798,  1.068736,  1.067554,  1.065258,  1.064227,  1.057898, -3.000662, -3.003307,  1.06639 ]
spherical_charges_l0: [[-1.539002],
 [ 0.020041],
 [ 0.010508],
 [-0.027773],
 [ 0.123286],
 [ 0.011933],
 [-0.212987],
 [-0.102433],
 [-0.042022],
 [-0.05873 ],
 [ 0.013165],
 [ 0.013144],
 [-1.455824]]
spherical_charges_l1: [[-1.928609e-02, -1.957284e+00, -1.133832e+00],
 [ 2.219300e-02, -1.180287e-02,  2.997428e-03],
 [-2.151066e-02, -1.078711e-03, -1.340110e-02],
 [ 1.406388e-01, -6.197883e-01, -1.306850e-01],
 [-2.181483e-02,  1.462930e-02, -1.438950e-02],
 [-2.488840e-02, -3.093502e-02, -4.858034e-02],
 [-2.848270e-03,  5.432252e-03, -6.757635e-03],
 [ 1.293208e-02, -5.244801e-05, -5.013390e-02],
 [-2.063171e-03, -2.461211e-02, -5.402639e-02],
 [-2.213839e-01,  4.933989e-01, -1.992366e-01],
 [ 3.373505e-03,  2.001294e-02, -9.730228e-03],
 [-1.925626e-02,  2.822410e-03, -2.060143e-03],
 [-1.112522e+00,  1.566356e+00, -1.103885e+00]]
spherical_charges_l2: [[ 1.916061e+00, -1.459691e+00,  2.584742e+00,  9.037083e-01, -1.742113e+00],
 [-5.763146e-02,  3.689643e-02, -3.740900e-02,  2.128459e-02,  2.727514e-02],
 [-7.123471e-02,  2.980010e-02, -4.656618e-02,  2.616406e-02,  2.422831e-02],
 [-7.391353e-02,  7.399540e-02,  7.113045e-02,  2.454866e-02,  2.714385e-02],
 [ 2.726960e-01,  1.731511e-01, -3.261822e-02, -1.506677e-01,  1.596080e-01],
 [ 2.698225e-01,  2.475369e-01, -4.248411e-02, -1.157298e-01,  1.264958e-01],
 [ 2.193978e-01,  1.099418e-01,  3.185482e-03,  7.184962e-02,  1.612055e-01],
 [ 1.450141e-01,  2.720784e-01, -1.175193e-01,  1.307165e-01,  8.358882e-02],
 [ 1.760535e-01,  2.823711e-01, -5.857017e-02,  1.237518e-01,  1.098865e-01],
 [ 4.748788e-03, -6.364556e-02,  5.909680e-02,  2.219078e-02, -3.872969e-02],
 [-3.064690e-02, -8.975698e-02,  4.089327e-02,  1.220568e-02,  3.299983e-02],
 [-4.731007e-02, -7.155983e-02,  3.156856e-02,  2.560176e-03,  3.307715e-02],
 [ 1.653688e+00,  2.021804e+00, -5.468819e-01, -1.985139e+00, -2.276149e+00]]
energy_short: [-0.956101,  0.589401,  0.578588, -0.447559, -0.345432, -0.370738, -0.540756, -0.546707, -0.565112, -0.668762,  0.600434,  0.590935, -0.640087]
energy_long: [0.165482, 0.061268, 0.060051, 0.362021, 0.228999, 0.256507, 0.286011, 0.311601, 0.382098, 0.362001, 0.064267, 0.062288, 0.261816]