step=176220, graph_id=0, num_atoms=13
scalar_charges: [  5.897943, -18.361506, -18.34249 ,   5.756418,   5.764563,   5.772173,   5.839334,   5.840068,   5.847915,   5.853197, -18.402594, -18.377226,   5.833105]
spherical_charges_l0: [[-2.408398e+00],
 [ 1.385204e-02],
 [ 7.685691e-03],
 [-4.403895e-01],
 [-1.522284e-01],
 [-2.044637e-01],
 [-4.867460e-01],
 [-3.662509e-01],
 [-3.247793e-01],
 [-4.549653e-01],
 [-9.707362e-03],
 [-1.253992e-03],
 [-2.283612e+00]]
spherical_charges_l1: [[ 2.265702e-01, -3.609373e+00, -2.048306e+00],
 [ 2.234316e-02,  1.168509e-01,  4.759697e-02],
 [ 1.485855e-02,  8.560748e-02,  2.933600e-02],
 [ 3.318670e-01, -3.368515e+00, -1.059233e+00],
 [ 1.004155e-01,  3.406376e-02,  1.009084e-01],
 [ 4.382060e-02, -5.917593e-02,  1.944098e-02],
 [-5.525898e-05,  5.840222e-03, -9.981197e-03],
 [-4.527201e-03,  2.882712e-02, -1.740494e-02],
 [ 1.300978e-02, -2.934356e-02,  9.683717e-03],
 [-1.440931e+00,  2.642168e+00, -1.255015e+00],
 [ 5.897893e-02, -5.945266e-02,  3.093938e-02],
 [ 5.657848e-02, -6.067917e-02,  3.147203e-02],
 [-2.087347e+00,  3.096390e+00, -2.157700e+00]]
spherical_charges_l2: [[ 3.448466e+00, -2.771527e+00,  4.962674e+00,  2.026242e+00, -3.337704e+00],
 [-1.117247e-01,  8.250232e-02, -7.849737e-02,  4.931956e-02,  6.019957e-02],
 [-1.526964e-01,  4.882485e-02, -8.126462e-02,  6.454469e-02,  3.927735e-02],
 [ 1.590395e-01,  2.020421e-01,  4.308886e-01,  2.475423e-02, -4.665256e-02],
 [ 7.829980e-01,  4.750937e-01, -9.576146e-02, -3.998053e-01,  4.048228e-01],
 [ 7.446280e-01,  6.748573e-01, -1.223456e-01, -2.678387e-01,  4.426652e-01],
 [ 5.182676e-01,  3.846824e-01, -2.001846e-03,  1.668244e-01,  4.417024e-01],
 [ 4.650881e-01,  7.555739e-01, -2.554439e-01,  3.789299e-01,  2.909221e-01],
 [ 5.439897e-01,  7.799190e-01, -2.264941e-01,  3.898368e-01,  3.218202e-01],
 [ 3.159446e-01,  1.742764e-01, -5.188473e-02,  6.009721e-02, -3.007028e-01],
 [-7.380539e-02, -2.134378e-01,  9.771944e-02,  2.025842e-02,  7.125299e-02],
 [-1.117962e-01, -1.579073e-01,  7.034940e-02, -1.058231e-02,  6.274638e-02],
 [ 2.978576e+00,  3.655704e+00, -9.517393e-01, -3.877330e+00, -4.267144e+00]]
energy_short: [-0.787056,  0.288461,  0.280242, -0.272247, -0.211865, -0.246224, -0.440942, -0.428639, -0.44347 , -0.489953,  0.303448,  0.292343, -0.468954]
energy_long: [0.175708, 0.026487, 0.027755, 0.343108, 0.175164, 0.246156, 0.215052, 0.310134, 0.341019, 0.347698, 0.028866, 0.029017, 0.275818]