step=3023775, graph_id=0, num_atoms=13
scalar_charges: [ 0.593678, -1.92573 , -1.928131,  0.59421 ,  0.589998,  0.591152,  0.593286,  0.592333,  0.592159,  0.59028 , -1.924551, -1.926274,  0.596175]
spherical_charges_l0: [[-0.935567],
 [ 0.01341 ],
 [ 0.007127],
 [-0.018476],
 [ 0.08342 ],
 [ 0.020144],
 [-0.127663],
 [-0.049267],
 [-0.011663],
 [-0.028361],
 [ 0.009961],
 [ 0.009261],
 [-0.889219]]
spherical_charges_l1: [[-4.098648e-03, -1.070949e+00, -6.253666e-01],
 [ 3.129884e-03, -3.830561e-03, -1.204177e-03],
 [-4.686793e-03, -3.466249e-03, -4.574188e-03],
 [ 7.925077e-02, -3.195433e-01, -6.072483e-02],
 [-1.116864e-02,  7.524708e-03, -7.178983e-03],
 [-9.721891e-03, -1.550359e-02, -2.143936e-02],
 [-2.554197e-03,  3.465725e-03, -4.654123e-03],
 [ 4.959454e-03,  6.110642e-04, -2.235987e-02],
 [-3.522312e-04, -1.040680e-02, -2.342628e-02],
 [-1.136586e-01,  2.621286e-01, -1.022689e-01],
 [-4.469265e-03,  6.053404e-03, -3.128342e-03],
 [-3.220723e-03,  4.710601e-03, -2.426315e-03],
 [-5.990530e-01,  8.451406e-01, -6.070362e-01]]
spherical_charges_l2: [[ 1.078783, -0.812919,  1.406192,  0.477122, -0.936126],
 [-0.035643,  0.02129 , -0.024934,  0.012372,  0.01588 ],
 [-0.037881,  0.019119, -0.025486,  0.012318,  0.015641],
 [-0.046531,  0.031196,  0.032866,  0.013433,  0.008063],
 [ 0.152044,  0.099223, -0.024693, -0.083599,  0.083242],
 [ 0.13949 ,  0.133016, -0.029521, -0.063347,  0.069461],
 [ 0.110756,  0.049169,  0.00148 ,  0.036153,  0.07726 ],
 [ 0.074585,  0.144037, -0.056728,  0.066524,  0.039196],
 [ 0.093575,  0.14902 , -0.035563,  0.062447,  0.053495],
 [-0.00389 , -0.033284,  0.030832,  0.008188, -0.021323],
 [-0.01956 , -0.049012,  0.022064,  0.007655,  0.020532],
 [-0.02486 , -0.040966,  0.018059,  0.003893,  0.019815],
 [ 0.911113,  1.112377, -0.300022, -1.060186, -1.219841]]
energy_short: [-1.100303,  0.829375,  0.816034, -0.582959, -0.373574, -0.406297, -0.596168, -0.585439, -0.596059, -0.766132,  0.838569,  0.828869, -0.813702]
energy_long: [0.135313, 0.065906, 0.065412, 0.33817 , 0.209386, 0.232233, 0.251998, 0.290579, 0.359573, 0.334815, 0.068888, 0.06756 , 0.244772]