step=1541925, graph_id=0, num_atoms=13
scalar_charges: [ 0.8573  , -2.786483, -2.792918,  0.90834 ,  0.901872,  0.902615,  0.898405,  0.89547 ,  0.894035,  0.885615, -2.784555, -2.7878  ,  0.898499]
spherical_charges_l0: [[-1.545928],
 [ 0.01899 ],
 [ 0.010381],
 [-0.022821],
 [ 0.115367],
 [ 0.021429],
 [-0.177734],
 [-0.080393],
 [-0.026937],
 [-0.052511],
 [ 0.015141],
 [ 0.013156],
 [-1.472166]]
spherical_charges_l1: [[-3.145154e-02, -1.969133e+00, -1.139067e+00],
 [ 1.506605e-02, -1.180710e-02, -1.105273e-04],
 [-1.676663e-02, -4.587269e-03, -1.224554e-02],
 [ 1.235268e-01, -5.407965e-01, -1.066226e-01],
 [-1.884328e-02,  1.064642e-02, -1.321273e-02],
 [-2.181230e-02, -2.622607e-02, -4.202258e-02],
 [-4.186505e-03,  3.886030e-03, -1.059621e-02],
 [ 1.098840e-02,  3.997749e-04, -4.276795e-02],
 [-1.948716e-03, -2.073948e-02, -4.678391e-02],
 [-1.953186e-01,  4.375995e-01, -1.722808e-01],
 [ 2.936206e-04,  1.628008e-02, -7.999112e-03],
 [-1.440635e-02,  4.750817e-03, -2.837459e-03],
 [-1.110611e+00,  1.571653e+00, -1.090654e+00]]
spherical_charges_l2: [[ 1.984001, -1.441599,  2.483459,  0.719204, -1.652874],
 [-0.059723,  0.029069, -0.042059,  0.019489,  0.023923],
 [-0.059904,  0.030708, -0.039966,  0.02102 ,  0.025133],
 [-0.067633,  0.056736,  0.048227,  0.017375,  0.024343],
 [ 0.239492,  0.150789, -0.033318, -0.134963,  0.136934],
 [ 0.230672,  0.216583, -0.04198 , -0.099183,  0.110655],
 [ 0.180461,  0.083204,  0.003   ,  0.057227,  0.127312],
 [ 0.124832,  0.234853, -0.097247,  0.108436,  0.068308],
 [ 0.153468,  0.245822, -0.055031,  0.108672,  0.089266],
 [-0.002763, -0.054962,  0.047308,  0.021874, -0.027143],
 [-0.035582, -0.079387,  0.035549,  0.01143 ,  0.034641],
 [-0.036066, -0.068788,  0.030598,  0.008114,  0.031419],
 [ 1.640122,  2.068078, -0.609494, -1.783304, -2.153879]]
energy_short: [-0.940466,  0.60399 ,  0.589921, -0.41431 , -0.318442, -0.346158, -0.524638, -0.524015, -0.539345, -0.631773,  0.611104,  0.602674, -0.627678]
energy_long: [0.136453, 0.055988, 0.055984, 0.344949, 0.207507, 0.228025, 0.264385, 0.293979, 0.369727, 0.344947, 0.059484, 0.057951, 0.249486]