step=1874340, graph_id=0, num_atoms=13
scalar_charges: [ 0.779378, -2.329307, -2.334799,  0.798651,  0.788456,  0.790732,  0.795415,  0.792364,  0.791653,  0.785885, -2.325862, -2.329638,  0.800182]
spherical_charges_l0: [[-1.194107],
 [ 0.015432],
 [ 0.007721],
 [-0.020742],
 [ 0.101667],
 [ 0.021088],
 [-0.159841],
 [-0.067451],
 [-0.021162],
 [-0.044544],
 [ 0.011134],
 [ 0.009903],
 [-1.140378]]
spherical_charges_l1: [[-1.672054e-02, -1.542122e+00, -8.880433e-01],
 [ 9.421851e-03, -7.247730e-03, -2.190711e-04],
 [-1.093822e-02, -3.501610e-03, -8.146651e-03],
 [ 1.092125e-01, -4.631376e-01, -9.563943e-02],
 [-1.621204e-02,  8.025576e-03, -1.142384e-02],
 [-1.851760e-02, -1.721316e-02, -3.313008e-02],
 [-3.876166e-03,  3.425529e-03, -8.659562e-03],
 [ 1.027704e-02, -2.646981e-03, -3.467473e-02],
 [-2.733573e-03, -1.460633e-02, -3.921402e-02],
 [-1.666046e-01,  3.741579e-01, -1.514933e-01],
 [-2.432938e-03,  1.122960e-02, -5.606663e-03],
 [-9.024522e-03,  4.564357e-03, -2.557225e-03],
 [-8.664733e-01,  1.217735e+00, -8.542631e-01]]
spherical_charges_l2: [[ 1.562088, -1.169998,  2.022166,  0.627058, -1.3635  ],
 [-0.046334,  0.025343, -0.03139 ,  0.016921,  0.019206],
 [-0.048072,  0.024657, -0.030973,  0.017739,  0.019492],
 [-0.068636,  0.050203,  0.046804,  0.024615,  0.019231],
 [ 0.212579,  0.130224, -0.027086, -0.116595,  0.121835],
 [ 0.1994  ,  0.187684, -0.033598, -0.086379,  0.103228],
 [ 0.155326,  0.071895,  0.002635,  0.050192,  0.108573],
 [ 0.106414,  0.204311, -0.080024,  0.09796 ,  0.062154],
 [ 0.133083,  0.212159, -0.050402,  0.091813,  0.08033 ],
 [-0.004742, -0.054886,  0.049821,  0.010168, -0.025935],
 [-0.026661, -0.062006,  0.027902,  0.008034,  0.025608],
 [-0.029403, -0.053314,  0.023748,  0.004412,  0.023511],
 [ 1.318444,  1.632599, -0.462156, -1.495768, -1.767524]]
energy_short: [-0.973018,  0.637713,  0.624821, -0.459854, -0.313199, -0.342485, -0.521185, -0.520794, -0.5349  , -0.662255,  0.645736,  0.637099, -0.671393]
energy_long: [0.133074, 0.050908, 0.050715, 0.330115, 0.209172, 0.224268, 0.249807, 0.286364, 0.352854, 0.329806, 0.053617, 0.05262 , 0.227807]