step=1854315, graph_id=0, num_atoms=13
scalar_charges: [ 0.764808, -2.405383, -2.410171,  0.789151,  0.780568,  0.782315,  0.785339,  0.782265,  0.781491,  0.774664, -2.40095 , -2.404961,  0.788889]
spherical_charges_l0: [[-1.156932],
 [ 0.013593],
 [ 0.007184],
 [-0.016681],
 [ 0.102126],
 [ 0.020789],
 [-0.15074 ],
 [-0.06417 ],
 [-0.017092],
 [-0.040348],
 [ 0.010311],
 [ 0.009569],
 [-1.10333 ]]
spherical_charges_l1: [[-1.090869e-02, -1.490025e+00, -8.664409e-01],
 [ 9.654213e-03, -6.742716e-03,  4.101148e-04],
 [-1.106832e-02, -2.440093e-03, -7.532427e-03],
 [ 1.016327e-01, -4.119009e-01, -7.870966e-02],
 [-1.623314e-02,  8.949472e-03, -1.184270e-02],
 [-1.681690e-02, -2.113640e-02, -3.364065e-02],
 [-3.675469e-03,  3.946213e-03, -8.031291e-03],
 [ 8.077925e-03,  3.864797e-04, -3.435664e-02],
 [-1.279499e-03, -1.582231e-02, -3.684859e-02],
 [-1.458033e-01,  3.356398e-01, -1.300366e-01],
 [ 6.687089e-04,  1.135874e-02, -5.561324e-03],
 [-1.005965e-02,  2.464130e-03, -1.559147e-03],
 [-8.309804e-01,  1.174143e+00, -8.301747e-01]]
spherical_charges_l2: [[ 1.495771, -1.10424 ,  1.892832,  0.593942, -1.25546 ],
 [-0.043297,  0.022295, -0.029256,  0.015119,  0.016979],
 [-0.044151,  0.024691, -0.028605,  0.016329,  0.01866 ],
 [-0.065086,  0.039552,  0.043223,  0.018837,  0.01559 ],
 [ 0.206762,  0.129496, -0.032103, -0.116103,  0.116679],
 [ 0.192601,  0.184675, -0.037675, -0.087394,  0.092773],
 [ 0.153652,  0.066323,  0.00247 ,  0.049888,  0.106865],
 [ 0.101571,  0.199825, -0.08276 ,  0.093044,  0.054022],
 [ 0.128022,  0.208863, -0.046889,  0.086835,  0.074654],
 [-0.008622, -0.048796,  0.043655,  0.013886, -0.022612],
 [-0.026518, -0.057828,  0.02589 ,  0.00775 ,  0.025061],
 [-0.026368, -0.050626,  0.02257 ,  0.005384,  0.022493],
 [ 1.249857,  1.550039, -0.434826, -1.393964, -1.634179]]
energy_short: [-0.991073,  0.647715,  0.635184, -0.45326 , -0.315983, -0.344001, -0.524868, -0.522727, -0.537858, -0.660009,  0.659063,  0.648904, -0.690021]
energy_long: [0.139876, 0.05298 , 0.053805, 0.32865 , 0.200455, 0.22457 , 0.238984, 0.282916, 0.349409, 0.326956, 0.056715, 0.055491, 0.236757]