step=340425, graph_id=0, num_atoms=13
scalar_charges: [  4.09587 , -13.390614, -13.371117,   4.110764,   4.124184,   4.125501,   4.142853,   4.145902,   4.147376,   4.134538, -13.422187, -13.399323,   4.128422]
spherical_charges_l0: [[-2.756634],
 [ 0.044908],
 [ 0.035385],
 [-0.190707],
 [ 0.033173],
 [-0.085214],
 [-0.429006],
 [-0.283257],
 [-0.214784],
 [-0.266341],
 [ 0.02978 ],
 [ 0.032077],
 [-2.817504]]
spherical_charges_l1: [[ 2.703119e-01, -3.792389e+00, -2.129811e+00],
 [ 2.654915e-02,  3.271304e-02,  2.000870e-02],
 [ 1.701024e-03,  3.069320e-02,  6.248103e-03],
 [ 5.782146e-01, -2.699887e+00, -7.490913e-01],
 [ 1.178258e-01,  4.021922e-02,  1.290086e-01],
 [ 4.478329e-02, -3.847042e-02,  1.959908e-02],
 [ 7.143184e-03,  1.132365e-02,  5.787591e-03],
 [-2.723412e-03,  1.875461e-02, -9.906477e-03],
 [ 1.014467e-02, -1.820131e-02,  3.797946e-03],
 [-1.064147e+00,  2.163742e+00, -1.069525e+00],
 [-7.112596e-03, -3.014536e-02,  1.440119e-02],
 [ 2.841289e-02, -9.397342e-03,  5.447761e-03],
 [-2.000373e+00,  2.973229e+00, -2.143146e+00]]
spherical_charges_l2: [[ 3.688132e+00, -2.858492e+00,  5.237203e+00,  2.057608e+00, -3.533001e+00],
 [-1.268897e-01,  9.967142e-02, -9.734234e-02,  3.945506e-02,  7.930427e-02],
 [-1.802189e-01,  4.886473e-02, -1.176386e-01,  6.303856e-02,  4.780722e-02],
 [-3.135457e-02,  1.491058e-01,  4.817273e-01,  3.809956e-02, -1.178050e-01],
 [ 6.435751e-01,  4.466688e-01, -5.285630e-02, -3.314456e-01,  3.873982e-01],
 [ 7.059778e-01,  5.939104e-01, -7.997803e-02, -3.134634e-01,  3.294319e-01],
 [ 5.790967e-01,  3.216935e-01,  2.200678e-04,  1.833312e-01,  4.320906e-01],
 [ 3.649155e-01,  6.680505e-01, -3.183576e-01,  3.898204e-01,  2.214899e-01],
 [ 4.560387e-01,  7.122253e-01, -1.283186e-01,  2.955733e-01,  3.181897e-01],
 [ 1.857621e-01,  2.533664e-02,  3.754471e-02, -2.682951e-02, -4.128641e-01],
 [-6.431942e-02, -2.171784e-01,  9.912619e-02,  3.669668e-02,  8.059341e-02],
 [-1.268422e-01, -1.618188e-01,  7.029952e-02,  2.130965e-03,  8.299693e-02],
 [ 3.231327e+00,  3.835941e+00, -9.974065e-01, -4.095967e+00, -4.565191e+00]]
energy_short: [-0.804566,  0.388185,  0.37502 , -0.37115 , -0.292585, -0.32107 , -0.519576, -0.504408, -0.520622, -0.591805,  0.39848 ,  0.388549, -0.477702]
energy_long: [0.229324, 0.040661, 0.03999 , 0.381826, 0.25286 , 0.284903, 0.310832, 0.338231, 0.432486, 0.385714, 0.04218 , 0.041572, 0.319002]