step=112140, graph_id=0, num_atoms=13
scalar_charges: [  5.735647, -17.661531, -17.64124 ,   5.615914,   5.665718,   5.665145,   5.717277,   5.722247,   5.733215,   5.703339, -17.688574, -17.66897 ,   5.674202]
spherical_charges_l0: [[-1.512923e+00],
 [ 9.865044e-03],
 [ 2.623369e-03],
 [-5.152065e-01],
 [-1.131458e-01],
 [-1.730371e-01],
 [-3.409859e-01],
 [-2.691109e-01],
 [-2.360222e-01],
 [-5.510944e-01],
 [ 2.396065e-03],
 [ 1.269994e-03],
 [-1.389723e+00]]
spherical_charges_l1: [[ 3.116349e-01, -2.687133e+00, -1.500926e+00],
 [ 2.945999e-02,  1.637867e-01,  7.197858e-02],
 [ 3.659872e-02,  1.085416e-01,  4.847011e-02],
 [ 1.781314e-01, -4.100090e+00, -1.396876e+00],
 [ 8.602507e-02,  3.137337e-02,  7.238972e-02],
 [ 3.213079e-02, -6.381104e-02,  1.335526e-02],
 [ 2.148489e-04,  2.346626e-03, -1.195697e-02],
 [-5.224880e-04,  2.602826e-02, -1.933929e-02],
 [ 8.427637e-03, -2.021720e-02,  1.401825e-02],
 [-1.915894e+00,  3.324471e+00, -1.609824e+00],
 [ 6.300482e-02, -7.944521e-02,  4.089177e-02],
 [ 7.976800e-02, -7.202707e-02,  3.781784e-02],
 [-1.582832e+00,  2.335253e+00, -1.681896e+00]]
spherical_charges_l2: [[ 2.666604e+00, -2.300801e+00,  3.972390e+00,  1.694669e+00, -2.765439e+00],
 [-9.964629e-02,  6.670270e-02, -7.854228e-02,  3.848217e-02,  5.308034e-02],
 [-1.123225e-01,  4.239298e-02, -5.037089e-02,  5.473192e-02,  2.978542e-02],
 [ 1.766123e-02,  2.054631e-01,  5.014061e-01,  3.441029e-02, -6.556340e-02],
 [ 6.084008e-01,  3.793814e-01, -3.605137e-02, -2.542340e-01,  3.067637e-01],
 [ 5.840633e-01,  4.645039e-01, -5.337425e-02, -2.102229e-01,  3.380504e-01],
 [ 3.677303e-01,  2.738744e-01, -5.982302e-03,  1.162133e-01,  3.166787e-01],
 [ 3.637445e-01,  5.527783e-01, -2.025344e-01,  2.823217e-01,  2.160122e-01],
 [ 4.135141e-01,  5.737940e-01, -1.607891e-01,  2.958793e-01,  2.571506e-01],
 [ 2.566428e-01,  1.244541e-01, -3.203630e-02,  1.196403e-01, -3.334934e-01],
 [-5.799466e-02, -1.518904e-01,  7.021905e-02, -9.909205e-04,  4.010969e-02],
 [-7.507765e-02, -1.232241e-01,  5.608135e-02, -1.325118e-02,  3.749193e-02],
 [ 2.306910e+00,  2.770044e+00, -6.247218e-01, -3.305968e+00, -3.414157e+00]]
energy_short: [-0.613316,  0.193486,  0.183126, -0.121965, -0.076991, -0.110978, -0.306217, -0.293715, -0.308992, -0.334782,  0.209138,  0.197154, -0.296601]
energy_long: [0.112269, 0.049896, 0.046852, 0.252849, 0.124481, 0.158445, 0.130316, 0.211869, 0.258361, 0.264307, 0.049616, 0.04892 , 0.182571]