step=2427030, graph_id=0, num_atoms=13
scalar_charges: [ 0.637499, -2.041488, -2.045015,  0.64965 ,  0.64361 ,  0.645355,  0.647817,  0.645635,  0.645043,  0.638162, -2.038786, -2.041373,  0.649894]
spherical_charges_l0: [[-1.052978],
 [ 0.013003],
 [ 0.007135],
 [-0.017773],
 [ 0.088032],
 [ 0.018304],
 [-0.138694],
 [-0.057294],
 [-0.016932],
 [-0.031622],
 [ 0.010172],
 [ 0.009031],
 [-1.004309]]
spherical_charges_l1: [[-1.140984e-02, -1.213063e+00, -7.039442e-01],
 [ 2.920402e-03, -4.939377e-03, -2.036499e-03],
 [-4.744916e-03, -4.610979e-03, -5.382245e-03],
 [ 8.382953e-02, -3.421972e-01, -6.486787e-02],
 [-1.203056e-02,  8.961488e-03, -8.687223e-03],
 [-1.244520e-02, -1.832138e-02, -2.580664e-02],
 [-2.477424e-03,  4.179335e-03, -4.180457e-03],
 [ 6.639261e-03,  3.880010e-04, -2.734100e-02],
 [-1.018859e-03, -1.281686e-02, -2.854553e-02],
 [-1.224824e-01,  2.818712e-01, -1.101449e-01],
 [-7.043750e-03,  7.101783e-03, -3.733959e-03],
 [-3.004579e-03,  7.159040e-03, -3.623451e-03],
 [-6.800187e-01,  9.581625e-01, -6.807235e-01]]
spherical_charges_l2: [[ 1.253205e+00, -9.505797e-01,  1.636206e+00,  5.436588e-01, -1.092612e+00],
 [-3.673119e-02,  2.206877e-02, -2.583033e-02,  1.246796e-02,  1.646381e-02],
 [-3.894022e-02,  1.998494e-02, -2.693365e-02,  1.229970e-02,  1.646195e-02],
 [-4.691456e-02,  3.773024e-02,  3.393914e-02,  1.443860e-02,  1.434436e-02],
 [ 1.756595e-01,  1.116059e-01, -2.789455e-02, -9.744816e-02,  9.574185e-02],
 [ 1.604692e-01,  1.528109e-01, -3.309511e-02, -6.963442e-02,  8.126013e-02],
 [ 1.271934e-01,  5.668342e-02,  1.442464e-03,  4.100361e-02,  8.799662e-02],
 [ 8.656923e-02,  1.654762e-01, -6.492950e-02,  7.694592e-02,  4.766081e-02],
 [ 1.085403e-01,  1.717126e-01, -4.133309e-02,  7.383485e-02,  6.310541e-02],
 [-2.551471e-03, -3.799701e-02,  3.461674e-02,  1.194020e-02, -1.833177e-02],
 [-2.065672e-02, -5.107868e-02,  2.290758e-02,  8.978707e-03,  2.244657e-02],
 [-2.562966e-02, -4.266556e-02,  1.876799e-02,  4.876513e-03,  2.121988e-02],
 [ 1.057341e+00,  1.296442e+00, -3.526856e-01, -1.226246e+00, -1.418809e+00]]
energy_short: [-1.028109,  0.736502,  0.723855, -0.481718, -0.313561, -0.344356, -0.531307, -0.524254, -0.536729, -0.678298,  0.745058,  0.73638 , -0.731745]
energy_long: [0.123151, 0.049297, 0.048802, 0.322457, 0.193458, 0.21853 , 0.237893, 0.27505 , 0.350119, 0.319771, 0.052002, 0.050599, 0.231881]