step=2146680, graph_id=0, num_atoms=13
scalar_charges: [ 0.7238  , -2.198661, -2.201109,  0.72407 ,  0.711913,  0.714711,  0.723261,  0.720554,  0.720286,  0.717941, -2.195101, -2.197671,  0.73081 ]
spherical_charges_l0: [[-1.162943],
 [ 0.015283],
 [ 0.009277],
 [-0.014605],
 [ 0.098425],
 [ 0.023034],
 [-0.148535],
 [-0.059951],
 [-0.015773],
 [-0.033851],
 [ 0.010736],
 [ 0.010923],
 [-1.102966]]
spherical_charges_l1: [[-8.012385e-03, -1.273954e+00, -7.454482e-01],
 [ 6.040929e-03, -7.606759e-03, -1.613102e-03],
 [-7.323633e-03, -6.300258e-03, -7.350538e-03],
 [ 9.157044e-02, -3.622425e-01, -6.729998e-02],
 [-1.530712e-02,  8.084679e-03, -1.115616e-02],
 [-1.451763e-02, -1.909503e-02, -2.928979e-02],
 [-2.800375e-03,  3.920143e-03, -5.774715e-03],
 [ 7.625361e-03,  1.237759e-04, -2.997537e-02],
 [-1.171915e-03, -1.448715e-02, -3.269227e-02],
 [-1.299102e-01,  2.990217e-01, -1.166327e-01],
 [-4.729367e-03,  1.369051e-02, -6.883152e-03],
 [-9.819127e-03,  7.429469e-03, -3.983705e-03],
 [-7.087321e-01,  1.001776e+00, -7.167685e-01]]
spherical_charges_l2: [[ 1.370729, -1.044765,  1.808236,  0.600145, -1.221153],
 [-0.039045,  0.022337, -0.027247,  0.013006,  0.016841],
 [-0.042894,  0.024031, -0.027784,  0.015413,  0.017662],
 [-0.056619,  0.042543,  0.035297,  0.014549,  0.01743 ],
 [ 0.191709,  0.120656, -0.032521, -0.108424,  0.108743],
 [ 0.177433,  0.169977, -0.0396  , -0.075616,  0.091678],
 [ 0.133516,  0.064569,  0.001857,  0.043313,  0.09471 ],
 [ 0.098021,  0.182761, -0.066942,  0.082743,  0.05208 ],
 [ 0.121891,  0.189524, -0.048148,  0.081252,  0.064712],
 [-0.005145, -0.045105,  0.039188,  0.013382, -0.019788],
 [-0.02359 , -0.057188,  0.025712,  0.008653,  0.024143],
 [-0.02797 , -0.047956,  0.021203,  0.004694,  0.022663],
 [ 1.161958,  1.4266  , -0.396462, -1.355843, -1.582818]]
energy_short: [-1.002694,  0.705376,  0.693915, -0.475893, -0.307811, -0.337906, -0.52608 , -0.517889, -0.530985, -0.675531,  0.721016,  0.709965, -0.713924]
energy_long: [0.117766, 0.047875, 0.048023, 0.325664, 0.19828 , 0.216151, 0.254528, 0.274189, 0.354066, 0.324638, 0.051576, 0.050315, 0.232335]