step=2935665, graph_id=0, num_atoms=13
scalar_charges: [ 0.605084, -1.956531, -1.958838,  0.605536,  0.600155,  0.601554,  0.6042  ,  0.603078,  0.602848,  0.600871, -1.955464, -1.957054,  0.607321]
spherical_charges_l0: [[-0.928885],
 [ 0.013869],
 [ 0.007882],
 [-0.018534],
 [ 0.082674],
 [ 0.018156],
 [-0.129934],
 [-0.051722],
 [-0.013972],
 [-0.029249],
 [ 0.010241],
 [ 0.009748],
 [-0.886704]]
spherical_charges_l1: [[-5.986341e-03, -1.054210e+00, -6.186277e-01],
 [ 3.452437e-03, -5.247927e-03, -1.679160e-03],
 [-5.188868e-03, -4.700772e-03, -5.382601e-03],
 [ 7.619534e-02, -3.073424e-01, -5.714234e-02],
 [-1.273732e-02,  6.767139e-03, -8.252397e-03],
 [-1.091481e-02, -1.529903e-02, -2.245286e-02],
 [-2.825140e-03,  3.356365e-03, -5.548593e-03],
 [ 5.842385e-03,  1.699115e-04, -2.346256e-02],
 [-6.998146e-04, -1.086305e-02, -2.540849e-02],
 [-1.082190e-01,  2.508944e-01, -9.687610e-02],
 [-4.355267e-03,  8.718920e-03, -4.430903e-03],
 [-5.316756e-03,  5.754052e-03, -3.008463e-03],
 [-5.914755e-01,  8.331084e-01, -5.958454e-01]]
spherical_charges_l2: [[ 1.075533, -0.794568,  1.392052,  0.458065, -0.926259],
 [-0.037766,  0.021928, -0.026169,  0.01321 ,  0.016111],
 [-0.039153,  0.021273, -0.025689,  0.013319,  0.016461],
 [-0.045836,  0.032089,  0.031708,  0.013035,  0.011237],
 [ 0.151563,  0.09893 , -0.025309, -0.082715,  0.083174],
 [ 0.140318,  0.132496, -0.027489, -0.063773,  0.069591],
 [ 0.112061,  0.048505,  0.002109,  0.036517,  0.077962],
 [ 0.074624,  0.144104, -0.058218,  0.067872,  0.039983],
 [ 0.094147,  0.150272, -0.035256,  0.063022,  0.054547],
 [-0.00333 , -0.033493,  0.031282,  0.008928, -0.019037],
 [-0.021824, -0.051011,  0.02288 ,  0.007719,  0.02199 ],
 [-0.024993, -0.043496,  0.019244,  0.004497,  0.020553],
 [ 0.911512,  1.113013, -0.303931, -1.042835, -1.211287]]
energy_short: [-1.075493,  0.812383,  0.799374, -0.557214, -0.360097, -0.391879, -0.583241, -0.571876, -0.582371, -0.743854,  0.822764,  0.812773, -0.788005]
energy_long: [0.141284, 0.064241, 0.064078, 0.339115, 0.203521, 0.235706, 0.25711 , 0.290759, 0.359259, 0.336987, 0.06788 , 0.066334, 0.24509 ]