step=356445, graph_id=0, num_atoms=13
scalar_charges: [  4.186456, -13.242997, -13.220096,   4.145832,   4.144816,   4.148451,   4.183798,   4.185009,   4.188074,   4.190024, -13.279021, -13.253961,   4.168837]
spherical_charges_l0: [[-2.900671],
 [ 0.050501],
 [ 0.039328],
 [-0.238462],
 [ 0.049057],
 [-0.069932],
 [-0.420961],
 [-0.26474 ],
 [-0.199444],
 [-0.306317],
 [ 0.039577],
 [ 0.039129],
 [-2.875793]]
spherical_charges_l1: [[-2.113800e-02, -3.954901e+00, -2.244724e+00],
 [ 1.104354e-02,  3.060135e-02,  8.846636e-03],
 [ 1.212217e-02,  1.619348e-02,  2.106466e-03],
 [ 4.760626e-01, -2.749971e+00, -8.630844e-01],
 [ 4.746184e-02,  3.039564e-02,  6.722311e-02],
 [ 7.469343e-03, -4.061114e-02, -2.160541e-02],
 [ 5.511364e-03,  9.164125e-03, -1.730287e-03],
 [ 9.232233e-03,  1.534852e-02, -4.424268e-02],
 [ 4.594028e-03, -3.409612e-02, -4.181424e-02],
 [-1.104774e+00,  2.135891e+00, -1.087949e+00],
 [-1.788422e-02, -2.812433e-02,  1.301471e-02],
 [ 3.191610e-02,  3.810756e-03, -9.435742e-04],
 [-2.336466e+00,  3.358070e+00, -2.238651e+00]]
spherical_charges_l2: [[ 3.820925, -2.802434,  5.076897,  1.798962, -3.411571],
 [-0.140827,  0.097952, -0.111073,  0.041112,  0.08075 ],
 [-0.182649,  0.06835 , -0.117295,  0.064368,  0.059618],
 [-0.087929,  0.134657,  0.44176 ,  0.076044, -0.109834],
 [ 0.631782,  0.426424, -0.054431, -0.334947,  0.3817  ],
 [ 0.665134,  0.564   , -0.086806, -0.273523,  0.321365],
 [ 0.53188 ,  0.339455, -0.005639,  0.167245,  0.416979],
 [ 0.369723,  0.636616, -0.278469,  0.347079,  0.231497],
 [ 0.442731,  0.671455, -0.138437,  0.312404,  0.292455],
 [ 0.14835 , -0.014363,  0.065692, -0.049322, -0.373955],
 [-0.097659, -0.231377,  0.104099,  0.032009,  0.096319],
 [-0.118635, -0.188011,  0.082944,  0.012452,  0.088754],
 [ 3.310001,  4.071448, -1.152993, -3.881691, -4.468107]]
energy_short: [-0.809964,  0.365336,  0.353502, -0.384604, -0.292471, -0.320679, -0.509336, -0.498866, -0.514032, -0.599279,  0.377023,  0.3672  , -0.479966]
energy_long: [0.24801 , 0.03814 , 0.038062, 0.40829 , 0.268712, 0.268863, 0.286629, 0.333379, 0.449007, 0.411077, 0.041104, 0.040347, 0.337678]