step=3888855, graph_id=0, num_atoms=13
scalar_charges: [ 0.597898, -1.918786, -1.919551,  0.595543,  0.59109 ,  0.591418,  0.594569,  0.593772,  0.593891,  0.594625, -1.920478, -1.920565,  0.599866]
spherical_charges_l0: [[-0.903708],
 [ 0.012557],
 [ 0.006559],
 [-0.017911],
 [ 0.082634],
 [ 0.020079],
 [-0.124841],
 [-0.047307],
 [-0.010567],
 [-0.026442],
 [ 0.009813],
 [ 0.008718],
 [-0.864092]]
spherical_charges_l1: [[-4.243663e-03, -1.029445e+00, -5.999941e-01],
 [ 3.177322e-03, -3.258277e-03, -7.441664e-04],
 [-3.889634e-03, -3.179995e-03, -3.839876e-03],
 [ 7.494202e-02, -3.044409e-01, -5.778833e-02],
 [-1.309101e-02,  7.181718e-03, -8.103056e-03],
 [-1.032515e-02, -1.598804e-02, -2.136584e-02],
 [-2.557111e-03,  3.699670e-03, -4.636878e-03],
 [ 5.785311e-03,  8.760380e-04, -2.285312e-02],
 [-7.528517e-04, -1.094477e-02, -2.453361e-02],
 [-1.075211e-01,  2.490606e-01, -9.666774e-02],
 [-4.380012e-03,  5.485337e-03, -2.843797e-03],
 [-2.384006e-03,  4.520809e-03, -2.302729e-03],
 [-5.750630e-01,  8.080166e-01, -5.821738e-01]]
spherical_charges_l2: [[ 1.022048, -0.765164,  1.345606,  0.461555, -0.898401],
 [-0.035566,  0.021277, -0.024335,  0.012648,  0.015413],
 [-0.036968,  0.018747, -0.024474,  0.012273,  0.014917],
 [-0.04179 ,  0.029525,  0.032206,  0.01234 ,  0.00912 ],
 [ 0.149406,  0.096268, -0.02251 , -0.079549,  0.08068 ],
 [ 0.135722,  0.127655, -0.024901, -0.061009,  0.069192],
 [ 0.107649,  0.048308,  0.001783,  0.035308,  0.075239],
 [ 0.072186,  0.138769, -0.055019,  0.065578,  0.040238],
 [ 0.090744,  0.144572, -0.035036,  0.062011,  0.053858],
 [-0.003266, -0.029644,  0.029714,  0.007878, -0.019034],
 [-0.020201, -0.04819 ,  0.02167 ,  0.006917,  0.0202  ],
 [-0.024065, -0.040691,  0.017988,  0.003742,  0.019207],
 [ 0.870938,  1.054538, -0.282981, -1.015117, -1.168014]]
energy_short: [-1.12332 ,  0.848964,  0.834671, -0.588105, -0.376039, -0.409915, -0.603683, -0.59048 , -0.599913, -0.768134,  0.857773,  0.847864, -0.839303]
energy_long: [0.137898, 0.065474, 0.064177, 0.339194, 0.210209, 0.238499, 0.255951, 0.291639, 0.362983, 0.336922, 0.068616, 0.066855, 0.240331]