step=2419020, graph_id=0, num_atoms=13
scalar_charges: [ 0.632829, -2.03387 , -2.036685,  0.643548,  0.637969,  0.639524,  0.642058,  0.639743,  0.639123,  0.632134, -2.032738, -2.034227,  0.645024]
spherical_charges_l0: [[-1.053116],
 [ 0.014358],
 [ 0.008195],
 [-0.021884],
 [ 0.090374],
 [ 0.019741],
 [-0.143529],
 [-0.058152],
 [-0.016718],
 [-0.035131],
 [ 0.011678],
 [ 0.010398],
 [-1.001189]]
spherical_charges_l1: [[-1.325117e-02, -1.214667e+00, -7.123109e-01],
 [ 5.682674e-03, -4.246040e-03, -3.016443e-04],
 [-7.082778e-03, -2.587787e-03, -5.531489e-03],
 [ 8.844965e-02, -3.607162e-01, -6.882931e-02],
 [-1.396342e-02,  8.238168e-03, -9.809626e-03],
 [-1.369139e-02, -1.822425e-02, -2.790471e-02],
 [-2.684294e-03,  4.214737e-03, -5.264966e-03],
 [ 7.116327e-03, -7.659179e-05, -2.893229e-02],
 [-1.090103e-03, -1.323405e-02, -3.053819e-02],
 [-1.291187e-01,  2.957827e-01, -1.166004e-01],
 [-2.878061e-03,  6.250945e-03, -3.175059e-03],
 [-4.028658e-03,  3.667286e-03, -1.944490e-03],
 [-6.822988e-01,  9.617578e-01, -6.840252e-01]]
spherical_charges_l2: [[ 1.250798e+00, -9.372829e-01,  1.621865e+00,  5.223823e-01, -1.090842e+00],
 [-4.009424e-02,  2.017322e-02, -2.838605e-02,  1.336427e-02,  1.589364e-02],
 [-3.889827e-02,  2.270726e-02, -2.595670e-02,  1.311827e-02,  1.795033e-02],
 [-4.993458e-02,  4.145961e-02,  3.535309e-02,  1.245995e-02,  1.532322e-02],
 [ 1.749742e-01,  1.114199e-01, -2.811317e-02, -9.754700e-02,  9.560764e-02],
 [ 1.611377e-01,  1.532686e-01, -3.228436e-02, -6.936990e-02,  8.195976e-02],
 [ 1.275357e-01,  5.766928e-02,  1.395279e-03,  4.069705e-02,  8.804917e-02],
 [ 8.712207e-02,  1.656410e-01, -6.472778e-02,  7.692822e-02,  4.848316e-02],
 [ 1.081113e-01,  1.710523e-01, -4.155686e-02,  7.460750e-02,  6.280244e-02],
 [-1.502488e-03, -3.680192e-02,  3.405554e-02,  1.408129e-02, -2.087210e-02],
 [-2.464860e-02, -4.977156e-02,  2.212707e-02,  7.105916e-03,  2.301249e-02],
 [-2.224496e-02, -4.479029e-02,  1.995654e-02,  6.039188e-03,  2.041264e-02],
 [ 1.052981e+00,  1.294595e+00, -3.588708e-01, -1.210954e+00, -1.413819e+00]]
energy_short: [-1.019147,  0.740803,  0.726924, -0.494894, -0.317725, -0.348023, -0.533449, -0.527481, -0.540229, -0.690792,  0.747627,  0.73926 , -0.721442]
energy_long: [0.120958, 0.048564, 0.048647, 0.32191 , 0.193233, 0.216386, 0.23915 , 0.27468 , 0.34616 , 0.320396, 0.051524, 0.050339, 0.227796]