step=116145, graph_id=0, num_atoms=13
scalar_charges: [  5.644349, -17.780302, -17.759596,   5.567038,   5.610718,   5.606324,   5.653629,   5.657002,   5.667533,   5.643878, -17.805355, -17.785702,   5.598576]
spherical_charges_l0: [[-1.633089],
 [ 0.015175],
 [ 0.005258],
 [-0.43575 ],
 [-0.150815],
 [-0.211052],
 [-0.384233],
 [-0.31514 ],
 [-0.282007],
 [-0.455541],
 [ 0.004282],
 [ 0.004671],
 [-1.585627]]
spherical_charges_l1: [[ 4.375537e-01, -2.223850e+00, -1.249818e+00],
 [ 5.049249e-02,  1.087186e-01,  6.046969e-02],
 [ 1.937582e-03,  9.253315e-02,  2.763499e-02],
 [ 1.672748e-01, -3.014328e+00, -9.478289e-01],
 [ 1.663738e-01,  2.647043e-02,  1.205703e-01],
 [ 5.144399e-02, -3.589462e-02,  5.063956e-02],
 [ 1.239686e-02,  1.122884e-02,  2.984699e-02],
 [-5.954293e-04,  6.736185e-03,  1.864382e-02],
 [ 4.611793e-03,  9.789953e-03,  5.871185e-02],
 [-1.344365e+00,  2.394004e+00, -1.115070e+00],
 [ 6.708808e-02, -5.204159e-02,  2.760644e-02],
 [ 4.407620e-02, -6.135910e-02,  3.140655e-02],
 [-1.391128e+00,  2.085790e+00, -1.641160e+00]]
spherical_charges_l2: [[ 2.769929e+00, -2.272861e+00,  3.899522e+00,  1.561568e+00, -2.677632e+00],
 [-1.048772e-01,  6.458106e-02, -8.941811e-02,  3.509521e-02,  5.506313e-02],
 [-1.078133e-01,  5.697041e-02, -5.585103e-02,  4.404353e-02,  4.487625e-02],
 [-8.967136e-02,  1.717122e-01,  3.594743e-01,  1.081067e-01, -5.932349e-02],
 [ 6.985829e-01,  4.242222e-01, -1.936075e-02, -3.242320e-01,  3.426093e-01],
 [ 6.542477e-01,  5.503660e-01, -8.943196e-02, -2.048843e-01,  3.776823e-01],
 [ 4.136203e-01,  3.477370e-01, -1.672508e-02,  1.207252e-01,  3.616693e-01],
 [ 4.384846e-01,  6.369252e-01, -2.155600e-01,  2.927757e-01,  2.615948e-01],
 [ 4.646292e-01,  6.460526e-01, -1.917794e-01,  3.700114e-01,  2.796994e-01],
 [ 1.515297e-01,  2.855390e-03,  2.621090e-02,  5.361106e-02, -2.506816e-01],
 [-5.690253e-02, -1.479238e-01,  6.777738e-02,  7.444199e-03,  4.681936e-02],
 [-7.345551e-02, -1.193961e-01,  5.369721e-02, -4.107825e-03,  4.452459e-02],
 [ 2.501223e+00,  2.990277e+00, -7.042419e-01, -3.330773e+00, -3.508918e+00]]
energy_short: [-0.619034,  0.217554,  0.209549, -0.147669, -0.106822, -0.134036, -0.334645, -0.318774, -0.334114, -0.359819,  0.2328  ,  0.222215, -0.300589]
energy_long: [0.11148 , 0.053223, 0.050842, 0.262192, 0.160311, 0.177499, 0.236166, 0.220953, 0.296102, 0.270677, 0.054492, 0.053887, 0.222687]