step=805005, graph_id=0, num_atoms=13
scalar_charges: [ 1.857987, -5.397889, -5.410532,  1.940866,  1.951583,  1.94966 ,  1.93355 ,  1.934119,  1.932183,  1.921779, -5.394061, -5.401978,  1.917412]
spherical_charges_l0: [[-2.53126 ],
 [ 0.050743],
 [ 0.036557],
 [-0.051703],
 [ 0.211779],
 [ 0.088861],
 [-0.242904],
 [-0.085071],
 [-0.012366],
 [-0.111203],
 [ 0.040235],
 [ 0.04022 ],
 [-2.484282]]
spherical_charges_l1: [[-4.525452e-02, -3.095842e+00, -1.802070e+00],
 [ 1.374350e-02, -2.894702e-03,  1.248480e-03],
 [-7.960428e-03, -3.601903e-03, -9.336549e-03],
 [ 2.545157e-01, -1.065716e+00, -2.443722e-01],
 [-4.797371e-02,  1.811994e-02, -3.115411e-02],
 [-4.263271e-02, -3.969520e-02, -7.762012e-02],
 [-2.740032e-03,  3.717586e-03, -1.741345e-02],
 [ 2.066567e-02, -2.579108e-03, -7.260432e-02],
 [-3.213585e-03, -3.714722e-02, -8.589637e-02],
 [-3.726315e-01,  8.360061e-01, -3.644070e-01],
 [-1.955730e-02,  1.513941e-02, -8.146024e-03],
 [-5.727548e-03,  1.608283e-02, -8.131254e-03],
 [-1.792006e+00,  2.520705e+00, -1.744178e+00]]
spherical_charges_l2: [[ 3.169567e+00, -2.316314e+00,  4.180983e+00,  1.392986e+00, -2.807415e+00],
 [-1.240915e-01,  7.894860e-02, -8.672938e-02,  4.038036e-02,  5.981912e-02],
 [-1.437910e-01,  6.895990e-02, -9.159276e-02,  5.264442e-02,  5.242435e-02],
 [-1.324645e-01,  8.831412e-02,  1.700146e-01,  5.660002e-02, -2.862225e-02],
 [ 4.787975e-01,  3.094831e-01, -6.607176e-02, -2.649709e-01,  2.812304e-01],
 [ 4.641672e-01,  4.223897e-01, -9.147263e-02, -2.041064e-01,  2.200097e-01],
 [ 3.471883e-01,  1.818955e-01,  2.393499e-06,  1.127076e-01,  2.603400e-01],
 [ 2.464444e-01,  4.539116e-01, -1.904933e-01,  2.300386e-01,  1.332042e-01],
 [ 3.085512e-01,  4.828054e-01, -1.039100e-01,  2.028322e-01,  1.874320e-01],
 [ 1.117430e-02, -9.290942e-02,  7.448083e-02, -2.531213e-04, -1.433766e-01],
 [-6.309927e-02, -1.722967e-01,  7.810334e-02,  2.470484e-02,  6.693904e-02],
 [-9.322824e-02, -1.422672e-01,  6.260385e-02,  8.244553e-03,  6.807874e-02],
 [ 2.731394e+00,  3.357107e+00, -9.316599e-01, -3.169057e+00, -3.667458e+00]]
energy_short: [-0.9138  ,  0.454747,  0.442954, -0.374595, -0.305065, -0.326387, -0.493099, -0.502774, -0.524218, -0.610334,  0.46627 ,  0.456493, -0.583242]
energy_long: [0.172827, 0.047977, 0.047165, 0.396522, 0.258036, 0.253003, 0.274536, 0.334972, 0.420267, 0.400072, 0.051022, 0.049344, 0.278742]