step=1509885, graph_id=0, num_atoms=13
scalar_charges: [ 0.943495, -2.816888, -2.821983,  0.982679,  0.975899,  0.976924,  0.976477,  0.973906,  0.972987,  0.966639, -2.809717, -2.814498,  0.975128]
spherical_charges_l0: [[-1.495261],
 [ 0.023502],
 [ 0.013903],
 [-0.020578],
 [ 0.122405],
 [ 0.024617],
 [-0.188916],
 [-0.084155],
 [-0.028957],
 [-0.052282],
 [ 0.016925],
 [ 0.017246],
 [-1.394775]]
spherical_charges_l1: [[-1.091027e-02, -1.857625e+00, -1.083809e+00],
 [ 2.117935e-02, -1.291219e-02,  3.024991e-03],
 [-1.886957e-02, -4.873545e-03, -1.289067e-02],
 [ 1.296680e-01, -5.479190e-01, -1.039214e-01],
 [-1.824560e-02,  1.419032e-02, -1.494109e-02],
 [-2.049980e-02, -2.918632e-02, -4.255310e-02],
 [-1.862220e-03,  5.388102e-03, -3.542209e-03],
 [ 1.014689e-02,  6.853269e-04, -4.320998e-02],
 [-1.615585e-03, -2.212860e-02, -4.509655e-02],
 [-1.974173e-01,  4.512201e-01, -1.745518e-01],
 [ 3.851709e-03,  2.313663e-02, -1.123052e-02],
 [-2.218045e-02,  3.439671e-03, -2.448641e-03],
 [-1.038181e+00,  1.467901e+00, -1.047680e+00]]
spherical_charges_l2: [[ 1.873833e+00, -1.385175e+00,  2.415588e+00,  7.899304e-01, -1.605806e+00],
 [-5.847104e-02,  2.793598e-02, -4.182008e-02,  1.853802e-02,  2.337085e-02],
 [-6.300808e-02,  3.626514e-02, -3.959301e-02,  2.400943e-02,  2.658354e-02],
 [-7.174636e-02,  6.706707e-02,  4.663915e-02,  2.425914e-02,  2.905547e-02],
 [ 2.412971e-01,  1.521973e-01, -3.881088e-02, -1.369773e-01,  1.359904e-01],
 [ 2.331069e-01,  2.196822e-01, -5.714797e-02, -1.056544e-01,  1.064151e-01],
 [ 1.861763e-01,  8.727054e-02,  1.911475e-03,  5.971252e-02,  1.310934e-01],
 [ 1.262015e-01,  2.398379e-01, -9.634363e-02,  1.089107e-01,  6.380287e-02],
 [ 1.544199e-01,  2.465738e-01, -5.526119e-02,  1.055927e-01,  8.524884e-02],
 [-6.935544e-04, -6.307486e-02,  5.485651e-02,  2.252993e-02, -2.388142e-02],
 [-4.036693e-02, -8.371501e-02,  3.750325e-02,  8.894562e-03,  3.534382e-02],
 [-3.727177e-02, -7.292952e-02,  3.258198e-02,  7.465957e-03,  3.172846e-02],
 [ 1.570304e+00,  1.946348e+00, -5.355589e-01, -1.799267e+00, -2.082546e+00]]
energy_short: [-0.979825,  0.604785,  0.594009, -0.435645, -0.330805, -0.355085, -0.53093 , -0.53264 , -0.549506, -0.655766,  0.620625,  0.60962 , -0.677058]
energy_long: [0.143939, 0.053805, 0.054533, 0.349696, 0.223697, 0.247353, 0.270035, 0.304382, 0.374602, 0.348157, 0.058088, 0.056569, 0.254278]