step=925155, graph_id=0, num_atoms=13
scalar_charges: [ 1.576666, -4.825988, -4.844404,  1.643354,  1.652223,  1.650661,  1.635477,  1.635848,  1.633969,  1.623353, -4.823098, -4.832729,  1.625245]
spherical_charges_l0: [[-2.352933],
 [ 0.047726],
 [ 0.032385],
 [-0.043496],
 [ 0.160134],
 [ 0.033997],
 [-0.254402],
 [-0.118571],
 [-0.052435],
 [-0.098333],
 [ 0.037266],
 [ 0.036857],
 [-2.247452]]
spherical_charges_l1: [[-8.801454e-02, -3.042152e+00, -1.753384e+00],
 [ 1.593270e-02, -1.137096e-02, -7.192356e-04],
 [-1.260018e-02, -7.694587e-03, -1.302043e-02],
 [ 2.347090e-01, -1.038526e+00, -2.510106e-01],
 [-3.049473e-02,  2.292219e-02, -3.142662e-02],
 [-4.794347e-02, -4.320689e-02, -7.654171e-02],
 [ 1.009031e-03,  7.545447e-03, -2.811582e-03],
 [ 2.475460e-02,  5.331740e-05, -8.030215e-02],
 [-7.755133e-03, -4.051751e-02, -8.770314e-02],
 [-3.747838e-01,  8.161703e-01, -3.604843e-01],
 [-1.376871e-02,  2.097061e-02, -1.079758e-02],
 [-1.267491e-02,  1.531059e-02, -7.976659e-03],
 [-1.751184e+00,  2.475608e+00, -1.694615e+00]]
spherical_charges_l2: [[ 3.137974e+00, -2.449841e+00,  4.120217e+00,  1.364205e+00, -2.817472e+00],
 [-1.244190e-01,  5.808533e-02, -9.090384e-02,  3.586975e-02,  5.043718e-02],
 [-1.286845e-01,  6.995000e-02, -7.758933e-02,  5.175173e-02,  4.914941e-02],
 [-1.076776e-01,  8.580306e-02,  1.455040e-01,  4.403426e-02, -2.054215e-03],
 [ 4.145509e-01,  2.597445e-01, -3.255243e-02, -2.191265e-01,  2.357366e-01],
 [ 4.089360e-01,  3.644525e-01, -5.135795e-02, -1.575900e-01,  2.034728e-01],
 [ 3.223837e-01,  1.887248e-01, -1.021876e-03,  1.000358e-01,  2.447722e-01],
 [ 2.307227e-01,  4.061579e-01, -1.698022e-01,  1.977080e-01,  1.406333e-01],
 [ 2.747393e-01,  4.240022e-01, -9.424000e-02,  2.011233e-01,  1.751970e-01],
 [ 1.687665e-02, -7.670395e-02,  6.675522e-02,  1.727213e-02, -1.094611e-01],
 [-6.575704e-02, -1.606634e-01,  7.276329e-02,  1.722282e-02,  6.122682e-02],
 [-7.824078e-02, -1.388881e-01,  6.194090e-02,  8.689737e-03,  5.968054e-02],
 [ 2.644701e+00,  3.280372e+00, -9.039332e-01, -3.126874e+00, -3.599521e+00]]
energy_short: [-0.90318 ,  0.478187,  0.464726, -0.405812, -0.321508, -0.345762, -0.514915, -0.522046, -0.542125, -0.636571,  0.491586,  0.480484, -0.577209]
energy_long: [0.180947, 0.051827, 0.051942, 0.388938, 0.230762, 0.262846, 0.277789, 0.322667, 0.409738, 0.387358, 0.055099, 0.053752, 0.285349]