step=3095865, graph_id=0, num_atoms=13
scalar_charges: [ 0.596593, -1.912468, -1.914305,  0.598503,  0.594781,  0.595785,  0.597693,  0.596893,  0.596768,  0.594809, -1.911169, -1.91274 ,  0.600237]
spherical_charges_l0: [[-0.936442],
 [ 0.013534],
 [ 0.007273],
 [-0.018623],
 [ 0.082533],
 [ 0.019877],
 [-0.126827],
 [-0.049356],
 [-0.012441],
 [-0.027163],
 [ 0.010343],
 [ 0.009417],
 [-0.893093]]
spherical_charges_l1: [[-9.592723e-03, -1.059905e+00, -6.162009e-01],
 [ 3.174745e-03, -3.610682e-03, -1.156726e-03],
 [-4.435252e-03, -3.207704e-03, -4.425439e-03],
 [ 7.576475e-02, -3.094663e-01, -5.857795e-02],
 [-1.322600e-02,  7.315534e-03, -8.708925e-03],
 [-1.106379e-02, -1.644034e-02, -2.309822e-02],
 [-2.580764e-03,  3.725173e-03, -4.808348e-03],
 [ 5.521787e-03,  8.602425e-04, -2.378988e-02],
 [-4.560740e-04, -1.123238e-02, -2.496609e-02],
 [-1.093097e-01,  2.527310e-01, -9.765772e-02],
 [-4.241730e-03,  5.591936e-03, -2.895494e-03],
 [-2.715438e-03,  4.651692e-03, -2.381494e-03],
 [-5.964836e-01,  8.381685e-01, -5.982282e-01]]
spherical_charges_l2: [[ 1.068552, -0.801191,  1.396557,  0.471559, -0.931068],
 [-0.037059,  0.021918, -0.025783,  0.012994,  0.016085],
 [-0.038015,  0.019906, -0.025286,  0.012572,  0.01593 ],
 [-0.042764,  0.030238,  0.031923,  0.011767,  0.010151],
 [ 0.151709,  0.098295, -0.023381, -0.082166,  0.083692],
 [ 0.138998,  0.131304, -0.025785, -0.061589,  0.069942],
 [ 0.109858,  0.049165,  0.001715,  0.035968,  0.076745],
 [ 0.073811,  0.141952, -0.056923,  0.066684,  0.041071],
 [ 0.092731,  0.147965, -0.035001,  0.063306,  0.055001],
 [-0.002338, -0.029888,  0.029717,  0.008828, -0.019553],
 [-0.020791, -0.049009,  0.02199 ,  0.007483,  0.021087],
 [-0.024263, -0.041764,  0.018459,  0.004337,  0.019905],
 [ 0.9121  ,  1.107796, -0.300209, -1.052845, -1.218507]]
energy_short: [-1.078359,  0.829288,  0.815477, -0.567316, -0.365433, -0.397909, -0.588768, -0.577766, -0.588537, -0.75093 ,  0.837345,  0.827833, -0.790947]
energy_long: [0.135393, 0.064108, 0.063584, 0.337012, 0.206518, 0.236115, 0.250405, 0.290668, 0.362016, 0.334672, 0.067113, 0.065796, 0.240184]