step=728910, graph_id=0, num_atoms=13
scalar_charges: [ 1.830922, -6.272521, -6.286493,  1.953615,  1.972908,  1.968521,  1.937066,  1.939166,  1.935971,  1.920431, -6.265174, -6.275061,  1.916415]
spherical_charges_l0: [[-2.53703 ],
 [ 0.042545],
 [ 0.028047],
 [-0.078391],
 [ 0.174171],
 [ 0.041583],
 [-0.301045],
 [-0.145283],
 [-0.075465],
 [-0.129623],
 [ 0.031484],
 [ 0.0318  ],
 [-2.504652]]
spherical_charges_l1: [[-6.333686e-02, -3.422913e+00, -1.977925e+00],
 [ 1.930886e-02, -4.120563e-03,  3.518370e-03],
 [-1.096978e-02, -2.967146e-03, -1.046605e-02],
 [ 2.936043e-01, -1.409253e+00, -3.510231e-01],
 [-2.041502e-02,  3.276841e-02, -1.537810e-02],
 [-4.113210e-02, -5.415033e-02, -7.653177e-02],
 [ 6.066035e-03,  1.080324e-02,  8.992346e-03],
 [ 2.063734e-02,  5.360902e-03, -7.807986e-02],
 [-2.803155e-03, -4.433727e-02, -7.946657e-02],
 [-5.311898e-01,  1.123751e+00, -5.080169e-01],
 [-2.007096e-02,  1.748774e-02, -9.322350e-03],
 [-9.511770e-03,  1.559443e-02, -8.022862e-03],
 [-1.957546e+00,  2.787250e+00, -1.915469e+00]]
spherical_charges_l2: [[ 3.282496e+00, -2.434135e+00,  4.272592e+00,  1.404955e+00, -2.841369e+00],
 [-1.081435e-01,  6.734537e-02, -7.538887e-02,  3.660801e-02,  5.293093e-02],
 [-1.362067e-01,  5.777495e-02, -8.067501e-02,  5.537578e-02,  4.288369e-02],
 [-4.108721e-02,  9.644376e-02,  2.149940e-01,  2.460170e-03, -2.760193e-02],
 [ 4.985524e-01,  3.212173e-01, -4.052539e-02, -2.698186e-01,  2.977946e-01],
 [ 4.901991e-01,  4.389164e-01, -7.611728e-02, -1.797810e-01,  2.413228e-01],
 [ 3.893018e-01,  2.688457e-01, -5.090267e-03,  1.198921e-01,  3.124214e-01],
 [ 2.891073e-01,  4.866672e-01, -1.955817e-01,  2.319432e-01,  1.734483e-01],
 [ 3.351241e-01,  5.101310e-01, -1.142547e-01,  2.494171e-01,  2.080508e-01],
 [ 7.077093e-02, -2.115062e-02,  3.486940e-02,  2.934765e-02, -1.734143e-01],
 [-5.780887e-02, -1.698594e-01,  7.780478e-02,  1.708071e-02,  5.698000e-02],
 [-9.008374e-02, -1.343302e-01,  5.959300e-02, -1.113427e-03,  5.753550e-02],
 [ 2.802916e+00,  3.453673e+00, -9.611810e-01, -3.246575e+00, -3.764140e+00]]
energy_short: [-0.907081,  0.443916,  0.433516, -0.363774, -0.305042, -0.329619, -0.504138, -0.505404, -0.524718, -0.59354 ,  0.456002,  0.446813, -0.577886]
energy_long: [0.201263, 0.052348, 0.051544, 0.388849, 0.256132, 0.274481, 0.291832, 0.335804, 0.405802, 0.389302, 0.055502, 0.053659, 0.295659]