step=1606005, graph_id=0, num_atoms=13
scalar_charges: [ 0.904367, -2.683548, -2.68861 ,  0.925637,  0.913844,  0.916502,  0.921428,  0.918396,  0.917617,  0.912614, -2.679618, -2.683322,  0.926604]
spherical_charges_l0: [[-1.358858],
 [ 0.016523],
 [ 0.009356],
 [-0.018179],
 [ 0.108511],
 [ 0.021831],
 [-0.172026],
 [-0.075281],
 [-0.026195],
 [-0.048635],
 [ 0.011242],
 [ 0.010952],
 [-1.288045]]
spherical_charges_l1: [[-1.395201e-02, -1.669394e+00, -9.813343e-01],
 [ 1.393734e-02, -6.446949e-03,  2.458489e-03],
 [-1.237362e-02, -1.607538e-03, -8.073796e-03],
 [ 1.216286e-01, -5.283967e-01, -1.089283e-01],
 [-1.309388e-02,  1.078194e-02, -1.027470e-02],
 [-2.000305e-02, -2.199008e-02, -3.787936e-02],
 [-2.184073e-03,  4.940765e-03, -4.166375e-03],
 [ 1.073134e-02, -6.207046e-04, -4.028177e-02],
 [-2.505797e-03, -1.841712e-02, -4.246864e-02],
 [-1.910817e-01,  4.279221e-01, -1.698799e-01],
 [ 6.106216e-04,  1.200514e-02, -5.883114e-03],
 [-1.035252e-02,  2.452416e-03, -1.566024e-03],
 [-9.435792e-01,  1.333388e+00, -9.452832e-01]]
spherical_charges_l2: [[ 1.696075, -1.290353,  2.243578,  0.758838, -1.507617],
 [-0.053104,  0.029286, -0.034835,  0.020068,  0.021412],
 [-0.055875,  0.029758, -0.035712,  0.020941,  0.022845],
 [-0.072706,  0.060866,  0.053064,  0.022837,  0.024204],
 [ 0.229656,  0.145607, -0.032828, -0.128274,  0.130483],
 [ 0.223127,  0.207823, -0.046548, -0.099873,  0.105398],
 [ 0.177105,  0.073053,  0.002613,  0.0573  ,  0.121071],
 [ 0.118625,  0.227587, -0.093955,  0.107868,  0.061716],
 [ 0.149112,  0.236874, -0.052081,  0.099582,  0.085748],
 [-0.002939, -0.059839,  0.051829,  0.019968, -0.027266],
 [-0.032157, -0.071236,  0.031974,  0.008896,  0.030001],
 [-0.032954, -0.062546,  0.027932,  0.005624,  0.027092],
 [ 1.448521,  1.775767, -0.489061, -1.69893 , -1.967939]]
energy_short: [-0.960218,  0.610723,  0.598605, -0.441343, -0.324659, -0.352142, -0.527026, -0.530679, -0.547396, -0.659528,  0.621317,  0.611946, -0.647819]
energy_long: [0.154115, 0.055117, 0.054598, 0.351919, 0.218123, 0.245774, 0.270975, 0.303527, 0.372234, 0.350609, 0.058456, 0.056609, 0.252544]