step=3496365, graph_id=0, num_atoms=13
scalar_charges: [ 0.592624, -1.899987, -1.900894,  0.592848,  0.588044,  0.5887  ,  0.591908,  0.591032,  0.591066,  0.590842, -1.899893, -1.900702,  0.596617]
spherical_charges_l0: [[-0.914576],
 [ 0.013508],
 [ 0.007182],
 [-0.016694],
 [ 0.080319],
 [ 0.019187],
 [-0.121824],
 [-0.046803],
 [-0.011025],
 [-0.025322],
 [ 0.010052],
 [ 0.009318],
 [-0.873843]]
spherical_charges_l1: [[-4.992535e-03, -1.037221e+00, -6.045472e-01],
 [ 3.353900e-03, -3.809781e-03, -9.922142e-04],
 [-4.448205e-03, -3.525808e-03, -4.364153e-03],
 [ 7.478283e-02, -3.026202e-01, -5.737421e-02],
 [-1.337011e-02,  7.278913e-03, -8.577891e-03],
 [-1.078636e-02, -1.608616e-02, -2.197115e-02],
 [-2.515904e-03,  3.710941e-03, -4.551268e-03],
 [ 5.940243e-03,  7.627463e-04, -2.343299e-02],
 [-8.232705e-04, -1.117018e-02, -2.508481e-02],
 [-1.066830e-01,  2.472132e-01, -9.588094e-02],
 [-4.470202e-03,  6.359513e-03, -3.276570e-03],
 [-3.300002e-03,  4.817131e-03, -2.479817e-03],
 [-5.787141e-01,  8.139903e-01, -5.856170e-01]]
spherical_charges_l2: [[ 1.035904, -0.779485,  1.365907,  0.466409, -0.914761],
 [-0.036109,  0.021826, -0.02497 ,  0.012714,  0.01595 ],
 [-0.037877,  0.019217, -0.024941,  0.0127  ,  0.015235],
 [-0.041536,  0.029643,  0.031442,  0.012254,  0.008963],
 [ 0.148728,  0.095614, -0.021553, -0.079259,  0.080569],
 [ 0.134864,  0.12668 , -0.024588, -0.059716,  0.068722],
 [ 0.105837,  0.046882,  0.001625,  0.034545,  0.073682],
 [ 0.071421,  0.136825, -0.054583,  0.064596,  0.039942],
 [ 0.089714,  0.1427  , -0.034238,  0.061593,  0.053636],
 [-0.002724, -0.029799,  0.029174,  0.007883, -0.018722],
 [-0.020241, -0.049134,  0.022115,  0.007104,  0.020437],
 [-0.024655, -0.041385,  0.018289,  0.003711,  0.019553],
 [ 0.882602,  1.070094, -0.289073, -1.031278, -1.191188]]
energy_short: [-1.123776,  0.843453,  0.829879, -0.582052, -0.373215, -0.406572, -0.600783, -0.587121, -0.596701, -0.762282,  0.852839,  0.843035, -0.841096]
energy_long: [0.135134, 0.065475, 0.064689, 0.340565, 0.211244, 0.239957, 0.257873, 0.293213, 0.363422, 0.338166, 0.068852, 0.067201, 0.242822]