step=272340, graph_id=0, num_atoms=13
scalar_charges: [  4.963503, -15.20371 , -15.193151,   4.873058,   4.888317,   4.894743,   4.94421 ,   4.94648 ,   4.951812,   4.951463, -15.239968, -15.217907,   4.908256]
spherical_charges_l0: [[-2.209146],
 [ 0.041032],
 [ 0.03508 ],
 [-0.304719],
 [-0.042916],
 [-0.14401 ],
 [-0.484644],
 [-0.344199],
 [-0.284481],
 [-0.347301],
 [ 0.028741],
 [ 0.02717 ],
 [-2.038277]]
spherical_charges_l1: [[ 1.035902e-01, -4.336932e+00, -2.416574e+00],
 [ 1.752943e-02,  7.166743e-02,  2.859198e-02],
 [ 1.363036e-02,  5.695987e-02,  1.908462e-02],
 [ 3.158294e-01, -2.754304e+00, -7.709330e-01],
 [ 8.325556e-02,  4.769352e-02,  1.152862e-01],
 [ 5.591928e-02, -6.434463e-02,  2.370406e-02],
 [-6.166751e-03,  6.549672e-03, -2.459891e-02],
 [-6.757122e-03,  2.697208e-02, -8.463834e-03],
 [ 1.525557e-02, -2.615048e-02,  1.948154e-03],
 [-1.152566e+00,  2.187482e+00, -9.752359e-01],
 [ 2.484742e-02, -4.153391e-02,  2.103476e-02],
 [ 4.535949e-02, -2.890569e-02,  1.554072e-02],
 [-2.468552e+00,  3.620931e+00, -2.419202e+00]]
spherical_charges_l2: [[ 3.800003e+00, -2.907819e+00,  5.010630e+00,  1.716232e+00, -3.397210e+00],
 [-1.432649e-01,  1.062180e-01, -1.044984e-01,  5.436879e-02,  7.969376e-02],
 [-1.970744e-01,  7.012802e-02, -1.177122e-01,  7.476387e-02,  5.981192e-02],
 [ 1.258414e-01,  1.524108e-01,  4.417899e-01, -7.816149e-03, -5.949045e-02],
 [ 7.217528e-01,  4.368832e-01, -6.196856e-02, -4.277261e-01,  4.030746e-01],
 [ 6.862918e-01,  6.584142e-01, -1.443325e-01, -2.264938e-01,  3.612368e-01],
 [ 5.387252e-01,  3.854052e-01, -1.442537e-02,  1.672759e-01,  4.369832e-01],
 [ 4.244473e-01,  7.029616e-01, -2.660431e-01,  3.360205e-01,  2.632336e-01],
 [ 4.899328e-01,  7.252535e-01, -1.817814e-01,  3.745745e-01,  2.921369e-01],
 [ 2.525643e-01,  1.476212e-01, -3.106700e-02,  4.018509e-02, -3.183783e-01],
 [-7.607292e-02, -2.461463e-01,  1.125691e-01,  3.458722e-02,  8.696935e-02],
 [-1.341785e-01, -1.880985e-01,  8.278000e-02,  8.135345e-04,  8.731847e-02],
 [ 3.190561e+00,  4.058910e+00, -1.120360e+00, -3.780327e+00, -4.254332e+00]]
energy_short: [-0.760216,  0.335556,  0.327543, -0.316297, -0.285521, -0.315624, -0.499384, -0.492493, -0.508229, -0.541642,  0.350757,  0.340218, -0.428961]
energy_long: [0.211783, 0.03637 , 0.037524, 0.391245, 0.268079, 0.277445, 0.278119, 0.356741, 0.438282, 0.393721, 0.039194, 0.038864, 0.314005]