step=3596490, graph_id=0, num_atoms=13
scalar_charges: [ 0.595748, -1.901296, -1.901811,  0.595344,  0.590608,  0.591168,  0.594435,  0.593602,  0.593673,  0.593959, -1.901807, -1.90212 ,  0.599153]
spherical_charges_l0: [[-0.905909],
 [ 0.012464],
 [ 0.006458],
 [-0.018398],
 [ 0.082136],
 [ 0.019455],
 [-0.124637],
 [-0.047598],
 [-0.011144],
 [-0.02717 ],
 [ 0.009719],
 [ 0.00867 ],
 [-0.86393 ]]
spherical_charges_l1: [[-3.982054e-03, -1.035646e+00, -6.025326e-01],
 [ 3.214740e-03, -3.338998e-03, -8.313929e-04],
 [-4.246273e-03, -3.059797e-03, -4.032458e-03],
 [ 7.461610e-02, -3.037192e-01, -5.772644e-02],
 [-1.330649e-02,  7.089412e-03, -8.496011e-03],
 [-1.068192e-02, -1.582780e-02, -2.173475e-02],
 [-2.651233e-03,  3.657197e-03, -4.918029e-03],
 [ 5.905276e-03,  6.480943e-04, -2.308115e-02],
 [-8.163225e-04, -1.095015e-02, -2.489664e-02],
 [-1.072854e-01,  2.483149e-01, -9.639058e-02],
 [-4.238251e-03,  5.440849e-03, -2.818320e-03],
 [-2.542071e-03,  4.404721e-03, -2.252005e-03],
 [-5.782585e-01,  8.127179e-01, -5.848144e-01]]
spherical_charges_l2: [[ 1.026615, -0.770591,  1.357527,  0.467152, -0.90668 ],
 [-0.034983,  0.021254, -0.024059,  0.012367,  0.015479],
 [-0.036614,  0.018355, -0.024534,  0.011966,  0.014855],
 [-0.042542,  0.030257,  0.032519,  0.013477,  0.009537],
 [ 0.149914,  0.096614, -0.0226  , -0.079476,  0.081251],
 [ 0.136393,  0.127276, -0.025127, -0.061533,  0.06954 ],
 [ 0.107663,  0.047666,  0.001707,  0.034958,  0.074681],
 [ 0.072281,  0.138736, -0.054848,  0.066211,  0.040162],
 [ 0.091176,  0.144764, -0.035117,  0.061864,  0.054127],
 [-0.003147, -0.030773,  0.030334,  0.007665, -0.018949],
 [-0.019549, -0.04743 ,  0.021333,  0.007076,  0.019929],
 [-0.023866, -0.039863,  0.017596,  0.003757,  0.019066],
 [ 0.874487,  1.057907, -0.283828, -1.024064, -1.178868]]
energy_short: [-1.124716,  0.847466,  0.833229, -0.586524, -0.374752, -0.408078, -0.60169 , -0.588647, -0.598165, -0.766478,  0.85587 ,  0.846198, -0.839687]
energy_long: [0.137499, 0.066924, 0.065841, 0.341323, 0.212277, 0.241677, 0.258189, 0.293366, 0.364157, 0.33877 , 0.069895, 0.068329, 0.243355]