step=2879595, graph_id=0, num_atoms=13
scalar_charges: [ 0.60372 , -1.9548  , -1.958064,  0.60406 ,  0.598489,  0.599967,  0.602616,  0.601397,  0.601106,  0.598813, -1.952468, -1.955025,  0.605682]
spherical_charges_l0: [[-0.928203],
 [ 0.013893],
 [ 0.007976],
 [-0.017062],
 [ 0.082228],
 [ 0.020139],
 [-0.126052],
 [-0.048487],
 [-0.011856],
 [-0.027356],
 [ 0.010558],
 [ 0.009875],
 [-0.880796]]
spherical_charges_l1: [[-2.726314e-03, -1.085591e+00, -6.335054e-01],
 [ 4.342693e-03, -4.768393e-03, -1.025056e-03],
 [-5.802471e-03, -3.350617e-03, -5.105397e-03],
 [ 7.828842e-02, -3.189199e-01, -5.937836e-02],
 [-1.195789e-02,  8.063303e-03, -7.515794e-03],
 [-1.043774e-02, -1.723131e-02, -2.297518e-02],
 [-2.629919e-03,  3.841834e-03, -4.808348e-03],
 [ 5.665829e-03,  9.383129e-04, -2.435225e-02],
 [-3.964699e-04, -1.189076e-02, -2.539654e-02],
 [-1.133250e-01,  2.616471e-01, -1.011994e-01],
 [-3.155755e-03,  7.180463e-03, -3.636936e-03],
 [-4.742147e-03,  4.370815e-03, -2.311415e-03],
 [-6.056371e-01,  8.534919e-01, -6.113824e-01]]
spherical_charges_l2: [[ 1.099312e+00, -8.228676e-01,  1.437421e+00,  4.824998e-01, -9.632738e-01],
 [-3.598177e-02,  2.064551e-02, -2.525599e-02,  1.226714e-02,  1.560812e-02],
 [-3.763171e-02,  2.016530e-02, -2.493810e-02,  1.268160e-02,  1.588255e-02],
 [-4.374289e-02,  3.480031e-02,  3.514524e-02,  1.446099e-02,  1.087454e-02],
 [ 1.495227e-01,  9.706365e-02, -2.512343e-02, -8.054781e-02,  8.106418e-02],
 [ 1.386379e-01,  1.297883e-01, -2.845313e-02, -6.365859e-02,  6.944002e-02],
 [ 1.103381e-01,  4.713277e-02,  1.802816e-03,  3.548438e-02,  7.526620e-02],
 [ 7.267469e-02,  1.413713e-01, -5.582858e-02,  6.736031e-02,  3.847501e-02],
 [ 9.271355e-02,  1.470922e-01, -3.511007e-02,  6.087866e-02,  5.321352e-02],
 [-7.187803e-04, -3.303096e-02,  3.184419e-02,  9.383536e-03, -2.007093e-02],
 [-2.125930e-02, -4.810349e-02,  2.153967e-02,  7.152681e-03,  2.101706e-02],
 [-2.336310e-02, -4.158392e-02,  1.841519e-02,  4.567570e-03,  1.958461e-02],
 [ 9.262224e-01,  1.129191e+00, -3.066615e-01, -1.078017e+00, -1.244406e+00]]
energy_short: [-1.067905,  0.802959,  0.789554, -0.556591, -0.352702, -0.385338, -0.576975, -0.566167, -0.576896, -0.742092,  0.812315,  0.802409, -0.780544]
energy_long: [0.139708, 0.062152, 0.062087, 0.334586, 0.213021, 0.229692, 0.250508, 0.285643, 0.355335, 0.333134, 0.065349, 0.06419 , 0.244981]