step=1802250, graph_id=0, num_atoms=13
scalar_charges: [ 0.821813, -2.441625, -2.445239,  0.839338,  0.82851 ,  0.83076 ,  0.835971,  0.832992,  0.832403,  0.827675, -2.437851, -2.44105 ,  0.841584]
spherical_charges_l0: [[-1.273346],
 [ 0.016018],
 [ 0.008484],
 [-0.019147],
 [ 0.102016],
 [ 0.020782],
 [-0.158042],
 [-0.06771 ],
 [-0.020272],
 [-0.040325],
 [ 0.010599],
 [ 0.010436],
 [-1.214759]]
spherical_charges_l1: [[-1.818635e-02, -1.563967e+00, -9.177153e-01],
 [ 1.122630e-02, -9.451112e-03, -4.109243e-04],
 [-1.175746e-02, -4.974801e-03, -9.313470e-03],
 [ 1.124322e-01, -4.613198e-01, -8.753818e-02],
 [-1.191187e-02,  9.838175e-03, -7.121596e-03],
 [-1.446839e-02, -2.062171e-02, -3.082697e-02],
 [-3.161712e-03,  4.093286e-03, -5.979233e-03],
 [ 7.669471e-03,  2.925470e-04, -3.274063e-02],
 [-9.647419e-04, -1.558588e-02, -3.531240e-02],
 [-1.654971e-01,  3.789329e-01, -1.484490e-01],
 [-2.215739e-03,  1.479078e-02, -7.344508e-03],
 [-1.217052e-02,  5.572611e-03, -3.157456e-03],
 [-8.833628e-01,  1.243203e+00, -8.832296e-01]]
spherical_charges_l2: [[ 1.622779e+00, -1.220220e+00,  2.120354e+00,  6.981980e-01, -1.421576e+00],
 [-4.730850e-02,  2.837866e-02, -3.106075e-02,  1.771489e-02,  2.031532e-02],
 [-5.159284e-02,  2.634712e-02, -3.335899e-02,  1.874200e-02,  2.028488e-02],
 [-5.974739e-02,  5.932797e-02,  4.541844e-02,  1.498532e-02,  2.458292e-02],
 [ 2.125444e-01,  1.338414e-01, -2.811501e-02, -1.200907e-01,  1.215995e-01],
 [ 2.027161e-01,  1.911825e-01, -3.774637e-02, -8.706379e-02,  9.842654e-02],
 [ 1.566430e-01,  7.066697e-02,  3.456263e-03,  5.231306e-02,  1.124520e-01],
 [ 1.083070e-01,  2.053817e-01, -8.480930e-02,  9.514466e-02,  5.982913e-02],
 [ 1.345472e-01,  2.143892e-01, -4.747068e-02,  9.320058e-02,  7.901693e-02],
 [ 8.161771e-04, -5.076604e-02,  4.429828e-02,  2.077816e-02, -2.397904e-02],
 [-2.764692e-02, -6.644630e-02,  2.994748e-02,  8.790292e-03,  2.706634e-02],
 [-3.225456e-02, -5.650843e-02,  2.511911e-02,  4.299799e-03,  2.520490e-02],
 [ 1.365006e+00,  1.686917e+00, -4.715063e-01, -1.576773e+00, -1.842176e+00]]
energy_short: [-0.970394,  0.620773,  0.608973, -0.47012 , -0.329449, -0.355442, -0.531231, -0.533258, -0.549018, -0.677756,  0.632515,  0.622519, -0.666883]
energy_long: [0.146692, 0.05791 , 0.058176, 0.347045, 0.212442, 0.239424, 0.267825, 0.301273, 0.368881, 0.345855, 0.061468, 0.059937, 0.251863]