step=1393740, graph_id=0, num_atoms=13
scalar_charges: [ 0.953908, -2.994756, -2.999309,  1.014748,  1.01288 ,  1.012886,  1.004725,  1.002395,  1.000616,  0.990989, -2.992573, -2.995349,  0.999166]
spherical_charges_l0: [[-1.560815],
 [ 0.023166],
 [ 0.013114],
 [-0.020838],
 [ 0.134379],
 [ 0.029756],
 [-0.188324],
 [-0.082707],
 [-0.023936],
 [-0.053343],
 [ 0.016477],
 [ 0.015641],
 [-1.47626 ]]
spherical_charges_l1: [[-2.942264e-02, -2.039918e+00, -1.185486e+00],
 [ 1.774532e-02, -1.193076e-02,  9.490900e-04],
 [-1.685206e-02, -4.726095e-03, -1.258636e-02],
 [ 1.316394e-01, -5.601242e-01, -1.156347e-01],
 [-2.689901e-02,  1.103452e-02, -2.036187e-02],
 [-2.736374e-02, -2.849589e-02, -4.977674e-02],
 [-3.345114e-03,  5.451902e-03, -8.379370e-03],
 [ 1.385716e-02, -1.023449e-03, -5.009871e-02],
 [-3.283677e-03, -2.380059e-02, -5.653084e-02],
 [-2.024545e-01,  4.566744e-01, -1.825275e-01],
 [-1.604573e-03,  1.989334e-02, -9.837023e-03],
 [-1.659235e-02,  7.125717e-03, -4.078520e-03],
 [-1.148324e+00,  1.617750e+00, -1.134269e+00]]
spherical_charges_l2: [[ 2.082085e+00, -1.551027e+00,  2.691548e+00,  8.568943e-01, -1.802525e+00],
 [-6.025968e-02,  3.044071e-02, -4.237535e-02,  1.931857e-02,  2.526656e-02],
 [-6.711292e-02,  2.902243e-02, -4.409720e-02,  2.425364e-02,  2.409296e-02],
 [-6.614574e-02,  6.265587e-02,  5.173291e-02,  1.230089e-02,  2.546488e-02],
 [ 2.733971e-01,  1.711542e-01, -4.349483e-02, -1.621591e-01,  1.558161e-01],
 [ 2.563282e-01,  2.476334e-01, -5.521141e-02, -1.054691e-01,  1.230651e-01],
 [ 2.022540e-01,  9.908435e-02,  1.341515e-03,  6.413421e-02,  1.465775e-01],
 [ 1.415705e-01,  2.628737e-01, -1.066935e-01,  1.201565e-01,  7.607014e-02],
 [ 1.736354e-01,  2.753423e-01, -6.353895e-02,  1.212270e-01,  9.733652e-02],
 [ 9.121275e-04, -5.324017e-02,  4.552321e-02,  2.675193e-02, -3.124958e-02],
 [-3.254013e-02, -8.754818e-02,  3.968360e-02,  1.223509e-02,  3.401045e-02],
 [-4.466804e-02, -7.081483e-02,  3.127861e-02,  4.138694e-03,  3.292785e-02],
 [ 1.747809e+00,  2.165377e+00, -6.144610e-01, -1.974214e+00, -2.329144e+00]]
energy_short: [-0.953349,  0.576937,  0.565208, -0.427462, -0.340446, -0.363361, -0.533045, -0.539184, -0.557464, -0.6513  ,  0.588095,  0.578272, -0.638701]
energy_long: [0.148369, 0.06303 , 0.062292, 0.368783, 0.23703 , 0.261673, 0.282568, 0.334327, 0.391936, 0.365458, 0.066746, 0.064798, 0.267749]