step=396495, graph_id=0, num_atoms=13
scalar_charges: [  3.332693, -12.416507, -12.399207,   3.371405,   3.383624,   3.382956,   3.383402,   3.385695,   3.385336,   3.372708, -12.444798, -12.427336,   3.378828]
spherical_charges_l0: [[-3.188935e+00],
 [ 5.932887e-02],
 [ 4.477344e-02],
 [-2.445761e-01],
 [ 1.349154e-01],
 [-1.064448e-03],
 [-4.418875e-01],
 [-2.348589e-01],
 [-1.630953e-01],
 [-3.108363e-01],
 [ 4.790295e-02],
 [ 4.687444e-02],
 [-3.120673e+00]]
spherical_charges_l1: [[-8.596304e-02, -4.321651e+00, -2.472502e+00],
 [ 1.547310e-02,  2.880098e-02,  1.164541e-02],
 [ 7.375821e-03,  2.335162e-02,  4.524299e-03],
 [ 4.137913e-01, -2.636408e+00, -8.384440e-01],
 [ 1.405102e-02,  2.403275e-02,  3.107373e-02],
 [-2.250607e-02, -4.413302e-02, -4.817448e-02],
 [ 5.380028e-03,  1.140656e-02,  9.646434e-04],
 [ 2.736994e-02,  9.329811e-03, -7.510323e-02],
 [-4.839991e-03, -4.729198e-02, -8.179466e-02],
 [-1.074884e+00,  2.019340e+00, -1.022868e+00],
 [-7.140320e-03, -3.106778e-02,  1.483798e-02],
 [ 3.110060e-02, -4.535364e-03,  3.138691e-03],
 [-2.503639e+00,  3.608560e+00, -2.391840e+00]]
spherical_charges_l2: [[ 4.022762, -3.028296,  5.422473,  1.787468, -3.682014],
 [-0.144315,  0.104558, -0.107911,  0.046379,  0.080709],
 [-0.182151,  0.067392, -0.116412,  0.064412,  0.057397],
 [-0.051269,  0.116487,  0.470967,  0.121081, -0.113631],
 [ 0.744139,  0.481027, -0.090576, -0.385827,  0.4236  ],
 [ 0.722198,  0.633063, -0.1079  , -0.320859,  0.382332],
 [ 0.588128,  0.34022 , -0.009387,  0.178687,  0.430864],
 [ 0.39813 ,  0.725624, -0.297107,  0.414682,  0.243969],
 [ 0.505628,  0.778709, -0.181124,  0.331143,  0.335854],
 [ 0.189624,  0.022401,  0.069848, -0.082146, -0.378544],
 [-0.083414, -0.227468,  0.103093,  0.032952,  0.088757],
 [-0.124376, -0.178268,  0.078133,  0.007506,  0.087156],
 [ 3.37519 ,  4.215405, -1.209652, -4.012238, -4.695924]]
energy_short: [-0.811366,  0.373639,  0.361316, -0.38766 , -0.316503, -0.343726, -0.524212, -0.522056, -0.540446, -0.614085,  0.385162,  0.375681, -0.485079]
energy_long: [0.243445, 0.040166, 0.039743, 0.394257, 0.257297, 0.272347, 0.308848, 0.327918, 0.43905 , 0.403076, 0.042514, 0.04162 , 0.318255]