step=1642050, graph_id=0, num_atoms=13
scalar_charges: [ 0.888682, -2.588112, -2.593283,  0.903557,  0.892023,  0.894434,  0.900666,  0.897789,  0.897307,  0.893917, -2.582584, -2.587136,  0.906045]
spherical_charges_l0: [[-1.317491],
 [ 0.019472],
 [ 0.011751],
 [-0.025462],
 [ 0.111021],
 [ 0.024211],
 [-0.16236 ],
 [-0.069907],
 [-0.020057],
 [-0.052333],
 [ 0.013672],
 [ 0.01376 ],
 [-1.243103]]
spherical_charges_l1: [[-1.439806e-02, -1.664580e+00, -9.706087e-01],
 [ 1.297892e-02, -1.125499e-02, -4.118014e-04],
 [-1.364019e-02, -4.998492e-03, -1.048216e-02],
 [ 1.152032e-01, -4.798803e-01, -8.895417e-02],
 [-1.906250e-02,  8.310997e-03, -1.526317e-02],
 [-2.281451e-02, -2.224546e-02, -4.068379e-02],
 [-3.005779e-03,  4.799607e-03, -6.239244e-03],
 [ 1.199333e-02, -1.743608e-03, -4.252476e-02],
 [-3.001107e-03, -1.938838e-02, -4.694458e-02],
 [-1.715453e-01,  3.923315e-01, -1.497815e-01],
 [-1.007911e-03,  1.676989e-02, -8.276229e-03],
 [-1.454902e-02,  5.388512e-03, -3.149307e-03],
 [-9.354156e-01,  1.323119e+00, -9.371062e-01]]
spherical_charges_l2: [[ 1.678553, -1.256256,  2.197775,  0.72359 , -1.467228],
 [-0.051791,  0.030829, -0.034309,  0.01933 ,  0.021977],
 [-0.05595 ,  0.029508, -0.035362,  0.020953,  0.022053],
 [-0.075991,  0.054678,  0.04381 ,  0.021963,  0.016826],
 [ 0.22778 ,  0.148858, -0.0365  , -0.122458,  0.132731],
 [ 0.217736,  0.198304, -0.034089, -0.102354,  0.105627],
 [ 0.168232,  0.070125,  0.004518,  0.055774,  0.117112],
 [ 0.112769,  0.219305, -0.092945,  0.108682,  0.061744],
 [ 0.145841,  0.233617, -0.051023,  0.094698,  0.087372],
 [-0.009501, -0.063876,  0.049659,  0.012905, -0.029968],
 [-0.031008, -0.072751,  0.032751,  0.00942 ,  0.029878],
 [-0.034707, -0.062117,  0.027631,  0.005199,  0.027695],
 [ 1.421251,  1.756329, -0.490264, -1.645678, -1.919268]]
energy_short: [-0.993026,  0.627561,  0.616419, -0.457546, -0.335107, -0.361941, -0.537639, -0.540711, -0.557287, -0.675159,  0.639589,  0.629995, -0.684388]
energy_long: [0.136819, 0.05674 , 0.057598, 0.34527 , 0.218051, 0.24199 , 0.270175, 0.306492, 0.369914, 0.343665, 0.06083 , 0.05947 , 0.246216]