step=1878345, graph_id=0, num_atoms=13
scalar_charges: [ 0.745519, -2.368606, -2.373942,  0.769684,  0.761344,  0.763089,  0.765688,  0.762782,  0.761975,  0.755287, -2.36501 , -2.368904,  0.769297]
spherical_charges_l0: [[-1.186643],
 [ 0.0161  ],
 [ 0.008935],
 [-0.020553],
 [ 0.097106],
 [ 0.021949],
 [-0.14513 ],
 [-0.060629],
 [-0.015572],
 [-0.041684],
 [ 0.011594],
 [ 0.010852],
 [-1.125087]]
spherical_charges_l1: [[-9.227865e-03, -1.458171e+00, -8.468580e-01],
 [ 1.245261e-02, -6.550167e-03,  1.654157e-03],
 [-1.321454e-02, -6.838655e-04, -7.993484e-03],
 [ 1.106624e-01, -4.403896e-01, -8.409338e-02],
 [-1.000392e-02,  1.039954e-02, -4.730363e-03],
 [-1.244808e-02, -1.968572e-02, -2.838476e-02],
 [-2.734864e-03,  4.113584e-03, -5.140650e-03],
 [ 6.950582e-03,  1.142022e-04, -2.981081e-02],
 [-7.123221e-04, -1.349988e-02, -3.129809e-02],
 [-1.555972e-01,  3.635687e-01, -1.420775e-01],
 [ 1.947717e-03,  1.021826e-02, -4.961406e-03],
 [-1.006053e-02,  9.412261e-04, -8.144169e-04],
 [-8.176610e-01,  1.155630e+00, -8.170082e-01]]
spherical_charges_l2: [[ 1.465952, -1.092419,  1.918134,  0.639268, -1.277725],
 [-0.046411,  0.024999, -0.030127,  0.017823,  0.018188],
 [-0.049021,  0.025157, -0.030581,  0.018912,  0.019045],
 [-0.069562,  0.045315,  0.043869,  0.025901,  0.015946],
 [ 0.18912 ,  0.120874, -0.033238, -0.110759,  0.10616 ],
 [ 0.18002 ,  0.175453, -0.040338, -0.078392,  0.085328],
 [ 0.142229,  0.062201,  0.003006,  0.047662,  0.100934],
 [ 0.096365,  0.185941, -0.075656,  0.082888,  0.05034 ],
 [ 0.119772,  0.192217, -0.043535,  0.081739,  0.065791],
 [-0.010054, -0.057519,  0.047702,  0.009541, -0.023984],
 [-0.026708, -0.061863,  0.027898,  0.007025,  0.024726],
 [-0.029051, -0.053465,  0.023883,  0.003839,  0.022802],
 [ 1.240745,  1.519057, -0.4131  , -1.440321, -1.664503]]
energy_short: [-0.997151,  0.651172,  0.637941, -0.456912, -0.312782, -0.339863, -0.522697, -0.518544, -0.532878, -0.659907,  0.66099 ,  0.651186, -0.69311 ]
energy_long: [0.141076, 0.051708, 0.051963, 0.334197, 0.207653, 0.217922, 0.252952, 0.282305, 0.35448 , 0.331547, 0.054429, 0.053461, 0.250068]