step=1966455, graph_id=0, num_atoms=13
scalar_charges: [ 0.749291, -2.335183, -2.337631,  0.765084,  0.754621,  0.756624,  0.761568,  0.758409,  0.757744,  0.752093, -2.331812, -2.334614,  0.768104]
spherical_charges_l0: [[-1.114481],
 [ 0.01745 ],
 [ 0.011058],
 [-0.017095],
 [ 0.097461],
 [ 0.023702],
 [-0.14731 ],
 [-0.060798],
 [-0.016814],
 [-0.036083],
 [ 0.012406],
 [ 0.012565],
 [-1.058416]]
spherical_charges_l1: [[-1.227118e-02, -1.379187e+00, -8.039706e-01],
 [ 1.063018e-02, -8.186771e-03,  2.353511e-04],
 [-1.140633e-02, -4.118862e-03, -8.464810e-03],
 [ 9.831912e-02, -3.971496e-01, -7.883534e-02],
 [-1.713485e-02,  7.924142e-03, -1.154388e-02],
 [-1.594026e-02, -1.895624e-02, -3.184590e-02],
 [-3.007545e-03,  3.752962e-03, -6.569289e-03],
 [ 7.951418e-03, -4.141152e-04, -3.201311e-02],
 [-1.296079e-03, -1.453906e-02, -3.479007e-02],
 [-1.397865e-01,  3.197972e-01, -1.274885e-01],
 [-1.012266e-03,  1.261506e-02, -6.232041e-03],
 [-1.115524e-02,  4.120143e-03, -2.407135e-03],
 [-7.754099e-01,  1.094303e+00, -7.735012e-01]]
spherical_charges_l2: [[ 1.435969, -1.073232,  1.846732,  0.594   , -1.230455],
 [-0.044304,  0.022854, -0.031048,  0.014745,  0.017958],
 [-0.045965,  0.02756 , -0.029773,  0.016734,  0.020393],
 [-0.056806,  0.044807,  0.038797,  0.011727,  0.020302],
 [ 0.187596,  0.121326, -0.032162, -0.107235,  0.106057],
 [ 0.180184,  0.173005, -0.038635, -0.082942,  0.08638 ],
 [ 0.142862,  0.059759,  0.002616,  0.046755,  0.098446],
 [ 0.093799,  0.184206, -0.075376,  0.086192,  0.048675],
 [ 0.118321,  0.191335, -0.042756,  0.07784 ,  0.067635],
 [-0.004315, -0.042831,  0.038888,  0.01779 , -0.020436],
 [-0.026774, -0.060355,  0.027081,  0.00811 ,  0.025653],
 [-0.0278  , -0.052457,  0.023342,  0.005731,  0.023715],
 [ 1.202402,  1.493521, -0.414783, -1.371583, -1.598274]]
energy_short: [-0.991756,  0.658683,  0.647099, -0.444788, -0.299259, -0.327122, -0.50962 , -0.50507 , -0.518657, -0.645252,  0.671231,  0.661131, -0.691614]
energy_long: [0.126866, 0.050186, 0.051033, 0.329964, 0.205118, 0.222916, 0.251879, 0.283433, 0.358338, 0.328712, 0.054585, 0.053224, 0.238577]