step=1782225, graph_id=0, num_atoms=13
scalar_charges: [ 0.823759, -2.568271, -2.570295,  0.852085,  0.845655,  0.846491,  0.847102,  0.844582,  0.84379 ,  0.838504, -2.565723, -2.567784,  0.848561]
spherical_charges_l0: [[-1.207415],
 [ 0.019741],
 [ 0.012594],
 [-0.016572],
 [ 0.107403],
 [ 0.024696],
 [-0.154591],
 [-0.063885],
 [-0.015516],
 [-0.039004],
 [ 0.015504],
 [ 0.014973],
 [-1.138563]]
spherical_charges_l1: [[-7.668226e-03, -1.511004e+00, -8.872643e-01],
 [ 1.210209e-02, -8.324817e-03,  4.742937e-04],
 [-1.265675e-02, -4.203060e-03, -9.498809e-03],
 [ 1.107858e-01, -4.486270e-01, -8.409026e-02],
 [-1.480183e-02,  7.651013e-03, -1.089327e-02],
 [-1.896470e-02, -1.935422e-02, -3.559000e-02],
 [-4.140897e-03,  3.139934e-03, -1.042868e-02],
 [ 9.763241e-03, -1.394442e-03, -3.665710e-02],
 [-1.870162e-03, -1.612850e-02, -4.087892e-02],
 [-1.566755e-01,  3.633855e-01, -1.409480e-01],
 [-1.330814e-03,  1.535537e-02, -7.591944e-03],
 [-1.279940e-02,  4.815465e-03, -2.808153e-03],
 [-8.494596e-01,  1.204321e+00, -8.601894e-01]]
spherical_charges_l2: [[ 1.544144, -1.172745,  2.030671,  0.689514, -1.360528],
 [-0.05226 ,  0.025683, -0.038533,  0.015784,  0.021553],
 [-0.053579,  0.03213 , -0.035139,  0.018912,  0.024394],
 [-0.071533,  0.048343,  0.039669,  0.015673,  0.024669],
 [ 0.214469,  0.136072, -0.030754, -0.12138 ,  0.12219 ],
 [ 0.202082,  0.192189, -0.038561, -0.088504,  0.097325],
 [ 0.15667 ,  0.064597,  0.002328,  0.051814,  0.107984],
 [ 0.105636,  0.203319, -0.085632,  0.095554,  0.056613],
 [ 0.133375,  0.213664, -0.046436,  0.091166,  0.078495],
 [-0.010359, -0.057726,  0.04894 ,  0.017933, -0.021948],
 [-0.033573, -0.06926 ,  0.030835,  0.00997 ,  0.031673],
 [-0.03128 , -0.061518,  0.027354,  0.008357,  0.02851 ],
 [ 1.304857,  1.610713, -0.440691, -1.528769, -1.761981]]
energy_short: [-0.978849,  0.6283  ,  0.617038, -0.454073, -0.332135, -0.358355, -0.53246 , -0.534219, -0.550462, -0.664927,  0.641386,  0.631061, -0.679913]
energy_long: [0.152586, 0.057019, 0.058052, 0.341533, 0.216508, 0.233319, 0.254843, 0.290994, 0.365196, 0.340333, 0.061098, 0.060025, 0.249667]