step=2831535, graph_id=0, num_atoms=13
scalar_charges: [ 0.624883, -1.95509 , -1.95817 ,  0.623578,  0.616093,  0.618034,  0.622545,  0.621216,  0.620964,  0.619458, -1.952758, -1.955273,  0.627384]
spherical_charges_l0: [[-0.941123],
 [ 0.014501],
 [ 0.00866 ],
 [-0.017187],
 [ 0.08634 ],
 [ 0.022312],
 [-0.130413],
 [-0.049454],
 [-0.011162],
 [-0.027598],
 [ 0.01162 ],
 [ 0.010661],
 [-0.892248]]
spherical_charges_l1: [[-4.159279e-03, -1.052856e+00, -6.167243e-01],
 [ 3.398555e-03, -4.009015e-03, -1.189210e-03],
 [-4.923004e-03, -3.231192e-03, -4.661752e-03],
 [ 7.715057e-02, -3.120160e-01, -5.822866e-02],
 [-1.445279e-02,  6.263671e-03, -1.049484e-02],
 [-1.309445e-02, -1.523255e-02, -2.502545e-02],
 [-2.807989e-03,  3.399880e-03, -5.906831e-03],
 [ 6.660320e-03, -9.510771e-05, -2.606048e-02],
 [-1.089221e-03, -1.184530e-02, -2.823151e-02],
 [-1.097128e-01,  2.545739e-01, -9.825641e-02],
 [-3.985927e-03,  6.020952e-03, -3.097048e-03],
 [-3.398498e-03,  4.444535e-03, -2.302662e-03],
 [-5.911244e-01,  8.322728e-01, -5.980076e-01]]
spherical_charges_l2: [[ 1.089355, -0.804737,  1.427485,  0.480117, -0.951225],
 [-0.036562,  0.020314, -0.025698,  0.012373,  0.015611],
 [-0.037256,  0.019957, -0.025072,  0.012384,  0.016005],
 [-0.042307,  0.033337,  0.033748,  0.010374,  0.010809],
 [ 0.156029,  0.101691, -0.025674, -0.084372,  0.085267],
 [ 0.144785,  0.135656, -0.02845 , -0.066076,  0.071828],
 [ 0.114267,  0.048224,  0.001774,  0.036695,  0.077771],
 [ 0.07585 ,  0.147162, -0.059316,  0.069858,  0.040148],
 [ 0.095782,  0.152925, -0.035729,  0.063715,  0.055644],
 [-0.001558, -0.031021,  0.029916,  0.010482, -0.020394],
 [-0.021249, -0.048222,  0.021593,  0.007253,  0.021107],
 [-0.023191, -0.041514,  0.018384,  0.004682,  0.019586],
 [ 0.925193,  1.125201, -0.307497, -1.068807, -1.242483]]
energy_short: [-1.093403,  0.796629,  0.782667, -0.561254, -0.352692, -0.385433, -0.578548, -0.566499, -0.576586, -0.746199,  0.805672,  0.795875, -0.804457]
energy_long: [0.133558, 0.06315 , 0.0627  , 0.333823, 0.205012, 0.229953, 0.255247, 0.281695, 0.357758, 0.333004, 0.06578 , 0.064627, 0.240349]