step=2346930, graph_id=0, num_atoms=13
scalar_charges: [ 0.664724, -2.051229, -2.054388,  0.67723 ,  0.6689  ,  0.671014,  0.675801,  0.6736  ,  0.673157,  0.668004, -2.048184, -2.05078 ,  0.678729]
spherical_charges_l0: [[-1.001959],
 [ 0.014206],
 [ 0.007822],
 [-0.01563 ],
 [ 0.08978 ],
 [ 0.021161],
 [-0.138935],
 [-0.055681],
 [-0.014488],
 [-0.030686],
 [ 0.010031],
 [ 0.009561],
 [-0.949237]]
spherical_charges_l1: [[-1.219099e-02, -1.235240e+00, -7.189503e-01],
 [ 4.525412e-03, -6.739172e-03, -2.041741e-03],
 [-6.602028e-03, -4.906264e-03, -6.430826e-03],
 [ 8.958075e-02, -3.535273e-01, -6.516652e-02],
 [-1.022500e-02,  7.763132e-03, -7.927347e-03],
 [-1.255655e-02, -1.641811e-02, -2.528202e-02],
 [-2.111044e-03,  4.149167e-03, -3.183638e-03],
 [ 6.737296e-03, -3.499134e-04, -2.662313e-02],
 [-1.275760e-03, -1.176873e-02, -2.798139e-02],
 [-1.252496e-01,  2.917735e-01, -1.126766e-01],
 [-4.405028e-03,  9.053824e-03, -4.600442e-03],
 [-5.988422e-03,  6.154089e-03, -3.230296e-03],
 [-6.913978e-01,  9.739763e-01, -6.919336e-01]]
spherical_charges_l2: [[ 1.258640e+00, -9.376133e-01,  1.611711e+00,  5.181521e-01, -1.073883e+00],
 [-3.802029e-02,  2.544525e-02, -2.513845e-02,  1.459313e-02,  1.751116e-02],
 [-4.191187e-02,  2.071477e-02, -2.752615e-02,  1.440459e-02,  1.647382e-02],
 [-5.151217e-02,  3.483790e-02,  3.691496e-02,  1.691689e-02,  1.349836e-02],
 [ 1.720324e-01,  1.101846e-01, -2.609588e-02, -9.629181e-02,  9.540839e-02],
 [ 1.586188e-01,  1.519616e-01, -3.199455e-02, -6.915715e-02,  7.901135e-02],
 [ 1.276719e-01,  5.574028e-02,  1.250568e-03,  4.054889e-02,  8.690321e-02],
 [ 8.522797e-02,  1.637243e-01, -6.589417e-02,  7.580363e-02,  4.619824e-02],
 [ 1.068294e-01,  1.704841e-01, -3.997970e-02,  7.340515e-02,  6.199212e-02],
 [-3.292995e-03, -3.822431e-02,  3.565275e-02,  1.056298e-02, -2.110119e-02],
 [-2.164884e-02, -5.336232e-02,  2.402730e-02,  7.915068e-03,  2.218254e-02],
 [-2.703006e-02, -4.486322e-02,  1.983156e-02,  3.652431e-03,  2.104168e-02],
 [ 1.052865e+00,  1.298635e+00, -3.605259e-01, -1.195314e+00, -1.397421e+00]]
energy_short: [-1.016193,  0.719604,  0.707738, -0.483311, -0.316748, -0.347269, -0.533185, -0.527193, -0.540412, -0.682613,  0.730708,  0.721082, -0.718549]
energy_long: [0.124882, 0.048948, 0.048601, 0.319063, 0.194409, 0.222705, 0.238982, 0.27578 , 0.341292, 0.317797, 0.051864, 0.0504  , 0.229937]