step=776970, graph_id=0, num_atoms=13
scalar_charges: [ 1.790715, -6.219055, -6.246096,  1.877998,  1.895756,  1.892014,  1.867183,  1.868648,  1.866602,  1.853968, -6.205333, -6.223815,  1.851292]
spherical_charges_l0: [[-2.458839],
 [ 0.045116],
 [ 0.03037 ],
 [-0.06048 ],
 [ 0.176171],
 [ 0.04995 ],
 [-0.262429],
 [-0.118515],
 [-0.052572],
 [-0.11062 ],
 [ 0.035076],
 [ 0.034992],
 [-2.304949]]
spherical_charges_l1: [[-7.043511e-02, -3.396533e+00, -1.922466e+00],
 [ 2.910598e-02, -1.715019e-02,  6.999060e-04],
 [-2.388886e-02, -5.208187e-03, -2.010497e-02],
 [ 3.262266e-01, -1.457348e+00, -3.761748e-01],
 [ 8.166167e-03,  3.726659e-02,  1.477476e-02],
 [-1.788884e-02, -5.185768e-02, -5.544283e-02],
 [ 5.075151e-03,  1.234395e-02,  1.120594e-02],
 [ 1.174155e-02,  4.571724e-03, -5.682509e-02],
 [-6.195194e-05, -3.000809e-02, -5.144642e-02],
 [-5.234159e-01,  1.118407e+00, -5.138168e-01],
 [-4.092742e-03,  3.150389e-02, -1.566865e-02],
 [-2.601470e-02,  1.218454e-02, -6.922865e-03],
 [-1.855783e+00,  2.604690e+00, -1.771440e+00]]
spherical_charges_l2: [[ 3.238855, -2.469419,  4.297223,  1.500309, -2.876721],
 [-0.117132,  0.07536 , -0.091102,  0.028201,  0.064104],
 [-0.149115,  0.059664, -0.101315,  0.049961,  0.049256],
 [-0.074537,  0.079115,  0.203613,  0.03023 , -0.035426],
 [ 0.488346,  0.308198, -0.043359, -0.275251,  0.284289],
 [ 0.472895,  0.427783, -0.069191, -0.173924,  0.233279],
 [ 0.37973 ,  0.222402, -0.004578,  0.118072,  0.288369],
 [ 0.268304,  0.465623, -0.197785,  0.229045,  0.158279],
 [ 0.315607,  0.483953, -0.107897,  0.231004,  0.19768 ],
 [ 0.06026 , -0.033193,  0.045557,  0.017202, -0.16036 ],
 [-0.063376, -0.179367,  0.081458,  0.025937,  0.06853 ],
 [-0.099464, -0.143406,  0.06272 ,  0.008257,  0.071739],
 [ 2.636753,  3.270052, -0.874315, -3.202719, -3.601842]]
energy_short: [-0.898933,  0.450847,  0.438643, -0.365804, -0.305014, -0.329405, -0.503212, -0.509092, -0.527741, -0.600247,  0.463398,  0.453333, -0.571047]
energy_long: [0.204748, 0.051426, 0.051172, 0.398164, 0.256803, 0.263945, 0.306612, 0.339382, 0.421481, 0.398821, 0.054944, 0.053148, 0.301364]