step=1145430, graph_id=0, num_atoms=13
scalar_charges: [ 1.269053, -3.723124, -3.734639,  1.3473  ,  1.348111,  1.347475,  1.335139,  1.33394 ,  1.331867,  1.323573, -3.719226, -3.725066,  1.324322]
spherical_charges_l0: [[-1.923903],
 [ 0.030322],
 [ 0.017095],
 [-0.03788 ],
 [ 0.141675],
 [ 0.014613],
 [-0.252855],
 [-0.126412],
 [-0.058033],
 [-0.08013 ],
 [ 0.022852],
 [ 0.021958],
 [-1.802532]]
spherical_charges_l1: [[-6.228676e-02, -2.603070e+00, -1.491711e+00],
 [ 2.221669e-02, -1.893256e-02, -1.139159e-03],
 [-2.047365e-02, -9.497852e-03, -1.783660e-02],
 [ 1.726400e-01, -7.729812e-01, -1.578957e-01],
 [-2.962908e-02,  1.296495e-02, -2.945149e-02],
 [-4.237335e-02, -3.317183e-02, -6.889796e-02],
 [-2.612714e-03,  6.195073e-03, -8.789547e-03],
 [ 2.093321e-02, -3.774416e-03, -6.899963e-02],
 [-6.121340e-03, -3.176896e-02, -7.722323e-02],
 [-2.762382e-01,  6.164224e-01, -2.449651e-01],
 [-8.628438e-03,  2.800258e-02, -1.406751e-02],
 [-2.188352e-02,  1.446838e-02, -7.872104e-03],
 [-1.465656e+00,  2.061672e+00, -1.432409e+00]]
spherical_charges_l2: [[ 2.558086e+00, -1.855490e+00,  3.336633e+00,  1.086718e+00, -2.243002e+00],
 [-8.538759e-02,  4.644003e-02, -5.811043e-02,  2.777937e-02,  3.749738e-02],
 [-9.494738e-02,  4.297746e-02, -6.206804e-02,  3.522423e-02,  3.376970e-02],
 [-8.628912e-02,  8.377913e-02,  9.901734e-02,  3.680057e-02,  2.363871e-02],
 [ 3.404648e-01,  2.221958e-01, -4.061353e-02, -1.838320e-01,  1.967277e-01],
 [ 3.452853e-01,  3.129817e-01, -5.313276e-02, -1.452008e-01,  1.611541e-01],
 [ 2.775568e-01,  1.496610e-01,  1.480539e-03,  8.904069e-02,  2.058744e-01],
 [ 1.894037e-01,  3.461451e-01, -1.510056e-01,  1.686661e-01,  1.113411e-01],
 [ 2.268472e-01,  3.601135e-01, -7.335757e-02,  1.606934e-01,  1.430960e-01],
 [ 7.553568e-03, -7.761946e-02,  7.009269e-02,  1.677214e-02, -6.310745e-02],
 [-4.857658e-02, -1.203012e-01,  5.444746e-02,  1.428247e-02,  4.669062e-02],
 [-6.019618e-02, -1.005692e-01,  4.462726e-02,  5.906709e-03,  4.492333e-02],
 [ 2.140598e+00,  2.646990e+00, -7.463601e-01, -2.451551e+00, -2.867973e+00]]
energy_short: [-0.942208,  0.511289,  0.49904 , -0.378754, -0.31832 , -0.33948 , -0.50875 , -0.516547, -0.537221, -0.613504,  0.523622,  0.513404, -0.613635]
energy_long: [0.183283, 0.061232, 0.060655, 0.368685, 0.243479, 0.26952 , 0.289799, 0.318946, 0.400386, 0.369119, 0.064231, 0.062385, 0.26629 ]