step=2899620, graph_id=0, num_atoms=13
scalar_charges: [ 0.620489, -1.942715, -1.945905,  0.61695 ,  0.610154,  0.611783,  0.615922,  0.614788,  0.614673,  0.613622, -1.940262, -1.942778,  0.620795]
spherical_charges_l0: [[-0.930196],
 [ 0.013417],
 [ 0.007188],
 [-0.019572],
 [ 0.082829],
 [ 0.019309],
 [-0.128329],
 [-0.05076 ],
 [-0.013965],
 [-0.030051],
 [ 0.009588],
 [ 0.009051],
 [-0.884678]]
spherical_charges_l1: [[-9.593165e-03, -1.052161e+00, -6.132911e-01],
 [ 3.201319e-03, -3.842075e-03, -1.116822e-03],
 [-4.435100e-03, -3.219401e-03, -4.333652e-03],
 [ 7.727339e-02, -3.136526e-01, -6.157974e-02],
 [-1.103960e-02,  7.585699e-03, -6.935429e-03],
 [-1.035597e-02, -1.560901e-02, -2.201273e-02],
 [-2.550365e-03,  3.688725e-03, -4.672176e-03],
 [ 5.569024e-03,  4.458088e-04, -2.322976e-02],
 [-6.187619e-04, -1.065066e-02, -2.437489e-02],
 [-1.111914e-01,  2.554188e-01, -1.010108e-01],
 [-4.686075e-03,  5.572633e-03, -2.900075e-03],
 [-2.790199e-03,  4.707930e-03, -2.410617e-03],
 [-5.925412e-01,  8.338712e-01, -5.967635e-01]]
spherical_charges_l2: [[ 1.073416, -0.805994,  1.399199,  0.464888, -0.938861],
 [-0.036023,  0.021852, -0.025241,  0.012541,  0.016071],
 [-0.03784 ,  0.019584, -0.025165,  0.012502,  0.015708],
 [-0.047265,  0.030785,  0.032235,  0.014185,  0.010488],
 [ 0.151213,  0.097297, -0.022499, -0.082518,  0.08262 ],
 [ 0.139592,  0.132359, -0.02739 , -0.061085,  0.07079 ],
 [ 0.110237,  0.049703,  0.001948,  0.036175,  0.077014],
 [ 0.075109,  0.14326 , -0.056164,  0.066636,  0.041506],
 [ 0.093316,  0.148101, -0.035374,  0.064114,  0.054706],
 [-0.004357, -0.034051,  0.032072,  0.009007, -0.019129],
 [-0.019105, -0.048543,  0.02186 ,  0.007733,  0.020316],
 [-0.02461 , -0.04078 ,  0.017984,  0.003907,  0.019674],
 [ 0.910827,  1.118669, -0.306385, -1.054244, -1.22222 ]]
energy_short: [-1.081896,  0.800613,  0.787549, -0.557281, -0.361895, -0.393594, -0.582712, -0.573051, -0.583938, -0.743564,  0.810267,  0.800602, -0.794246]
energy_long: [0.137407, 0.062846, 0.062413, 0.335542, 0.20294 , 0.235811, 0.253331, 0.288557, 0.359049, 0.332873, 0.066086, 0.064707, 0.242812]