step=1790235, graph_id=0, num_atoms=13
scalar_charges: [ 0.819646, -2.456648, -2.460792,  0.839797,  0.829782,  0.831808,  0.836272,  0.833261,  0.832553,  0.827812, -2.452545, -2.456132,  0.840569]
spherical_charges_l0: [[-1.285423],
 [ 0.016037],
 [ 0.0092  ],
 [-0.018868],
 [ 0.103632],
 [ 0.023343],
 [-0.156537],
 [-0.065577],
 [-0.019785],
 [-0.040706],
 [ 0.010346],
 [ 0.010594],
 [-1.239651]]
spherical_charges_l1: [[-1.442367e-02, -1.531323e+00, -8.933253e-01],
 [ 1.337935e-02, -7.391839e-03,  2.016637e-03],
 [-1.288059e-02, -2.021801e-03, -8.257104e-03],
 [ 1.134015e-01, -4.555113e-01, -8.577219e-02],
 [-1.631069e-02,  1.008205e-02, -1.168984e-02],
 [-1.800425e-02, -2.170011e-02, -3.525376e-02],
 [-2.526869e-03,  4.721560e-03, -4.910041e-03],
 [ 9.708232e-03, -4.288347e-04, -3.748536e-02],
 [-1.828521e-03, -1.755944e-02, -4.016728e-02],
 [-1.577361e-01,  3.693909e-01, -1.428145e-01],
 [ 1.083099e-03,  1.331904e-02, -6.507790e-03],
 [-1.171437e-02,  2.290079e-03, -1.528935e-03],
 [-8.744125e-01,  1.231470e+00, -8.701606e-01]]
spherical_charges_l2: [[ 1.621842e+00, -1.195889e+00,  2.097357e+00,  6.715112e-01, -1.396825e+00],
 [-5.093886e-02,  2.880316e-02, -3.440151e-02,  1.839081e-02,  2.130767e-02],
 [-5.368838e-02,  3.024447e-02, -3.481027e-02,  1.955751e-02,  2.293386e-02],
 [-5.996222e-02,  5.513349e-02,  4.999179e-02,  2.367958e-02,  2.089876e-02],
 [ 2.155185e-01,  1.355587e-01, -2.980182e-02, -1.158648e-01,  1.225754e-01],
 [ 2.056629e-01,  1.915337e-01, -3.656786e-02, -9.301888e-02,  1.008447e-01],
 [ 1.609052e-01,  7.152706e-02,  2.751453e-03,  5.234221e-02,  1.122483e-01],
 [ 1.076015e-01,  2.085901e-01, -8.649118e-02,  1.002484e-01,  5.917525e-02],
 [ 1.343895e-01,  2.166250e-01, -4.797335e-02,  9.054258e-02,  8.089084e-02],
 [ 3.805775e-04, -5.301899e-02,  4.684566e-02,  1.403491e-02, -2.593124e-02],
 [-2.852882e-02, -6.873493e-02,  3.094452e-02,  9.678241e-03,  2.848147e-02],
 [-3.241708e-02, -5.919866e-02,  2.632528e-02,  5.714970e-03,  2.669535e-02],
 [ 1.375584e+00,  1.696782e+00, -4.785796e-01, -1.556758e+00, -1.838657e+00]]
energy_short: [-1.007524,  0.623655,  0.611691, -0.457803, -0.325704, -0.352474, -0.52653 , -0.530094, -0.546459, -0.670078,  0.634857,  0.625059, -0.699248]
energy_long: [0.144536, 0.0593  , 0.059725, 0.349812, 0.214693, 0.245698, 0.261433, 0.304751, 0.376712, 0.348874, 0.063291, 0.061566, 0.243593]