step=3612510, graph_id=0, num_atoms=13
scalar_charges: [ 0.599024, -1.92913 , -1.930042,  0.59986 ,  0.595616,  0.59611 ,  0.598933,  0.598153,  0.598208,  0.598127, -1.93008 , -1.930444,  0.603144]
spherical_charges_l0: [[-0.897835],
 [ 0.012755],
 [ 0.006808],
 [-0.017942],
 [ 0.081808],
 [ 0.020029],
 [-0.124398],
 [-0.04738 ],
 [-0.010992],
 [-0.026169],
 [ 0.009841],
 [ 0.008892],
 [-0.856931]]
spherical_charges_l1: [[-6.303441e-03, -1.028764e+00, -5.995495e-01],
 [ 3.241303e-03, -3.756538e-03, -9.849921e-04],
 [-4.247156e-03, -3.500700e-03, -4.214433e-03],
 [ 7.471339e-02, -3.050228e-01, -5.808676e-02],
 [-1.297660e-02,  7.538477e-03, -8.179824e-03],
 [-1.047201e-02, -1.628281e-02, -2.162044e-02],
 [-2.431863e-03,  3.828961e-03, -4.163451e-03],
 [ 5.818818e-03,  9.739322e-04, -2.318455e-02],
 [-7.809254e-04, -1.117935e-02, -2.470573e-02],
 [-1.078790e-01,  2.490454e-01, -9.661771e-02],
 [-4.315883e-03,  6.319143e-03, -3.251039e-03],
 [-3.177481e-03,  4.766040e-03, -2.450241e-03],
 [-5.756626e-01,  8.091410e-01, -5.812218e-01]]
spherical_charges_l2: [[ 1.015327, -0.75799 ,  1.337778,  0.459608, -0.892683],
 [-0.035747,  0.021571, -0.024527,  0.012736,  0.015625],
 [-0.037274,  0.019261, -0.02472 ,  0.012374,  0.01528 ],
 [-0.0418  ,  0.030269,  0.032175,  0.011811,  0.008919],
 [ 0.149305,  0.096418, -0.022607, -0.079273,  0.080746],
 [ 0.136764,  0.127977, -0.025442, -0.060825,  0.069305],
 [ 0.107344,  0.048972,  0.001832,  0.035114,  0.07547 ],
 [ 0.073175,  0.139269, -0.055025,  0.06526 ,  0.040638],
 [ 0.091396,  0.14494 , -0.034994,  0.0627  ,  0.053913],
 [-0.003073, -0.029989,  0.029365,  0.00852 , -0.019442],
 [-0.020479, -0.048686,  0.021878,  0.007139,  0.020583],
 [-0.024181, -0.04115 ,  0.01819 ,  0.003952,  0.019484],
 [ 0.865642,  1.049034, -0.281919, -1.009839, -1.16196 ]]
energy_short: [-1.129312,  0.850531,  0.83657 , -0.586636, -0.376338, -0.410167, -0.604373, -0.591094, -0.600621, -0.767346,  0.859903,  0.849939, -0.846485]
energy_long: [0.140766, 0.065284, 0.064384, 0.338303, 0.209102, 0.239217, 0.256026, 0.290893, 0.361138, 0.335672, 0.068532, 0.066886, 0.242467]