step=2511135, graph_id=0, num_atoms=13
scalar_charges: [ 0.671075, -2.027441, -2.029324,  0.66823 ,  0.658653,  0.660778,  0.667613,  0.665631,  0.665516,  0.663794, -2.025893, -2.02735 ,  0.674428]
spherical_charges_l0: [[-0.976595],
 [ 0.015064],
 [ 0.008852],
 [-0.014346],
 [ 0.089652],
 [ 0.022301],
 [-0.135704],
 [-0.052899],
 [-0.013218],
 [-0.028914],
 [ 0.011302],
 [ 0.010651],
 [-0.920214]]
spherical_charges_l1: [[-4.481979e-03, -1.152168e+00, -6.681423e-01],
 [ 4.437184e-03, -5.711333e-03, -1.524553e-03],
 [-6.245605e-03, -4.556183e-03, -5.933640e-03],
 [ 8.567326e-02, -3.408232e-01, -6.605099e-02],
 [-1.420366e-02,  7.020773e-03, -8.815212e-03],
 [-1.196688e-02, -1.620213e-02, -2.488905e-02],
 [-3.071583e-03,  3.276666e-03, -6.601197e-03],
 [ 6.517775e-03, -3.205403e-05, -2.629627e-02],
 [-6.535914e-04, -1.232180e-02, -2.874344e-02],
 [-1.197088e-01,  2.763080e-01, -1.093357e-01],
 [-4.290977e-03,  9.235254e-03, -4.683873e-03],
 [-5.980131e-03,  5.827781e-03, -3.068520e-03],
 [-6.390097e-01,  9.013168e-01, -6.443374e-01]]
spherical_charges_l2: [[ 1.164088, -0.867213,  1.518605,  0.505387, -1.014068],
 [-0.038689,  0.02177 , -0.027118,  0.013337,  0.016405],
 [-0.039569,  0.022126, -0.026049,  0.013584,  0.017177],
 [-0.053983,  0.032838,  0.033792,  0.014684,  0.01146 ],
 [ 0.164488,  0.105991, -0.026072, -0.091379,  0.092369],
 [ 0.154015,  0.146233, -0.031782, -0.067863,  0.077587],
 [ 0.120793,  0.05424 ,  0.002409,  0.039398,  0.084918],
 [ 0.082738,  0.157983, -0.061735,  0.074168,  0.044992],
 [ 0.103757,  0.164339, -0.039554,  0.070377,  0.059482],
 [-0.006281, -0.039068,  0.035979,  0.009309, -0.02107 ],
 [-0.022852, -0.051787,  0.0232  ,  0.007573,  0.022492],
 [-0.024646, -0.044594,  0.019774,  0.004919,  0.020786],
 [ 0.981558,  1.196324, -0.323681, -1.13672 , -1.312125]]
energy_short: [-0.998887,  0.74184 ,  0.729591, -0.509328, -0.32379 , -0.353022, -0.539239, -0.531806, -0.54441 , -0.701926,  0.753497,  0.743476, -0.708525]
energy_long: [0.124386, 0.052   , 0.051871, 0.320755, 0.192372, 0.218361, 0.240975, 0.267261, 0.340968, 0.319049, 0.0554  , 0.05395 , 0.225623]