step=180225, graph_id=0, num_atoms=13
scalar_charges: [  5.638547, -16.618874, -16.60949 ,   5.572967,   5.603062,   5.604123,   5.638066,   5.641364,   5.647443,   5.638498, -16.653004, -16.634998,   5.607483]
spherical_charges_l0: [[-2.492807e+00],
 [ 1.347866e-02],
 [ 9.151246e-03],
 [-4.065777e-01],
 [-1.743740e-01],
 [-2.218548e-01],
 [-4.847360e-01],
 [-3.802123e-01],
 [-3.428864e-01],
 [-4.320419e-01],
 [-1.321808e-02],
 [-1.850837e-03],
 [-2.467848e+00]]
spherical_charges_l1: [[ 2.046926e-01, -3.461168e+00, -1.957883e+00],
 [ 1.968448e-02,  9.828624e-02,  3.966508e-02],
 [ 1.272735e-02,  6.931110e-02,  2.256588e-02],
 [ 2.956693e-01, -3.614155e+00, -1.245829e+00],
 [ 6.363171e-02,  2.649442e-02,  5.664163e-02],
 [ 1.231435e-02, -5.302129e-02, -5.209964e-03],
 [ 1.580919e-03,  4.134467e-03, -1.494286e-02],
 [ 1.207767e-02,  1.943454e-02, -4.453094e-02],
 [ 7.304678e-04, -3.667381e-02, -3.063836e-02],
 [-1.607001e+00,  2.795059e+00, -1.404088e+00],
 [ 3.629776e-02, -4.365223e-02,  2.243975e-02],
 [ 4.771195e-02, -4.333741e-02,  2.268285e-02],
 [-1.963537e+00,  2.950183e+00, -2.047684e+00]]
spherical_charges_l2: [[ 3.004992e+00, -2.497727e+00,  4.751651e+00,  2.219674e+00, -3.253216e+00],
 [-1.274212e-01,  8.281302e-02, -9.917124e-02,  4.655373e-02,  6.391566e-02],
 [-1.563139e-01,  7.011734e-02, -8.687627e-02,  5.995413e-02,  5.340308e-02],
 [-7.013306e-04,  1.830189e-01,  4.806385e-01,  1.009530e-01, -1.076895e-01],
 [ 7.351424e-01,  4.770184e-01, -1.280851e-01, -3.501768e-01,  3.953262e-01],
 [ 7.496890e-01,  6.308244e-01, -1.205438e-01, -3.218697e-01,  4.051217e-01],
 [ 5.393897e-01,  3.765857e-01, -3.487017e-03,  1.692750e-01,  4.434817e-01],
 [ 4.363425e-01,  7.376933e-01, -2.686840e-01,  3.936893e-01,  2.622090e-01],
 [ 5.263256e-01,  7.625339e-01, -2.009876e-01,  3.431376e-01,  3.129192e-01],
 [ 2.501017e-01,  6.592565e-02,  2.247742e-02, -2.741799e-02, -3.908297e-01],
 [-9.421830e-02, -2.178414e-01,  9.814199e-02,  2.468456e-02,  8.716730e-02],
 [-1.049047e-01, -1.761189e-01,  7.851148e-02,  6.846319e-03,  7.517873e-02],
 [ 2.827517e+00,  3.260157e+00, -7.351793e-01, -3.950056e+00, -4.136785e+00]]
energy_short: [-0.734603,  0.309277,  0.302434, -0.248028, -0.214231, -0.247965, -0.438853, -0.424599, -0.438202, -0.46517 ,  0.323508,  0.313693, -0.40433 ]
energy_long: [0.196042, 0.025199, 0.027086, 0.349571, 0.211772, 0.260238, 0.246406, 0.309023, 0.381442, 0.356653, 0.027989, 0.028701, 0.275874]