step=909135, graph_id=0, num_atoms=13
scalar_charges: [ 1.469683, -4.817699, -4.836841,  1.570147,  1.58127 ,  1.578595,  1.55574 ,  1.556079,  1.55336 ,  1.541326, -4.814497, -4.825189,  1.537905]
spherical_charges_l0: [[-2.141935],
 [ 0.041213],
 [ 0.026746],
 [-0.039831],
 [ 0.167383],
 [ 0.03943 ],
 [-0.257923],
 [-0.117126],
 [-0.049923],
 [-0.092829],
 [ 0.028117],
 [ 0.029033],
 [-2.032587]]
spherical_charges_l1: [[-8.575742e-02, -3.052712e+00, -1.791568e+00],
 [ 2.104576e-02, -1.494973e-02, -1.141504e-03],
 [-1.816629e-02, -5.006444e-03, -1.595239e-02],
 [ 2.538403e-01, -1.098138e+00, -2.461931e-01],
 [-1.430619e-02,  2.391700e-02, -1.239497e-02],
 [-3.510411e-02, -4.332358e-02, -6.649389e-02],
 [ 2.558589e-03,  8.348499e-03,  1.785068e-03],
 [ 1.930343e-02,  3.236905e-04, -6.839570e-02],
 [-3.749857e-03, -3.580684e-02, -7.159462e-02],
 [-3.872362e-01,  8.735409e-01, -3.705808e-01],
 [-1.419979e-02,  2.230357e-02, -1.148017e-02],
 [-1.517560e-02,  1.589670e-02, -8.362562e-03],
 [-1.769750e+00,  2.491352e+00, -1.719120e+00]]
spherical_charges_l2: [[ 2.911443e+00, -2.222658e+00,  3.857827e+00,  1.335786e+00, -2.639908e+00],
 [-1.045723e-01,  5.317583e-02, -7.544132e-02,  3.081327e-02,  4.480716e-02],
 [-1.139977e-01,  5.444156e-02, -7.159406e-02,  4.367177e-02,  4.057382e-02],
 [-1.034779e-01,  8.343411e-02,  1.389773e-01,  4.613409e-02,  3.807433e-03],
 [ 4.243476e-01,  2.689258e-01, -3.197103e-02, -2.243772e-01,  2.435134e-01],
 [ 4.170815e-01,  3.701766e-01, -6.097773e-02, -1.660859e-01,  2.078348e-01],
 [ 3.248838e-01,  1.849496e-01, -3.791518e-03,  9.978434e-02,  2.419558e-01],
 [ 2.338545e-01,  4.122939e-01, -1.682940e-01,  2.022539e-01,  1.358703e-01],
 [ 2.800938e-01,  4.280523e-01, -9.634355e-02,  1.983934e-01,  1.734756e-01],
 [ 2.358011e-02, -7.038685e-02,  7.126641e-02,  1.680171e-02, -1.013563e-01],
 [-5.317806e-02, -1.405075e-01,  6.380653e-02,  1.694480e-02,  5.272434e-02],
 [-7.122595e-02, -1.177869e-01,  5.225792e-02,  6.450417e-03,  5.260523e-02],
 [ 2.473254e+00,  3.032739e+00, -8.160051e-01, -2.962969e+00, -3.354724e+00]]
energy_short: [-0.920195,  0.469677,  0.457172, -0.366953, -0.303567, -0.326368, -0.495507, -0.50347 , -0.524081, -0.602187,  0.482915,  0.472177, -0.58973 ]
energy_long: [0.179713, 0.049897, 0.050434, 0.383814, 0.247262, 0.242342, 0.274824, 0.311271, 0.40408 , 0.383756, 0.053339, 0.052129, 0.273824]