step=1417770, graph_id=0, num_atoms=13
scalar_charges: [  1.143706,  -0.327519,  -0.26843 , -20.881227,   1.18418 ,   1.077322,   1.009479,   1.021094,   1.092391, -17.197475,  -0.44511 ,  -0.34827 ,   1.128   ]
spherical_charges_l0: [[-1.277102e-01],
 [ 6.456860e-05],
 [-2.178137e-04],
 [-2.951394e+00],
 [-4.874846e-01],
 [-1.131281e-01],
 [-2.565474e-02],
 [-5.259386e-02],
 [-2.669974e-01],
 [-3.623499e+00],
 [-5.966371e-05],
 [-3.960307e-04],
 [-1.370477e-01]]
spherical_charges_l1: [[-9.762811e-03,  2.732263e-02,  6.101456e-03],
 [-4.044844e-05, -3.080383e-04, -4.376689e-05],
 [-1.400394e-04,  3.966112e-05, -1.461843e-04],
 [-1.362236e-01,  1.180034e+00,  5.360843e-01],
 [-3.384761e-02,  9.470817e-02, -2.036109e-02],
 [ 5.110891e-02,  6.786967e-02,  6.922142e-03],
 [-3.268101e-03,  2.809341e-03, -6.296717e-03],
 [-9.319647e-03, -2.077552e-02, -7.691720e-03],
 [ 6.413352e-03, -8.228861e-02, -2.923704e-02],
 [ 9.259521e-01, -1.555554e+00,  4.060172e-01],
 [-3.673267e-04,  4.835606e-04, -2.809865e-04],
 [-2.824933e-04,  3.579661e-04, -2.032083e-04],
 [ 2.687238e-02, -4.982674e-02,  2.341724e-02]]
spherical_charges_l2: [[-8.595756e-02,  8.163155e-02, -4.278233e-01, -1.968006e-01,  2.602538e-01],
 [-4.918041e-05,  9.654903e-06, -4.506288e-04, -6.190588e-04,  5.731104e-04],
 [-6.262832e-04, -2.803692e-04, -8.888400e-04, -5.549485e-04,  3.455057e-04],
 [-1.021941e-01,  3.485695e+00,  1.039007e+01,  4.527355e+00, -2.378177e+00],
 [-8.566380e-02, -5.932572e-01, -1.055140e+00, -6.108501e-01,  1.820743e-01],
 [-2.401602e-01,  6.808362e-02,  1.469594e-01,  1.101664e-01, -9.478317e-02],
 [ 8.591107e-02, -2.064532e-01, -2.663620e-02, -4.646739e-02, -1.319039e-01],
 [-6.945607e-02,  8.511776e-02,  1.419848e-02,  1.931963e-01, -1.080892e-01],
 [-1.389784e-01, -3.103935e-01,  3.975450e-01, -1.846921e-02,  7.110510e-01],
 [ 2.811102e+00,  3.895801e+00, -3.619487e+00, -1.750941e+00, -8.280380e+00],
 [-2.123276e-05, -2.786815e-04,  6.568518e-05,  9.177400e-04,  9.348030e-04],
 [-7.125879e-04, -4.912934e-04,  1.685123e-04,  7.408485e-04,  1.159947e-03],
 [-2.361964e-01, -1.492545e-01,  2.683860e-02,  2.990278e-01,  4.005481e-01]]
energy_short: [ 0.270166, -0.716154, -0.731479,  0.461492,  0.605558,  0.64102 ,  0.515003,  0.502458,  0.460452,  0.313385, -0.694658, -0.712492,  0.549449]
energy_long: [-3.545325e-02,  1.067841e-02,  1.062556e-02, -5.254576e-01,  8.683125e-03, -2.938991e-02, -3.990351e-02, -3.572832e-02, -3.127465e-04, -5.436412e-01,  1.074412e-02,  1.068782e-02, -3.254637e-02]