step=3179970, graph_id=0, num_atoms=13
scalar_charges: [  0.700726,   0.694184,   0.702609, -35.30026 ,   1.774975,   1.45022 ,   1.52907 ,   1.616497,   1.285596, -27.229826,   0.697363,   0.697784,   0.697748]
spherical_charges_l0: [[-1.767108e-02],
 [-5.841402e-04],
 [-9.953051e-04],
 [-3.997348e+00],
 [-5.612277e-01],
 [-9.062402e-02],
 [-6.012402e-02],
 [-4.910505e-02],
 [-4.214449e-01],
 [-4.500688e+00],
 [-1.096088e-03],
 [-6.887275e-04],
 [-1.953599e-02]]
spherical_charges_l1: [[-1.941606e-03, -3.280030e-03, -6.062636e-04],
 [ 9.375402e-05, -9.688140e-06,  2.991819e-05],
 [-3.105317e-04,  1.258994e-04, -1.049672e-04],
 [-1.031909e-01,  8.977697e-01,  4.490220e-01],
 [-1.623192e-02,  6.801830e-02, -1.361205e-02],
 [ 3.299087e-02,  2.830568e-02, -1.678323e-02],
 [-4.389226e-03, -1.374985e-03, -1.147864e-02],
 [-9.821043e-03, -2.511636e-02, -6.536356e-03],
 [ 1.602877e-02, -6.477500e-02, -8.602744e-03],
 [ 6.075191e-01, -9.327222e-01,  2.660961e-01],
 [ 2.812447e-04,  8.047400e-06,  9.426280e-05],
 [-8.772486e-05, -1.646653e-04,  1.903611e-04],
 [-6.216523e-04,  2.637389e-03,  1.658519e-03]]
spherical_charges_l2: [[-1.648409e-02,  1.234143e-02, -5.157441e-02, -2.359997e-02,  3.427127e-02],
 [ 2.859213e-05, -7.220475e-04, -2.495624e-04, -1.000576e-04, -3.862410e-04],
 [ 1.165450e-03, -1.456228e-03,  8.522981e-04, -3.194958e-04, -9.233694e-04],
 [-5.178152e-01,  2.496333e+00,  8.053110e+00,  3.816305e+00, -1.739551e+00],
 [-5.422110e-02, -4.047811e-01, -1.135840e+00, -6.295146e-01,  3.305503e-01],
 [-1.195475e-01,  9.901458e-02,  4.052980e-02,  4.960089e-02,  5.053346e-03],
 [ 1.154799e-01, -1.442082e-01, -2.657981e-02, -8.104747e-03, -4.742358e-02],
 [-1.596279e-02,  4.298322e-02,  6.458122e-02,  1.527969e-01,  9.679355e-03],
 [-1.861386e-01, -3.289571e-01,  4.152244e-01,  6.706790e-02,  7.644894e-01],
 [ 2.074525e+00,  2.720251e+00, -2.956531e+00, -1.173370e+00, -6.723200e+00],
 [ 2.893124e-04,  2.064922e-03, -2.783919e-04, -8.229378e-04, -6.979456e-04],
 [ 7.983359e-04,  1.098471e-03, -5.435805e-04, -2.261707e-04, -1.315707e-04],
 [-2.232637e-02, -1.932619e-02,  3.600312e-03,  3.550350e-02,  4.428401e-02]]
energy_short: [ 0.59136 ,  0.618041,  0.607184, -0.445213, -0.2993  , -0.252341, -0.341722, -0.385623, -0.443904, -0.51246 ,  0.625267,  0.620217,  0.799052]
energy_long: [ 0.013936,  0.012672,  0.012743, -0.609859,  0.054234,  0.021386,  0.015164,  0.020123,  0.049973, -0.623614,  0.013223,  0.013104,  0.014644]