step=3512385, graph_id=0, num_atoms=13
scalar_charges: [  1.002183,   0.700849,   0.717757, -36.503742,   1.966319,   1.491943,   1.56269 ,   1.597471,   1.650682, -28.515106,   0.720228,   0.719281,   0.964796]
spherical_charges_l0: [[-3.323165e-02],
 [ 1.874425e-05],
 [-1.065937e-04],
 [-4.416062e+00],
 [-6.341842e-01],
 [-8.656236e-02],
 [-6.311494e-02],
 [-4.052354e-02],
 [-4.672837e-01],
 [-5.040601e+00],
 [-5.752761e-04],
 [-2.777284e-04],
 [-2.831976e-02]]
spherical_charges_l1: [[-2.632613e-04,  9.324649e-03,  1.014157e-02],
 [ 9.799928e-05, -7.270393e-05, -1.338060e-05],
 [-2.212789e-04, -5.530667e-05, -1.766640e-04],
 [-8.745489e-02,  8.906376e-01,  4.159812e-01],
 [-2.328496e-02,  6.151171e-02, -1.737365e-02],
 [ 2.460742e-02,  3.235451e-02, -1.579138e-02],
 [-3.871378e-03,  1.588460e-03, -1.005191e-02],
 [-8.465665e-03, -2.352802e-02, -5.595986e-03],
 [ 1.366119e-02, -6.413516e-02, -6.819937e-03],
 [ 6.234076e-01, -9.930850e-01,  2.793982e-01],
 [ 2.756034e-05, -5.888063e-05,  5.609544e-05],
 [-4.401016e-05, -1.210204e-04,  8.937284e-05],
 [ 7.874264e-03, -7.080066e-03,  7.950261e-03]]
spherical_charges_l2: [[-1.800220e-02,  7.870598e-03, -8.504517e-02, -4.694144e-02,  5.924588e-02],
 [-2.829604e-04,  1.745861e-04,  1.747210e-04,  6.472172e-04, -1.998615e-04],
 [ 1.696187e-04, -4.654222e-04,  9.508700e-04,  4.310385e-04, -4.885134e-04],
 [-6.115406e-01,  2.760552e+00,  8.341185e+00,  3.754356e+00, -1.821887e+00],
 [-4.400472e-02, -4.197497e-01, -1.123705e+00, -5.997836e-01,  3.401341e-01],
 [-1.067465e-01,  1.045662e-01,  3.893453e-02,  4.393826e-02,  3.522820e-02],
 [ 1.144522e-01, -1.321579e-01, -2.174652e-02, -1.381951e-02, -5.844462e-02],
 [-1.396111e-02,  8.863489e-02,  7.306001e-02,  1.654319e-01,  1.346189e-02],
 [-1.835904e-01, -3.425421e-01,  4.175494e-01,  3.409085e-02,  7.521869e-01],
 [ 2.226719e+00,  2.928028e+00, -3.170789e+00, -1.076731e+00, -7.083298e+00],
 [ 1.000606e-03,  9.076759e-04, -4.714209e-05, -1.305439e-03, -1.623033e-03],
 [ 2.521466e-04,  9.291054e-04, -1.927473e-04, -1.061104e-03, -7.491547e-04],
 [-4.184347e-02, -2.533029e-02,  7.745620e-03,  5.390427e-02,  7.652543e-02]]
energy_short: [-0.315648,  0.810196,  0.78836 , -0.306874, -0.117829, -0.057076, -0.16721 , -0.199424, -0.267653, -0.370563,  0.832955,  0.813812, -0.130955]
energy_long: [ 0.009307,  0.007099,  0.007288, -0.658246,  0.049659,  0.01567 ,  0.008745,  0.013722,  0.045109, -0.671629,  0.007814,  0.007952,  0.007171]