step=2511135, graph_id=0, num_atoms=13
scalar_charges: [  0.541109,   0.446169,   0.442822, -26.631338,   1.298219,   1.098561,   1.26042 ,   1.193326,   0.925055, -22.539751,   0.446622,   0.4484  ,   0.550733]
spherical_charges_l0: [[-8.751966e-03],
 [-1.449071e-04],
 [-3.840468e-04],
 [-2.771267e+00],
 [-3.777593e-01],
 [-7.096516e-02],
 [-4.051829e-02],
 [-2.166274e-02],
 [-2.791612e-01],
 [-3.074184e+00],
 [-6.090768e-04],
 [-4.015336e-04],
 [-1.042784e-02]]
spherical_charges_l1: [[-1.685263e-03, -7.694791e-03, -3.058051e-03],
 [ 3.414637e-05,  2.605664e-05,  1.134520e-05],
 [-1.443395e-04,  3.510618e-05, -6.561122e-05],
 [-7.965779e-02,  8.634623e-01,  4.110545e-01],
 [-6.153008e-03,  6.367654e-02, -8.141228e-03],
 [ 3.578361e-02,  2.208175e-02, -3.696876e-03],
 [-4.509937e-03, -4.497238e-03, -1.908515e-02],
 [-1.497590e-02, -1.239103e-02, -4.498476e-03],
 [ 1.240277e-02, -4.848289e-02, -1.342800e-02],
 [ 6.194637e-01, -9.468258e-01,  2.895291e-01],
 [ 4.903852e-05,  1.160584e-04, -4.408357e-05],
 [-9.044601e-05, -8.282536e-06,  6.217042e-05],
 [-2.617964e-03,  4.918590e-03, -7.819214e-04]]
spherical_charges_l2: [[-1.642084e-02,  1.280375e-02, -2.834207e-02, -7.668528e-03,  2.019775e-02],
 [ 2.167848e-04, -5.178640e-04,  8.458204e-06,  9.068059e-05, -3.648852e-04],
 [ 4.508091e-04, -7.776574e-04,  3.527141e-04, -1.270478e-04, -3.891847e-04],
 [-6.691539e-01,  2.056650e+00,  6.584101e+00,  3.207063e+00, -1.502226e+00],
 [-5.953075e-02, -3.475232e-01, -8.872030e-01, -5.204812e-01,  2.711453e-01],
 [-8.690166e-02,  9.288596e-02,  7.550031e-02,  4.716741e-02, -3.517202e-02],
 [ 8.845628e-02, -1.266497e-01, -2.240624e-02, -1.332075e-02, -3.348251e-02],
 [-2.057475e-02,  6.781691e-02,  2.046543e-02,  1.040661e-01, -1.413975e-02],
 [-1.488825e-01, -2.654445e-01,  3.353913e-01,  5.506210e-02,  6.293912e-01],
 [ 1.768695e+00,  2.257011e+00, -2.350044e+00, -1.178001e+00, -5.551691e+00],
 [ 6.496722e-04,  1.074570e-03, -2.656434e-04, -3.661210e-05, -1.198041e-04],
 [ 4.001712e-04,  8.791656e-04, -3.711862e-04, -6.608166e-05, -1.809271e-05],
 [-1.427063e-02, -1.417161e-02,  2.732962e-03,  1.986251e-02,  2.379705e-02]]
energy_short: [ 0.518222,  0.518167,  0.505996, -0.5016  , -0.360484, -0.290701, -0.387614, -0.428237, -0.503763, -0.573595,  0.522223,  0.517848,  0.739769]
energy_long: [ 0.051555,  0.051103,  0.051389, -0.389757,  0.093289,  0.061355,  0.054071,  0.060132,  0.086926, -0.4052  ,  0.051564,  0.051698,  0.052343]