step=1746180, graph_id=0, num_atoms=13
scalar_charges: [  1.128858,   0.102662,   0.116535, -18.18138 ,   1.126866,   1.068038,   0.940356,   0.971784,   1.082215, -14.149261,   0.107169,   0.110877,   1.046356]
spherical_charges_l0: [[-1.114303e-01],
 [-9.046456e-05],
 [-2.210362e-04],
 [-2.868196e+00],
 [-4.184313e-01],
 [-1.128203e-01],
 [-4.218246e-02],
 [-5.625979e-02],
 [-2.392169e-01],
 [-3.486607e+00],
 [-1.374710e-04],
 [-1.678044e-04],
 [-1.149823e-01]]
spherical_charges_l1: [[-1.218303e-02,  2.677842e-02,  4.561084e-03],
 [-1.370186e-06, -6.047466e-05,  1.657230e-05],
 [-1.589996e-04,  9.622463e-05, -4.586044e-05],
 [-7.006023e-02,  1.026053e+00,  5.030694e-01],
 [-2.240542e-02,  8.683036e-02, -6.076103e-03],
 [ 4.097473e-02,  5.450783e-02,  4.004507e-03],
 [-4.368571e-03,  2.238489e-03, -7.010039e-03],
 [-1.141816e-02, -1.129616e-02, -1.016572e-02],
 [ 6.082737e-03, -6.267972e-02, -9.013249e-03],
 [ 7.146528e-01, -1.195590e+00,  2.905017e-01],
 [ 6.090754e-05,  8.522275e-06,  5.841407e-06],
 [-7.204515e-06, -2.641370e-05,  7.991222e-06],
 [ 1.919460e-02, -3.791764e-02,  1.484730e-02]]
spherical_charges_l2: [[-7.701530e-02,  6.850784e-02, -3.559036e-01, -1.735966e-01,  2.192061e-01],
 [-2.902975e-04,  6.811421e-05, -6.354653e-05,  1.112895e-04,  1.196543e-04],
 [-1.811187e-04,  1.557681e-05,  1.141292e-04,  2.686353e-04, -3.243207e-04],
 [-2.659760e-01,  3.045170e+00,  9.163493e+00,  3.991078e+00, -1.886580e+00],
 [-3.631382e-02, -4.105493e-01, -8.796382e-01, -5.228577e-01,  2.072704e-01],
 [-2.330822e-01,  6.650859e-02,  1.406653e-01,  1.073682e-01, -1.105483e-01],
 [ 9.931364e-02, -1.980454e-01, -2.185039e-02, -4.531784e-02, -1.295686e-01],
 [-3.814987e-02,  8.668107e-02,  9.266373e-04,  1.544825e-01, -7.918980e-02],
 [-1.042480e-01, -2.427856e-01,  3.397508e-01,  1.928770e-02,  5.543393e-01],
 [ 2.397578e+00,  3.294353e+00, -3.158428e+00, -1.306011e+00, -6.969961e+00],
 [-5.847025e-05, -4.363663e-04,  2.687912e-04, -1.786573e-04, -2.017327e-04],
 [-6.706577e-05, -4.155969e-04,  9.832129e-05, -1.677801e-04, -8.546047e-05],
 [-1.899880e-01, -1.290789e-01,  2.466963e-02,  2.413030e-01,  3.193926e-01]]
energy_short: [ 0.147294, -0.631106, -0.637235,  0.42762 ,  0.587242,  0.609215,  0.465862,  0.463544,  0.42899 ,  0.292285, -0.62124 , -0.624885,  0.43545 ]
energy_long: [-0.036081,  0.017539,  0.017407, -0.504003,  0.003793, -0.028857, -0.041584, -0.036752, -0.005802, -0.528242,  0.017518,  0.017506, -0.03366 ]