step=2487105, graph_id=0, num_atoms=13
scalar_charges: [  0.494984,   0.44498 ,   0.442733, -28.177784,   1.298261,   1.123037,   1.187593,   1.195245,   0.935399, -23.145275,   0.444522,   0.445937,   0.506098]
spherical_charges_l0: [[-5.690775e-03],
 [-6.861234e-05],
 [-3.901900e-04],
 [-2.409555e+00],
 [-3.740191e-01],
 [-7.182403e-02],
 [-3.623549e-02],
 [-2.021290e-02],
 [-2.775210e-01],
 [-2.814260e+00],
 [-6.028819e-04],
 [-3.540470e-04],
 [-7.378355e-03]]
spherical_charges_l1: [[-2.332034e-04, -5.628182e-03, -1.901188e-03],
 [ 1.633453e-05,  5.640721e-05,  2.328500e-05],
 [-1.204842e-04,  3.559915e-05, -5.265118e-05],
 [-7.559614e-02,  8.214681e-01,  4.031524e-01],
 [-1.793987e-02,  6.059388e-02, -1.559432e-02],
 [ 4.179657e-02,  2.486214e-02, -4.348066e-03],
 [-4.486897e-03, -5.312961e-03, -2.245343e-02],
 [-1.787893e-02, -1.330644e-02, -6.810527e-03],
 [ 8.290424e-03, -3.915764e-02, -2.720413e-02],
 [ 5.973942e-01, -9.462001e-01,  2.691728e-01],
 [ 5.727999e-05,  9.967321e-05, -3.798152e-05],
 [-6.467530e-05,  5.613656e-06,  3.833060e-05],
 [-8.883583e-04,  2.931228e-03,  3.569059e-04]]
spherical_charges_l2: [[-1.430159e-02,  1.471600e-02, -2.478687e-02, -6.831316e-03,  2.024282e-02],
 [ 1.294164e-04, -3.112135e-04, -8.075644e-05,  4.931748e-05, -2.523301e-04],
 [ 1.982549e-04, -7.164287e-04,  1.555540e-04, -1.685729e-04, -2.813942e-04],
 [-8.002973e-01,  2.358550e+00,  6.018143e+00,  3.082437e+00, -1.257698e+00],
 [-5.231441e-02, -3.378809e-01, -8.960195e-01, -5.477448e-01,  3.036142e-01],
 [-7.241331e-02,  9.044168e-02,  1.098950e-01,  4.985606e-02, -4.132658e-02],
 [ 8.080835e-02, -1.548477e-01, -2.176096e-02, -2.692314e-02, -6.516452e-02],
 [-4.145319e-03,  7.561520e-02,  9.753322e-03,  1.094759e-01, -1.954921e-02],
 [-1.553971e-01, -2.878487e-01,  3.460882e-01,  7.214561e-02,  6.617896e-01],
 [ 1.586147e+00,  2.289412e+00, -2.367845e+00, -8.556159e-01, -5.116862e+00],
 [ 3.988189e-04,  7.945326e-04, -2.351751e-04,  2.339383e-04,  1.996538e-04],
 [ 1.383221e-04,  6.573735e-04, -2.651428e-04,  1.493053e-04,  2.611495e-04],
 [-1.235029e-02, -1.262122e-02,  1.726238e-03,  1.934315e-02,  2.032465e-02]]
energy_short: [ 0.422017,  0.531001,  0.520596, -0.44649 , -0.355432, -0.294697, -0.382966, -0.428589, -0.492217, -0.519081,  0.538105,  0.533243,  0.634722]
energy_long: [ 0.054774,  0.052812,  0.052918, -0.383036,  0.092464,  0.0628  ,  0.055504,  0.061978,  0.087102, -0.396933,  0.05364 ,  0.053545,  0.05563 ]