step=3496365, graph_id=0, num_atoms=13
scalar_charges: [  0.965164,   0.699392,   0.716493, -37.457005,   1.947592,   1.393183,   1.465359,   1.53916 ,   1.609734, -28.618568,   0.716284,   0.716951,   0.928174]
spherical_charges_l0: [[-3.308474e-02],
 [ 4.928766e-05],
 [-7.134192e-05],
 [-4.245115e+00],
 [-6.512073e-01],
 [-8.532789e-02],
 [-6.176924e-02],
 [-4.478922e-02],
 [-4.901154e-01],
 [-4.717598e+00],
 [-4.741229e-04],
 [-2.414297e-04],
 [-2.860528e-02]]
spherical_charges_l1: [[-1.638274e-04,  8.197820e-03,  1.035583e-02],
 [ 1.058868e-04, -5.622841e-05, -6.661754e-06],
 [-2.505327e-04, -6.021135e-05, -1.967630e-04],
 [-8.501317e-02,  8.922970e-01,  4.240050e-01],
 [-2.200205e-02,  7.119881e-02, -1.866656e-02],
 [ 2.523614e-02,  3.232097e-02, -1.579906e-02],
 [-3.084613e-03,  1.262493e-03, -9.382301e-03],
 [-9.573122e-03, -2.162787e-02, -4.825497e-03],
 [ 1.614403e-02, -7.244947e-02, -1.230480e-02],
 [ 6.216196e-01, -9.644107e-01,  2.904839e-01],
 [ 1.995066e-05, -5.355120e-05,  4.899102e-05],
 [-6.271293e-05, -1.180526e-04,  8.382775e-05],
 [ 7.318711e-03, -5.934888e-03,  7.874184e-03]]
spherical_charges_l2: [[-1.826783e-02,  9.558134e-03, -8.332156e-02, -4.555485e-02,  5.572571e-02],
 [-3.295141e-04,  2.046475e-04,  1.914792e-04,  6.801679e-04, -1.800237e-04],
 [ 1.145297e-04, -3.848714e-04,  1.026220e-03,  5.093021e-04, -5.014965e-04],
 [-6.972905e-01,  2.569470e+00,  7.944885e+00,  3.676929e+00, -1.722389e+00],
 [-5.413513e-02, -4.166016e-01, -1.133641e+00, -6.075752e-01,  3.523516e-01],
 [-8.982160e-02,  1.059500e-01,  3.733264e-02,  2.014174e-02,  4.405032e-02],
 [ 1.279290e-01, -1.329535e-01, -2.271801e-02, -1.400626e-02, -6.004689e-02],
 [-1.240009e-03,  9.581189e-02,  6.423721e-02,  1.746538e-01,  1.535316e-02],
 [-2.082821e-01, -3.785483e-01,  4.267306e-01,  3.917901e-02,  7.715297e-01],
 [ 2.045425e+00,  2.743594e+00, -2.929759e+00, -1.177044e+00, -6.653508e+00],
 [ 9.653493e-04,  7.917366e-04, -3.949260e-05, -1.267218e-03, -1.541585e-03],
 [ 1.951101e-04,  8.923709e-04, -1.298264e-04, -1.056164e-03, -7.465933e-04],
 [-4.106583e-02, -2.416792e-02,  6.063804e-03,  5.394930e-02,  7.304763e-02]]
energy_short: [-0.312096,  0.810718,  0.789041, -0.317428, -0.12242 , -0.054565, -0.163984, -0.196606, -0.272069, -0.381657,  0.834192,  0.81495 , -0.129757]
energy_long: [ 0.010611,  0.008281,  0.008518, -0.651005,  0.047783,  0.015828,  0.009491,  0.013291,  0.043746, -0.661556,  0.009108,  0.009201,  0.008596]