step=3560445, graph_id=0, num_atoms=13
scalar_charges: [  0.999481,   0.714536,   0.734239, -35.719173,   1.899243,   1.438067,   1.548686,   1.559902,   1.574943, -27.684679,   0.735171,   0.734652,   0.966233]
spherical_charges_l0: [[-3.335717e-02],
 [ 1.022542e-05],
 [-1.340483e-04],
 [-4.505884e+00],
 [-6.577410e-01],
 [-9.771619e-02],
 [-6.334948e-02],
 [-4.480790e-02],
 [-4.837105e-01],
 [-5.117295e+00],
 [-7.895523e-04],
 [-4.184834e-04],
 [-2.767726e-02]]
spherical_charges_l1: [[-7.576263e-04,  7.733142e-03,  9.739720e-03],
 [ 1.057701e-04, -4.273926e-05,  4.648167e-06],
 [-2.101845e-04, -4.439191e-05, -1.569428e-04],
 [-1.134284e-01,  9.063082e-01,  4.188189e-01],
 [-2.205202e-02,  6.274814e-02, -1.859521e-02],
 [ 2.598635e-02,  3.553158e-02, -1.592961e-02],
 [-3.388177e-03,  1.412769e-03, -9.632632e-03],
 [-8.111320e-03, -2.729053e-02, -3.091394e-03],
 [ 1.271928e-02, -6.575527e-02, -1.077358e-02],
 [ 6.377488e-01, -9.985908e-01,  2.933768e-01],
 [ 4.766390e-05, -1.115259e-04,  7.612567e-05],
 [-1.079009e-05, -1.230480e-04,  9.221760e-05],
 [ 6.958433e-03, -5.730723e-03,  7.843920e-03]]
spherical_charges_l2: [[-1.658554e-02,  8.314900e-03, -8.255517e-02, -4.457290e-02,  5.767627e-02],
 [-2.727028e-04,  6.368621e-05,  1.103306e-04,  5.898164e-04, -2.435724e-04],
 [ 1.588534e-04, -5.070925e-04,  8.721721e-04,  4.085599e-04, -4.953904e-04],
 [-6.751757e-01,  2.896427e+00,  8.395112e+00,  3.850968e+00, -1.776133e+00],
 [-4.977958e-02, -4.258012e-01, -1.148552e+00, -6.132966e-01,  3.517478e-01],
 [-1.067769e-01,  1.051880e-01,  3.865843e-02,  4.719462e-02,  3.794425e-02],
 [ 1.123365e-01, -1.440810e-01, -2.388410e-02, -1.482159e-02, -6.465536e-02],
 [-1.099546e-02,  8.754365e-02,  7.689247e-02,  1.654463e-01,  9.814437e-03],
 [-1.831052e-01, -3.541563e-01,  4.271197e-01,  2.554733e-02,  7.720211e-01],
 [ 2.302903e+00,  2.995775e+00, -3.151331e+00, -1.026065e+00, -6.974994e+00],
 [ 7.924151e-04,  1.046287e-03, -1.666153e-05, -1.287037e-03, -1.525369e-03],
 [ 3.223351e-04,  8.685511e-04, -2.076133e-04, -9.800785e-04, -6.455024e-04],
 [-4.099718e-02, -2.442569e-02,  7.456967e-03,  5.190259e-02,  7.501407e-02]]
energy_short: [-0.352137,  0.823598,  0.802067, -0.299226, -0.110746, -0.052298, -0.160939, -0.192926, -0.260205, -0.366509,  0.84409 ,  0.826062, -0.16073 ]
energy_long: [ 0.009725,  0.00771 ,  0.007934, -0.663986,  0.051385,  0.017397,  0.010098,  0.014885,  0.045875, -0.678855,  0.008445,  0.008602,  0.007817]