step=2322900, graph_id=0, num_atoms=13
scalar_charges: [  0.463885,   0.272597,   0.268204, -26.547476,   0.934162,   0.566872,   0.711666,   0.768658,   0.485827, -22.553432,   0.262888,   0.26728 ,   0.473514]
spherical_charges_l0: [[-5.484451e-03],
 [-3.113072e-05],
 [-4.066032e-04],
 [-2.068191e+00],
 [-2.956072e-01],
 [-7.011828e-02],
 [-2.731602e-02],
 [-2.583051e-02],
 [-1.942795e-01],
 [-2.358064e+00],
 [-9.516028e-04],
 [-6.672927e-04],
 [-5.119044e-03]]
spherical_charges_l1: [[-4.770728e-04, -8.738457e-03, -2.246336e-03],
 [-1.306636e-05,  1.305477e-04,  3.047071e-05],
 [-1.510727e-04,  8.360014e-05, -5.033714e-05],
 [-1.160857e-01,  8.213466e-01,  3.260832e-01],
 [-9.348787e-03,  6.138880e-02, -5.931278e-03],
 [ 3.352040e-02,  1.853002e-02,  2.179179e-03],
 [-4.519158e-03, -4.814076e-03, -1.762198e-02],
 [-1.401332e-02, -6.760960e-03, -2.190077e-03],
 [ 7.297053e-03, -3.260191e-02, -1.653906e-02],
 [ 5.541232e-01, -8.266757e-01,  2.245422e-01],
 [-6.214020e-05,  7.889983e-05,  2.346688e-05],
 [-8.433234e-05, -1.316477e-05,  7.729061e-05],
 [-1.524359e-03,  4.169767e-03, -5.185198e-04]]
spherical_charges_l2: [[-1.457063e-02,  1.082916e-02, -1.806102e-02,  6.991202e-04,  1.112830e-02],
 [ 1.639251e-04, -2.680668e-04, -1.140468e-04,  3.431531e-05, -1.483891e-04],
 [-3.233366e-05, -5.013761e-04,  1.883895e-04,  7.326950e-05, -2.854244e-04],
 [-6.028352e-01,  1.336732e+00,  4.881771e+00,  2.275025e+00, -1.261737e+00],
 [ 3.740226e-03, -3.019994e-01, -6.607724e-01, -4.572490e-01,  1.851070e-01],
 [-3.952095e-02,  7.196523e-02,  6.170010e-02,  2.726893e-02, -6.599242e-03],
 [ 6.957515e-02, -1.200672e-01, -1.673179e-02, -1.792942e-02, -4.573558e-02],
 [-4.738213e-02,  4.184638e-03,  4.326517e-02,  5.864714e-02, -2.987663e-02],
 [-8.058777e-02, -1.638858e-01,  2.269708e-01,  4.338371e-02,  4.716184e-01],
 [ 1.181367e+00,  1.762403e+00, -1.877635e+00, -8.188016e-01, -4.136770e+00],
 [ 1.784140e-04,  6.947227e-04, -3.521933e-04,  2.785700e-04,  3.921811e-04],
 [ 1.864559e-04,  5.016727e-04, -1.912019e-04,  6.490563e-05,  7.826857e-05],
 [-9.738805e-03, -1.047208e-02,  2.572112e-03,  1.141199e-02,  1.655686e-02]]
energy_short: [ 0.370629,  0.504218,  0.491261, -0.500159, -0.419066, -0.34561 , -0.418856, -0.475167, -0.543787, -0.569503,  0.509737,  0.50537 ,  0.58264 ]
energy_long: [ 0.092827,  0.090475,  0.090586, -0.313706,  0.130657,  0.102294,  0.097342,  0.102768,  0.121945, -0.320441,  0.092012,  0.091689,  0.092962]