step=3408255, graph_id=0, num_atoms=13
scalar_charges: [  0.958304,   0.656358,   0.667214, -34.480392,   1.785535,   1.266606,   1.432099,   1.416972,   1.303474, -25.906538,   0.649907,   0.660923,   0.904266]
spherical_charges_l0: [[-3.507600e-02],
 [ 6.190828e-05],
 [ 5.087983e-05],
 [-4.187819e+00],
 [-5.912338e-01],
 [-7.977142e-02],
 [-6.667934e-02],
 [-3.660710e-02],
 [-4.381699e-01],
 [-4.743267e+00],
 [ 6.821843e-05],
 [ 1.420894e-04],
 [-3.135104e-02]]
spherical_charges_l1: [[-9.095474e-04,  8.039653e-03,  9.856411e-03],
 [ 9.811945e-05, -7.567841e-05, -1.833107e-05],
 [-2.062277e-04, -1.029788e-05, -1.658642e-04],
 [-9.643096e-02,  9.001485e-01,  4.099044e-01],
 [-2.174512e-02,  5.914430e-02, -1.648625e-02],
 [ 2.395472e-02,  2.972194e-02, -1.334758e-02],
 [-3.437111e-03,  2.704083e-04, -1.005480e-02],
 [-9.389491e-03, -1.924731e-02, -3.409658e-03],
 [ 1.230670e-02, -5.650113e-02, -9.429788e-03],
 [ 6.156983e-01, -9.645610e-01,  2.702605e-01],
 [-9.304865e-05, -4.544061e-05,  6.174840e-05],
 [-1.692711e-05, -8.363381e-05,  7.970004e-05],
 [ 7.660279e-03, -7.171134e-03,  7.634562e-03]]
spherical_charges_l2: [[-2.172229e-02,  1.089522e-02, -9.165668e-02, -4.861660e-02,  6.172959e-02],
 [-7.040918e-04,  2.552187e-04,  2.966356e-05,  7.630080e-04, -7.961475e-05],
 [ 2.760905e-05, -1.299129e-04,  9.889331e-04,  7.103191e-04, -4.557087e-04],
 [-7.092699e-01,  2.542460e+00,  7.805211e+00,  3.508130e+00, -1.744748e+00],
 [-2.956458e-02, -3.971922e-01, -1.023268e+00, -5.514781e-01,  3.178331e-01],
 [-9.614655e-02,  1.008603e-01,  3.901661e-02,  4.207988e-02,  3.629239e-02],
 [ 1.223027e-01, -1.185688e-01, -2.014585e-02, -2.102237e-03, -4.070399e-02],
 [-7.636923e-03,  8.276066e-02,  6.104055e-02,  1.557533e-01,  1.489133e-02],
 [-1.651860e-01, -3.130417e-01,  3.922105e-01,  2.910704e-02,  7.116429e-01],
 [ 2.041799e+00,  2.697774e+00, -2.958601e+00, -1.061285e+00, -6.682464e+00],
 [ 8.910733e-04,  3.052855e-05,  1.267652e-04, -8.939372e-04, -1.218551e-03],
 [-2.192373e-04,  6.298287e-04, -4.671702e-05, -9.748057e-04, -5.186892e-04],
 [-4.568266e-02, -2.842650e-02,  5.634225e-03,  5.942161e-02,  7.614367e-02]]
energy_short: [-0.212005,  0.790911,  0.77124 , -0.363021, -0.138   , -0.067059, -0.176167, -0.211953, -0.28638 , -0.417043,  0.820411,  0.799619, -0.045451]
energy_long: [ 0.010921,  0.00692 ,  0.007147, -0.646771,  0.049588,  0.015522,  0.008608,  0.014043,  0.045404, -0.65957 ,  0.008138,  0.008095,  0.007675]