step=3035790, graph_id=0, num_atoms=13
scalar_charges: [  0.654315,   0.655439,   0.663441, -31.156063,   1.699732,   1.414971,   1.501584,   1.556592,   1.212885, -24.262016,   0.657834,   0.658851,   0.64627 ]
spherical_charges_l0: [[-1.492702e-02],
 [-4.818204e-04],
 [-9.388139e-04],
 [-3.508562e+00],
 [-5.128222e-01],
 [-8.806155e-02],
 [-5.789442e-02],
 [-4.471055e-02],
 [-3.804934e-01],
 [-4.067568e+00],
 [-8.809048e-04],
 [-5.467555e-04],
 [-1.656584e-02]]
spherical_charges_l1: [[-1.573732e-03, -2.371439e-03, -1.098086e-04],
 [ 1.014765e-04, -2.465030e-05,  3.133460e-05],
 [-2.762405e-04,  1.173709e-04, -8.488790e-05],
 [-8.096668e-02,  8.232002e-01,  3.906133e-01],
 [-1.926211e-02,  6.635454e-02, -1.812021e-02],
 [ 3.117598e-02,  3.312031e-02, -1.302670e-02],
 [-4.418253e-03, -1.308535e-03, -1.325860e-02],
 [-1.049206e-02, -2.422421e-02,  1.201704e-03],
 [ 1.817093e-02, -6.598919e-02, -1.165958e-02],
 [ 5.724976e-01, -9.101784e-01,  2.335029e-01],
 [ 3.011319e-04,  9.372411e-06,  1.030769e-04],
 [-8.485174e-05, -1.560285e-04,  2.009689e-04],
 [ 5.913336e-05,  1.527438e-03,  1.796103e-03]]
spherical_charges_l2: [[-1.714304e-02,  1.235687e-02, -4.333846e-02, -1.673915e-02,  2.849745e-02],
 [ 1.301376e-04, -5.955675e-04, -2.412719e-04, -2.190831e-04, -2.294499e-04],
 [ 1.054795e-03, -1.429405e-03,  6.562793e-04, -3.405562e-04, -7.721898e-04],
 [-5.188717e-01,  2.309732e+00,  7.305149e+00,  3.376402e+00, -1.569234e+00],
 [-4.127122e-02, -3.737261e-01, -1.036631e+00, -5.940177e-01,  3.064247e-01],
 [-1.219083e-01,  1.191992e-01,  5.043935e-02,  3.537565e-02,  1.462712e-02],
 [ 1.309575e-01, -1.370974e-01, -2.798716e-02, -6.430433e-03, -4.067196e-02],
 [-6.133060e-03,  6.816006e-02,  3.540479e-02,  1.775742e-01,  1.142981e-02],
 [-1.738449e-01, -3.218928e-01,  3.791332e-01,  3.106454e-02,  6.961014e-01],
 [ 1.950633e+00,  2.667977e+00, -2.754550e+00, -8.677766e-01, -6.125546e+00],
 [ 1.634964e-04,  1.827223e-03, -6.905937e-05, -5.596911e-04, -2.138559e-04],
 [ 6.732291e-04,  1.121871e-03, -5.284413e-04, -1.022598e-04,  1.987714e-04],
 [-1.943426e-02, -1.957298e-02,  4.171644e-03,  2.878122e-02,  3.670636e-02]]
energy_short: [ 0.588079,  0.612252,  0.601364, -0.438954, -0.298611, -0.2495  , -0.341252, -0.382768, -0.441828, -0.505245,  0.619131,  0.614012,  0.799541]
energy_long: [ 0.014543,  0.013782,  0.013968, -0.62058 ,  0.056725,  0.022715,  0.017042,  0.022614,  0.052274, -0.632586,  0.014283,  0.014181,  0.015229]