step=933165, graph_id=0, num_atoms=13
scalar_charges: [  0.773663,   0.670465,   0.668648, -21.332031,   0.762181,   0.751434,   0.745458,   0.731341,   0.760218, -18.413273,   0.671203,   0.671489,   0.736411]
spherical_charges_l0: [[-9.806418e-02],
 [ 1.917699e-04],
 [ 7.688483e-05],
 [-2.399708e+00],
 [-3.794687e-01],
 [-1.128390e-01],
 [-1.340834e-02],
 [-3.170016e-02],
 [-1.675419e-01],
 [-2.931494e+00],
 [ 5.951434e-05],
 [-4.208585e-05],
 [-1.173890e-01]]
spherical_charges_l1: [[-3.326969e-03,  2.406793e-02,  7.766958e-03],
 [ 3.110667e-05,  2.732703e-05,  7.238761e-05],
 [-3.096521e-05,  5.142198e-05,  2.318562e-05],
 [-1.112495e-01,  1.506581e+00,  7.119531e-01],
 [-3.798267e-02,  5.711848e-02, -3.474220e-02],
 [ 6.715072e-02,  8.588332e-02,  2.704095e-02],
 [ 3.513165e-03,  4.122726e-03,  1.125276e-02],
 [-1.562287e-03, -2.041092e-02, -2.274687e-03],
 [-4.752246e-03, -3.031512e-02, -3.719826e-02],
 [ 1.274116e+00, -1.901042e+00,  4.892837e-01],
 [-8.193774e-06, -4.544960e-05,  4.025409e-05],
 [ 6.017316e-05, -6.799197e-05,  5.484383e-05],
 [ 3.208851e-02, -4.600948e-02,  1.898311e-02]]
spherical_charges_l2: [[-8.982826e-02,  8.790058e-02, -4.634567e-01, -2.056486e-01,  2.994650e-01],
 [-5.736136e-04,  6.913685e-04, -3.999621e-05,  2.395747e-04,  3.954231e-04],
 [ 1.513336e-05, -5.504639e-05, -1.036886e-04, -2.902789e-05, -1.056579e-04],
 [-5.882797e-02,  4.022493e+00,  1.194390e+01,  4.898283e+00, -3.009390e+00],
 [-6.690644e-02, -7.234563e-01, -1.044848e+00, -5.107641e-01,  8.793239e-02],
 [-2.774757e-01,  1.193709e-01,  1.381489e-01,  1.156398e-01, -1.478422e-01],
 [ 1.245045e-01, -2.649968e-01, -2.044639e-02, -3.895820e-02, -1.486503e-01],
 [-6.642896e-02,  1.560407e-01, -4.161792e-02,  2.124709e-01, -1.060718e-01],
 [-3.996455e-02, -2.456422e-01,  4.182952e-01, -1.674412e-01,  5.679348e-01],
 [ 3.389163e+00,  5.100667e+00, -4.503048e+00, -1.127002e+00, -9.112056e+00],
 [-2.067239e-04, -7.594657e-06,  1.084238e-04, -7.395438e-05,  8.162590e-05],
 [ 1.402571e-05, -3.262229e-04,  7.428391e-05,  5.472263e-05,  2.078907e-04],
 [-2.723318e-01, -1.803996e-01,  3.495833e-02,  3.189944e-01,  4.251266e-01]]
energy_short: [ 0.320274, -0.777673, -0.794546,  0.416409,  0.61666 ,  0.6436  ,  0.516833,  0.507381,  0.469495,  0.264366, -0.762595, -0.777407,  0.616522]
energy_long: [-0.037113,  0.014849,  0.014854, -0.47552 ,  0.012095, -0.027661, -0.036288, -0.033728,  0.002948, -0.486898,  0.015071,  0.015036, -0.032836]