step=3448305, graph_id=0, num_atoms=13
scalar_charges: [  0.970776,   0.680916,   0.694392, -35.049095,   1.857878,   1.371188,   1.501992,   1.491232,   1.464213, -27.038187,   0.688376,   0.692364,   0.924716]
spherical_charges_l0: [[-3.272061e-02],
 [ 7.164847e-05],
 [ 2.444221e-05],
 [-4.156800e+00],
 [-5.982095e-01],
 [-8.422051e-02],
 [-6.289696e-02],
 [-3.746490e-02],
 [-4.458148e-01],
 [-4.678890e+00],
 [-1.727600e-04],
 [-6.662410e-05],
 [-2.915693e-02]]
spherical_charges_l1: [[-1.753090e-04,  8.380166e-03,  9.875309e-03],
 [ 8.274904e-05, -7.706662e-05, -2.363636e-05],
 [-2.030827e-04, -3.087275e-05, -1.703725e-04],
 [-9.256256e-02,  8.668049e-01,  3.949227e-01],
 [-2.127747e-02,  6.140004e-02, -1.542517e-02],
 [ 2.393566e-02,  3.039826e-02, -1.384142e-02],
 [-3.458018e-03,  2.372316e-04, -1.118898e-02],
 [-9.389250e-03, -2.070774e-02, -3.738769e-03],
 [ 1.323982e-02, -6.059178e-02, -7.891200e-03],
 [ 6.061789e-01, -9.455307e-01,  2.759131e-01],
 [-3.526220e-05, -4.822253e-05,  5.959582e-05],
 [-3.495450e-05, -8.684624e-05,  7.425900e-05],
 [ 7.476693e-03, -6.559429e-03,  7.414104e-03]]
spherical_charges_l2: [[-1.870839e-02,  1.256329e-02, -8.225798e-02, -4.597247e-02,  5.729098e-02],
 [-4.497744e-04,  1.783696e-04,  1.180054e-04,  6.751926e-04, -1.491047e-04],
 [ 1.051969e-04, -2.700781e-04,  1.016703e-03,  6.156852e-04, -4.687328e-04],
 [-6.391793e-01,  2.561722e+00,  7.743865e+00,  3.499423e+00, -1.716947e+00],
 [-5.043609e-02, -3.866217e-01, -1.047685e+00, -5.752316e-01,  3.212466e-01],
 [-9.532290e-02,  1.071636e-01,  4.760985e-02,  4.379196e-02,  3.863844e-02],
 [ 1.187192e-01, -1.220929e-01, -2.112133e-02, -6.414509e-03, -4.842111e-02],
 [-1.073584e-02,  8.305452e-02,  5.880768e-02,  1.640339e-01,  1.286364e-02],
 [-1.805592e-01, -3.276925e-01,  3.955243e-01,  4.400244e-02,  7.208634e-01],
 [ 2.102059e+00,  2.721718e+00, -2.890879e+00, -1.086809e+00, -6.595920e+00],
 [ 8.108600e-04,  4.613668e-04,  6.031594e-05, -1.083075e-03, -1.298195e-03],
 [ 3.590184e-05,  7.588612e-04, -1.003097e-04, -9.874223e-04, -6.075528e-04],
 [-4.168009e-02, -2.626696e-02,  5.374720e-03,  5.541538e-02,  7.089118e-02]]
energy_short: [-0.252926,  0.799817,  0.779041, -0.33398 , -0.127638, -0.063141, -0.173288, -0.207231, -0.277734, -0.394023,  0.826056,  0.806022, -0.078475]
energy_long: [ 0.010512,  0.007267,  0.007508, -0.645263,  0.048063,  0.014994,  0.008695,  0.013157,  0.043888, -0.657876,  0.00824 ,  0.008274,  0.008034]