step=2238795, graph_id=0, num_atoms=13
scalar_charges: [  0.615611,  -0.046123,  -0.061497, -25.970161,   0.485828,   0.378922,   0.46354 ,   0.491939,   0.237932, -23.793785,  -0.103667,  -0.084519,   0.608307]
spherical_charges_l0: [[-8.696818e-04],
 [ 3.532009e-05],
 [-7.323159e-04],
 [-1.876118e+00],
 [-2.518503e-01],
 [-5.970073e-02],
 [-1.531534e-02],
 [-2.690022e-02],
 [-1.747226e-01],
 [-2.274157e+00],
 [-1.303507e-03],
 [-9.242204e-04],
 [-1.834012e-03]]
spherical_charges_l1: [[-1.142749e-03, -8.271441e-03, -2.316344e-03],
 [-6.049922e-05,  1.409804e-04,  5.733161e-06],
 [-1.454185e-04,  3.167844e-05, -3.937947e-05],
 [-2.096469e-01,  7.967727e-01,  2.453565e-01],
 [-1.129697e-03,  2.769604e-02, -1.399826e-02],
 [ 2.700150e-02,  2.726135e-02,  2.412600e-03],
 [-3.554215e-03, -5.698132e-03, -1.646261e-02],
 [-1.328511e-02, -1.030511e-02,  2.670816e-03],
 [-3.505850e-04, -1.580187e-02, -3.480098e-02],
 [ 5.740694e-01, -8.858297e-01,  2.397361e-01],
 [-1.221797e-04,  1.223712e-04,  3.274588e-05],
 [-1.292142e-04,  5.818024e-05,  5.380074e-05],
 [-1.839192e-03,  4.637752e-03, -1.296103e-03]]
spherical_charges_l2: [[-1.951461e-03,  8.722656e-03, -1.293109e-02, -6.290729e-03,  1.213514e-02],
 [-1.219880e-04, -2.487942e-04, -9.373725e-05,  4.544333e-05, -1.666676e-04],
 [-1.592625e-04, -9.926598e-05,  5.070383e-04,  4.260929e-04, -2.913770e-04],
 [-6.295996e-01,  1.336886e+00,  4.638161e+00,  2.090978e+00, -9.669412e-01],
 [-1.434562e-02, -2.324135e-01, -5.923663e-01, -3.321758e-01,  1.827387e-01],
 [-3.121695e-02,  5.775702e-02,  6.567767e-02,  2.206730e-02, -8.190810e-04],
 [ 4.735966e-02, -1.034875e-01, -2.191927e-02, -1.940436e-02, -5.719683e-02],
 [-4.489563e-02,  1.058129e-02,  4.230962e-02,  6.938051e-02, -2.753958e-02],
 [-6.336338e-02, -1.414304e-01,  2.106122e-01, -1.046695e-02,  3.963381e-01],
 [ 1.201603e+00,  1.761532e+00, -1.863519e+00, -6.153407e-01, -3.930204e+00],
 [-1.438370e-06,  1.372390e-03, -6.924443e-04, -2.844598e-05,  1.699034e-04],
 [ 5.560639e-04,  6.327926e-04, -2.552733e-04, -1.254928e-04, -2.378650e-04],
 [-4.535488e-03, -2.387109e-03, -1.741124e-04,  1.307957e-02,  1.525256e-02]]
energy_short: [ 0.191052,  0.521175,  0.506403, -0.534213, -0.423339, -0.351929, -0.425954, -0.478554, -0.55419 , -0.594184,  0.52659 ,  0.521718,  0.394497]
energy_long: [ 0.106823,  0.104845,  0.105207, -0.208988,  0.1533  ,  0.12419 ,  0.120061,  0.123421,  0.14127 , -0.230651,  0.10698 ,  0.106296,  0.106886]