step=576720, graph_id=0, num_atoms=13
scalar_charges: [  0.745165,   0.557242,   0.568239, -19.240593,   0.77666 ,   0.720632,   0.746318,   0.724365,   0.756547, -16.095348,   0.553251,   0.567402,   0.7522  ]
spherical_charges_l0: [[-5.774122e-02],
 [-7.800203e-05],
 [-5.006049e-05],
 [-1.740433e+00],
 [-3.166011e-01],
 [-7.439054e-02],
 [-4.031138e-03],
 [-1.410148e-02],
 [-1.541869e-01],
 [-2.224873e+00],
 [-9.615058e-05],
 [-1.242205e-04],
 [-7.508518e-02]]
spherical_charges_l1: [[-5.696086e-03, -2.514223e-03, -7.322580e-03],
 [-1.693447e-04,  5.472604e-05,  2.050975e-05],
 [ 5.108459e-05, -1.633312e-05,  4.260921e-05],
 [-2.211525e-01,  1.162889e+00,  4.499930e-01],
 [-6.315407e-02,  9.880063e-02, -6.355360e-02],
 [ 6.643071e-02,  5.238383e-02,  4.809777e-03],
 [ 9.928769e-04,  9.746532e-03,  6.119222e-03],
 [-1.379117e-02, -7.067742e-04, -2.280411e-02],
 [ 9.665744e-03, -5.293169e-02, -4.499549e-02],
 [ 1.020277e+00, -1.836471e+00,  2.274889e-01],
 [-4.295389e-05, -7.975120e-05,  5.222223e-05],
 [ 2.715918e-05,  8.171262e-06,  1.670002e-05],
 [ 1.444801e-02, -1.386311e-02,  3.946183e-03]]
spherical_charges_l2: [[-9.840368e-02,  5.562786e-02, -3.702306e-01, -1.629516e-01,  2.124160e-01],
 [-6.812355e-04,  3.158617e-04, -3.313237e-04,  3.153220e-04,  1.175878e-04],
 [-6.194055e-06,  7.566089e-07, -1.268691e-05,  9.573393e-05, -1.966598e-05],
 [-4.515772e-01,  3.295522e+00,  9.941353e+00,  4.128090e+00, -2.305445e+00],
 [-1.181214e-01, -5.694199e-01, -9.562359e-01, -3.767696e-01,  1.629680e-01],
 [-2.121614e-01,  1.033974e-01,  9.397135e-02,  2.354562e-02, -1.129877e-01],
 [ 1.521092e-01, -2.818766e-01,  6.386653e-03, -2.303966e-02, -1.143441e-01],
 [-7.005376e-02,  9.723477e-02, -3.202939e-02,  1.852693e-01, -8.594459e-02],
 [-1.047865e-01, -2.552610e-01,  3.861166e-01, -8.880685e-02,  6.038358e-01],
 [ 2.320786e+00,  3.224924e+00, -3.083898e+00, -1.786077e+00, -7.208342e+00],
 [ 9.706620e-05,  9.267772e-05, -1.345010e-05,  5.387687e-04,  4.964402e-04],
 [-1.961791e-04,  5.520823e-05, -4.726362e-05,  2.891253e-04,  4.440852e-04],
 [-2.230435e-01, -1.475524e-01,  2.736783e-02,  2.920912e-01,  3.598520e-01]]
energy_short: [ 0.225942, -0.585654, -0.612736,  0.432772,  0.516127,  0.528474,  0.390262,  0.385335,  0.356467,  0.250699, -0.569559, -0.593559,  0.551997]
energy_long: [-0.046213,  0.003037,  0.002386, -0.432154,  0.001402, -0.039973, -0.043546, -0.050207, -0.012243, -0.456475,  0.00259 ,  0.002444, -0.044852]