step=3692610, graph_id=0, num_atoms=13
scalar_charges: [  0.999857,   0.756376,   0.775421, -37.07609 ,   1.897672,   1.366828,   1.463506,   1.513454,   1.53135 , -29.19389 ,   0.778462,   0.776192,   0.975975]
spherical_charges_l0: [[-3.578852e-02],
 [ 2.015009e-06],
 [-2.596219e-04],
 [-4.709190e+00],
 [-6.716008e-01],
 [-9.633021e-02],
 [-6.537698e-02],
 [-4.507159e-02],
 [-4.933169e-01],
 [-5.448084e+00],
 [-1.057302e-03],
 [-5.989308e-04],
 [-3.061290e-02]]
spherical_charges_l1: [[-5.791797e-04,  6.546333e-03,  9.513608e-03],
 [ 1.305905e-04,  7.860089e-06,  3.780462e-05],
 [-2.305035e-04, -1.489172e-05, -1.419107e-04],
 [-1.157295e-01,  9.242874e-01,  4.164393e-01],
 [-2.129884e-02,  6.134886e-02, -1.765764e-02],
 [ 2.878490e-02,  3.324329e-02, -1.611431e-02],
 [-3.944708e-03,  9.141323e-04, -1.249357e-02],
 [-9.136638e-03, -2.715020e-02, -3.702878e-03],
 [ 1.189152e-02, -6.336378e-02, -1.260522e-02],
 [ 6.536991e-01, -1.039051e+00,  3.046454e-01],
 [ 1.454072e-04, -1.637447e-04,  9.790780e-05],
 [-2.015782e-05, -1.726895e-04,  1.222539e-04],
 [ 6.710373e-03, -4.919085e-03,  8.259123e-03]]
spherical_charges_l2: [[-1.837510e-02,  6.293679e-03, -8.260580e-02, -4.346180e-02,  5.631388e-02],
 [-2.829492e-04, -1.688937e-05,  1.092440e-04,  5.827313e-04, -3.331211e-04],
 [ 2.579794e-05, -7.955942e-04,  7.598979e-04,  4.183254e-04, -6.716365e-04],
 [-6.938922e-01,  2.918480e+00,  8.456131e+00,  3.879657e+00, -1.840791e+00],
 [-3.787747e-02, -4.312090e-01, -1.134346e+00, -6.145641e-01,  3.370047e-01],
 [-1.058555e-01,  1.090109e-01,  3.459248e-02,  3.231332e-02,  4.303587e-02],
 [ 1.232051e-01, -1.447697e-01, -2.605942e-02, -1.566803e-02, -6.736142e-02],
 [-1.230758e-02,  8.829270e-02,  8.457830e-02,  1.719773e-01,  9.947131e-03],
 [-1.775830e-01, -3.500905e-01,  4.155743e-01,  2.985833e-02,  7.481202e-01],
 [ 2.254831e+00,  3.015849e+00, -3.248304e+00, -1.096281e+00, -7.208550e+00],
 [ 7.086559e-04,  9.734727e-04,  8.504763e-05, -1.313046e-03, -1.460214e-03],
 [ 3.016694e-04,  7.156696e-04, -1.425237e-04, -1.036240e-03, -6.136137e-04],
 [-4.224085e-02, -2.408843e-02,  8.295851e-03,  5.277096e-02,  7.672571e-02]]
energy_short: [-0.42222 ,  0.857755,  0.836327, -0.287257, -0.104048, -0.047486, -0.158902, -0.187785, -0.253923, -0.354595,  0.873808,  0.85794 , -0.225623]
energy_long: [ 0.006548,  0.004961,  0.00521 , -0.665824,  0.047231,  0.014384,  0.007178,  0.01257 ,  0.041751, -0.679413,  0.005552,  0.005747,  0.005139]