step=1630035, graph_id=0, num_atoms=13
scalar_charges: [  1.10269 ,   0.260695,   0.26693 , -19.63175 ,   1.131494,   1.051216,   0.908986,   0.947044,   1.048418, -14.810328,   0.263144,   0.264992,   1.020736]
spherical_charges_l0: [[-1.022953e-01],
 [-1.331345e-04],
 [-1.525512e-04],
 [-2.740824e+00],
 [-4.246544e-01],
 [-1.123233e-01],
 [-3.391768e-02],
 [-5.028865e-02],
 [-2.498113e-01],
 [-3.292655e+00],
 [-1.905135e-04],
 [-2.114824e-04],
 [-1.126718e-01]]
spherical_charges_l1: [[-1.157715e-02,  2.847188e-02,  5.334378e-03],
 [-3.555155e-05, -7.615952e-05, -1.319828e-05],
 [-5.852227e-05,  2.795089e-05, -2.254753e-05],
 [-6.625843e-03,  1.082288e+00,  4.902338e-01],
 [-2.620822e-02,  1.035636e-01, -1.093784e-02],
 [ 4.938812e-02,  6.312168e-02,  6.418607e-03],
 [-3.192962e-03,  3.099541e-04, -9.516632e-03],
 [-1.517747e-02, -1.320875e-02, -1.595236e-02],
 [ 9.948157e-03, -7.066735e-02, -2.187698e-02],
 [ 7.699089e-01, -1.330971e+00,  2.414310e-01],
 [ 3.221208e-05,  3.414065e-06, -1.798063e-07],
 [ 1.473505e-06, -7.887034e-06, -3.088920e-06],
 [ 2.161195e-02, -4.303580e-02,  1.883555e-02]]
spherical_charges_l2: [[-6.734652e-02,  6.063542e-02, -3.432257e-01, -1.665219e-01,  2.059533e-01],
 [-3.677152e-04,  1.771464e-04, -1.754611e-04, -4.208729e-05,  3.193018e-04],
 [-1.426868e-04,  1.525191e-04,  1.008038e-05,  1.426214e-04, -1.172164e-04],
 [-3.569811e-01,  3.193317e+00,  8.881462e+00,  4.037641e+00, -1.995641e+00],
 [-5.087401e-02, -4.549299e-01, -9.462620e-01, -5.257840e-01,  2.180294e-01],
 [-2.179767e-01,  6.047031e-02,  1.742005e-01,  1.141207e-01, -1.267834e-01],
 [ 1.004694e-01, -1.893073e-01, -1.660945e-02, -4.124398e-02, -1.097612e-01],
 [-4.645434e-02,  7.487363e-02, -6.701849e-03,  1.588445e-01, -7.130484e-02],
 [-1.083067e-01, -2.486653e-01,  3.707500e-01,  1.134232e-02,  6.113248e-01],
 [ 2.315793e+00,  3.162934e+00, -3.076929e+00, -1.227744e+00, -6.922535e+00],
 [-7.237009e-05, -1.865051e-04,  1.408641e-04, -1.453461e-04, -1.624666e-04],
 [ 1.194182e-04, -2.254681e-04,  2.562089e-05, -2.593778e-05, -6.909559e-05],
 [-1.892006e-01, -1.226061e-01,  3.080362e-02,  2.348088e-01,  3.405355e-01]]
energy_short: [ 0.200172, -0.64798 , -0.655458,  0.412895,  0.575114,  0.600492,  0.458128,  0.456298,  0.417733,  0.276266, -0.63815 , -0.641936,  0.484677]
energy_long: [-0.038588,  0.0165  ,  0.016293, -0.488234,  0.004756, -0.031205, -0.041637, -0.039658, -0.004762, -0.507717,  0.016494,  0.016443, -0.036915]