step=784980, graph_id=0, num_atoms=13
scalar_charges: [  0.715   ,   0.566471,   0.565245, -20.077444,   0.707608,   0.689247,   0.695894,   0.695916,   0.717925, -17.258963,   0.565993,   0.565494,   0.656095]
spherical_charges_l0: [[-9.116802e-02],
 [ 1.201595e-04],
 [-1.629850e-06],
 [-1.794612e+00],
 [-3.116714e-01],
 [-7.344864e-02],
 [-1.237076e-02],
 [-2.034560e-02],
 [-1.694162e-01],
 [-2.354717e+00],
 [-1.262683e-04],
 [-1.220183e-04],
 [-1.101741e-01]]
spherical_charges_l1: [[-1.195006e-02, -5.656657e-04,  2.733978e-03],
 [-3.154602e-04,  6.901340e-05, -4.395602e-05],
 [-3.855598e-07,  5.516203e-05,  5.297930e-05],
 [-1.468086e-01,  1.113006e+00,  4.449525e-01],
 [-5.558204e-02,  6.739549e-02, -4.971720e-02],
 [ 8.777483e-02,  4.792674e-02,  1.785581e-02],
 [-1.412693e-03, -2.363977e-03, -1.271100e-02],
 [-2.552201e-02,  7.358014e-03, -3.788126e-02],
 [ 4.916046e-03, -5.297207e-02, -5.126301e-02],
 [ 9.762031e-01, -1.660882e+00,  1.174194e-01],
 [ 7.294430e-05, -1.457512e-04,  1.053382e-04],
 [ 1.031575e-04, -6.116296e-05,  6.567634e-05],
 [ 2.677462e-02, -2.830587e-02,  2.291458e-02]]
spherical_charges_l2: [[-8.625915e-02,  7.030061e-02, -4.748945e-01, -2.192068e-01,  2.999397e-01],
 [-6.240550e-04,  4.645124e-04, -3.117495e-04, -6.003006e-05,  3.381008e-04],
 [-1.526002e-05, -3.410454e-04, -2.173908e-04, -1.362729e-04, -1.644354e-04],
 [-1.054510e-01,  2.879465e+00,  9.973557e+00,  4.269369e+00, -2.209742e+00],
 [-1.684967e-01, -5.131466e-01, -1.056972e+00, -4.704262e-01,  1.787413e-01],
 [-2.163184e-01,  1.377658e-01,  2.107785e-01,  1.643274e-02, -7.455801e-02],
 [ 1.502942e-01, -2.752061e-01, -2.519485e-02, -4.960203e-02, -1.648644e-01],
 [-4.197227e-02,  1.377184e-01, -2.551867e-02,  2.648141e-01, -1.120605e-01],
 [-1.360912e-01, -2.864984e-01,  4.097686e-01, -8.316133e-02,  6.206505e-01],
 [ 2.583368e+00,  3.785666e+00, -3.499743e+00, -1.852544e+00, -7.949215e+00],
 [ 7.683020e-05, -2.656692e-04,  1.829051e-04,  8.224851e-04,  6.522516e-04],
 [-5.632853e-04, -5.785841e-05, -1.180668e-04,  3.293693e-04,  6.702814e-04],
 [-2.476590e-01, -1.453129e-01,  2.258053e-02,  3.519507e-01,  4.740839e-01]]
energy_short: [ 0.273667, -0.688432, -0.714447,  0.479699,  0.565865,  0.586258,  0.453476,  0.441706,  0.404475,  0.297132, -0.672296, -0.695078,  0.599515]
energy_long: [-4.936066e-02,  1.403150e-02,  1.401868e-02, -4.921745e-01, -2.901745e-05, -4.367389e-02, -5.291650e-02, -4.956257e-02, -1.229087e-02, -5.055174e-01,  1.432295e-02,  1.417755e-02, -4.598182e-02]