step=3704625, graph_id=0, num_atoms=13
scalar_charges: [  0.997497,   0.764308,   0.783377, -37.512283,   1.923291,   1.409379,   1.498001,   1.554534,   1.558859, -29.377169,   0.787952,   0.785031,   0.97599 ]
spherical_charges_l0: [[-3.652710e-02],
 [ 2.182375e-05],
 [-1.891578e-04],
 [-4.741189e+00],
 [-6.965206e-01],
 [-9.964027e-02],
 [-7.077967e-02],
 [-5.063011e-02],
 [-5.206158e-01],
 [-5.457956e+00],
 [-1.021285e-03],
 [-5.625028e-04],
 [-3.038342e-02]]
spherical_charges_l1: [[-6.308192e-04,  5.990621e-03,  9.125935e-03],
 [ 1.470745e-04,  3.833291e-06,  3.745254e-05],
 [-2.031773e-04, -2.209954e-05, -1.390401e-04],
 [-1.176703e-01,  9.391266e-01,  4.216416e-01],
 [-2.111306e-02,  6.235913e-02, -1.802449e-02],
 [ 2.927670e-02,  3.636915e-02, -1.554580e-02],
 [-3.925941e-03,  3.973422e-04, -1.361167e-02],
 [-9.828404e-03, -2.848676e-02, -8.769588e-04],
 [ 1.404793e-02, -6.775226e-02, -1.505631e-02],
 [ 6.614125e-01, -1.040938e+00,  3.041290e-01],
 [ 1.396070e-04, -1.678536e-04,  1.029290e-04],
 [-6.200434e-06, -1.743143e-04,  1.263608e-04],
 [ 6.023166e-03, -4.326335e-03,  7.691782e-03]]
spherical_charges_l2: [[-1.869196e-02,  6.468859e-03, -8.130707e-02, -4.152606e-02,  5.580105e-02],
 [-3.465901e-04, -6.656403e-06,  7.740031e-05,  6.523594e-04, -3.445506e-04],
 [-6.044616e-05, -6.160766e-04,  7.725381e-04,  5.100285e-04, -5.995342e-04],
 [-6.876302e-01,  2.961294e+00,  8.494585e+00,  3.924329e+00, -1.816589e+00],
 [-5.726375e-02, -4.293648e-01, -1.172546e+00, -6.331357e-01,  3.494993e-01],
 [-1.041306e-01,  1.090034e-01,  5.058468e-02,  2.805066e-02,  4.378793e-02],
 [ 1.291559e-01, -1.530879e-01, -2.759697e-02, -1.829579e-02, -7.368344e-02],
 [-6.491846e-03,  9.272939e-02,  7.931416e-02,  1.865098e-01,  6.655046e-03],
 [-1.945744e-01, -3.770774e-01,  4.335787e-01,  3.777799e-02,  7.772344e-01],
 [ 2.274439e+00,  3.107360e+00, -3.267729e+00, -1.117498e+00, -7.180108e+00],
 [ 6.470955e-04,  9.210316e-04,  8.105137e-05, -1.181530e-03, -1.350211e-03],
 [ 2.339006e-04,  6.114441e-04, -1.047281e-04, -9.616183e-04, -5.041240e-04],
 [-4.169754e-02, -2.354855e-02,  8.336722e-03,  5.125062e-02,  7.566293e-02]]
energy_short: [-0.418979,  0.858879,  0.837332, -0.28937 , -0.102662, -0.048484, -0.160016, -0.188543, -0.251754, -0.354919,  0.875615,  0.859348, -0.222054]
energy_long: [ 0.006205,  0.004708,  0.004966, -0.675589,  0.0465  ,  0.013693,  0.006842,  0.012025,  0.041105, -0.688254,  0.005333,  0.005527,  0.004838]