step=308385, graph_id=0, num_atoms=13
scalar_charges: [  0.467986,   0.691739,   0.686112, -28.359608,   0.569029,   0.430759,   0.420612,   0.435779,   0.496491, -24.445889,   0.68949 ,   0.687192,   0.53053 ]
spherical_charges_l0: [[-5.433986e-02],
 [-1.774847e-05],
 [-4.994244e-05],
 [-1.876714e+00],
 [-2.270974e-01],
 [-8.317862e-02],
 [ 1.317408e-02],
 [-1.516764e-02],
 [-1.092122e-01],
 [-2.356454e+00],
 [-1.009504e-04],
 [-1.089046e-04],
 [-6.058782e-02]]
spherical_charges_l1: [[ 7.336374e-03, -1.115400e-02, -1.199865e-03],
 [-3.398518e-05,  1.166216e-04, -5.484048e-05],
 [ 1.057755e-04, -3.382093e-05,  2.831367e-05],
 [-2.729550e-01,  2.062425e+00,  8.070784e-01],
 [-3.679645e-02,  1.369464e-01, -4.232271e-02],
 [ 1.040590e-01,  1.106312e-01,  3.539566e-02],
 [-5.227305e-03,  1.558485e-02, -1.352256e-02],
 [-1.869795e-02,  3.480301e-03, -2.814268e-02],
 [ 1.448339e-02, -8.307022e-02, -5.810601e-02],
 [ 1.660654e+00, -2.915211e+00,  5.098538e-01],
 [-1.801948e-04, -1.199178e-04,  4.677152e-05],
 [ 6.969139e-05,  3.168769e-05, -2.322850e-05],
 [ 2.295905e-02, -8.575196e-03,  5.985310e-03]]
spherical_charges_l2: [[-1.392443e-01,  3.407991e-02, -3.206075e-01, -1.081763e-01,  1.474707e-01],
 [-7.643128e-04,  3.890614e-04, -1.375520e-04,  3.197231e-04,  8.198523e-05],
 [-2.397909e-05,  4.242536e-05, -9.147487e-05,  7.247943e-05, -1.301377e-04],
 [-1.013909e+00,  4.273552e+00,  1.058339e+01,  4.571928e+00, -1.466929e+00],
 [-8.538338e-02, -4.474156e-01, -7.606770e-01, -1.699197e-01,  9.401997e-02],
 [-2.930590e-01,  1.090181e-02,  1.482562e-01,  1.738511e-01, -1.732351e-01],
 [ 1.069602e-01, -2.816848e-01,  3.123589e-02,  1.241511e-03, -1.160998e-01],
 [-7.184218e-02,  4.056579e-03, -2.019441e-02,  8.457631e-02, -1.471085e-01],
 [-4.902706e-02, -1.766508e-01,  3.104876e-01, -1.198737e-01,  4.100562e-01],
 [ 2.327546e+00,  3.318566e+00, -3.202375e+00, -1.388603e+00, -6.644502e+00],
 [ 6.355938e-05, -3.637245e-04,  2.508750e-04,  3.251231e-05,  3.715546e-05],
 [-2.304203e-04, -2.366454e-04,  9.251908e-05, -2.234891e-05,  1.731930e-04],
 [-2.129993e-01, -1.678185e-01,  4.134404e-02,  1.968135e-01,  2.554389e-01]]
energy_short: [ 0.201291, -0.544538, -0.574728,  0.453493,  0.462031,  0.463553,  0.340811,  0.32044 ,  0.311293,  0.246586, -0.530138, -0.555527,  0.551033]
energy_long: [-0.083709,  0.003447,  0.00326 , -0.296252, -0.03878 , -0.073924, -0.078404, -0.081904, -0.051628, -0.341223,  0.003298,  0.003337, -0.081939]