step=3155940, graph_id=0, num_atoms=13
scalar_charges: [  0.677934,   0.677705,   0.68462 , -33.375153,   1.805179,   1.487582,   1.568058,   1.663579,   1.358752, -25.927809,   0.682049,   0.682727,   0.672687]
spherical_charges_l0: [[-1.550838e-02],
 [-5.677391e-04],
 [-8.989077e-04],
 [-3.861867e+00],
 [-5.087769e-01],
 [-8.593326e-02],
 [-5.711346e-02],
 [-4.503983e-02],
 [-3.910608e-01],
 [-4.447502e+00],
 [-9.629753e-04],
 [-6.086635e-04],
 [-1.682932e-02]]
spherical_charges_l1: [[-2.033588e-03, -3.438704e-03, -7.039350e-04],
 [ 5.326249e-05, -9.140129e-06,  1.964925e-05],
 [-2.353494e-04,  6.207636e-05, -8.846942e-05],
 [-1.308168e-01,  8.054204e-01,  3.684415e-01],
 [-1.645819e-02,  5.626497e-02, -1.338234e-02],
 [ 3.094288e-02,  3.372321e-02, -1.397638e-02],
 [-4.313799e-03, -4.455408e-04, -1.119177e-02],
 [-1.023788e-02, -2.559387e-02, -2.663699e-03],
 [ 1.435655e-02, -5.484743e-02, -1.132349e-02],
 [ 5.766622e-01, -8.979204e-01,  2.112897e-01],
 [ 1.976319e-04, -5.230834e-05,  6.898002e-05],
 [-3.766370e-05, -9.492555e-05,  1.286405e-04],
 [-6.183380e-04,  2.442598e-03,  1.603436e-03]]
spherical_charges_l2: [[-1.659298e-02,  1.247535e-02, -4.586828e-02, -1.962451e-02,  3.126761e-02],
 [ 3.624232e-05, -7.241439e-04, -2.233727e-04, -1.765329e-04, -3.441990e-04],
 [ 1.132713e-03, -1.646063e-03,  6.923873e-04, -2.970851e-04, -1.051916e-03],
 [-4.728836e-01,  2.580791e+00,  7.684834e+00,  3.578758e+00, -1.662268e+00],
 [-4.541193e-02, -3.746299e-01, -1.009799e+00, -5.760781e-01,  2.914692e-01],
 [-1.156935e-01,  9.938955e-02,  4.145991e-02,  3.366322e-02,  1.190466e-02],
 [ 1.225638e-01, -1.336377e-01, -2.567364e-02, -8.314421e-03, -3.889301e-02],
 [-1.143899e-02,  6.352054e-02,  5.461370e-02,  1.626175e-01,  1.756225e-02],
 [-1.647021e-01, -3.071623e-01,  3.875124e-01,  2.745360e-02,  6.940848e-01],
 [ 2.089378e+00,  2.868489e+00, -2.950707e+00, -8.637172e-01, -6.452731e+00],
 [ 2.171339e-04,  1.894833e-03, -5.138824e-05, -5.459946e-04, -4.093737e-04],
 [ 8.039840e-04,  1.034177e-03, -6.017527e-04, -2.435639e-04, -2.591535e-05],
 [-1.970313e-02, -1.954934e-02,  4.619256e-03,  2.902733e-02,  3.724575e-02]]
energy_short: [ 0.592843,  0.623742,  0.612395, -0.443492, -0.299976, -0.256113, -0.348299, -0.391192, -0.446213, -0.510466,  0.630325,  0.625392,  0.803733]
energy_long: [ 0.013325,  0.012852,  0.012967, -0.629445,  0.051314,  0.021209,  0.015133,  0.020011,  0.047666, -0.644577,  0.013335,  0.013194,  0.014282]