step=80100, graph_id=0, num_atoms=13
scalar_charges: [ -0.544893,   1.888855,   1.875996, -10.131076,  -0.822275,  -0.585369,  -0.481871,  -0.514151,  -0.566749,  -9.595591,   1.892701,   1.877823,  -0.475987]
spherical_charges_l0: [[-2.306145e-02],
 [-3.241787e-06],
 [-2.693847e-05],
 [-1.132779e+00],
 [-9.012548e-02],
 [-2.719149e-02],
 [-3.117468e-03],
 [-1.512513e-02],
 [-2.313203e-02],
 [-1.449056e+00],
 [-3.320562e-05],
 [-3.504530e-05],
 [-1.082772e-02]]
spherical_charges_l1: [[ 2.293565e-02, -6.549870e-03,  1.679464e-02],
 [-1.041734e-04, -4.030369e-05, -5.640960e-05],
 [ 4.671857e-05, -3.887396e-05,  1.836032e-05],
 [-1.572675e-01,  2.163332e+00,  7.275469e-01],
 [ 5.928621e-03,  1.325643e-01,  2.869601e-02],
 [ 6.180980e-02,  3.370993e-02,  4.522691e-02],
 [-4.294781e-03, -7.706499e-03, -2.540490e-02],
 [-7.332393e-03,  1.537588e-02, -1.678965e-03],
 [ 1.283399e-02, -8.119591e-02, -1.202192e-02],
 [ 1.182873e+00, -1.923174e+00,  7.428393e-01],
 [-7.524536e-05, -2.260713e-05,  9.199688e-06],
 [ 7.396272e-05,  7.059803e-05, -3.040380e-05],
 [ 1.254211e-02,  1.091180e-02,  1.466370e-02]]
spherical_charges_l2: [[-5.286095e-02,  2.668104e-02, -8.783148e-02,  2.313784e-02,  4.070734e-02],
 [-2.017488e-04, -2.500536e-05,  5.449958e-05,  1.108077e-04, -7.043299e-05],
 [ 6.083287e-05,  6.539277e-05,  3.124528e-05,  5.303283e-05, -5.328489e-05],
 [ 9.239653e-01,  5.978007e-01,  4.196329e+00,  1.102060e+00, -1.107485e+00],
 [ 1.367503e-02, -1.805304e-01, -2.462397e-01, -5.349419e-02, -9.706164e-03],
 [-1.279610e-01,  2.651766e-02,  6.287079e-02,  1.182709e-01, -6.027873e-02],
 [ 3.104597e-02, -8.150011e-02,  1.384318e-02, -1.745837e-02, -4.983741e-02],
 [-3.799060e-02,  1.078825e-02, -6.587172e-03,  3.380753e-02, -1.316056e-02],
 [-2.936723e-03, -3.721176e-02,  8.073898e-02, -2.556521e-02,  1.076730e-01],
 [ 1.173394e+00,  1.754660e+00, -1.433477e+00, -1.051231e+00, -3.112612e+00],
 [-8.575233e-06,  3.415491e-05, -4.683508e-06, -3.541179e-05, -2.876401e-05],
 [ 4.498725e-05, -3.087577e-05,  1.253328e-05,  2.378345e-06, -5.881473e-06],
 [-4.980663e-02, -4.299031e-02,  1.212186e-02,  4.596614e-02,  5.598102e-02]]
energy_short: [ 0.21111 , -0.500025, -0.525566,  0.368209,  0.330879,  0.325584,  0.180143,  0.173456,  0.165966,  0.150291, -0.476794, -0.504836,  0.578766]
energy_long: [-0.019914, -0.008124, -0.007321, -0.093963,  0.005803, -0.009478, -0.01316 , -0.015113,  0.006785, -0.10293 , -0.007043, -0.007199, -0.017272]