step=1253565, graph_id=0, num_atoms=13
scalar_charges: [  0.738822,   0.645737,   0.654208, -19.069376,   0.677612,   0.671055,   0.707072,   0.692674,   0.694669, -15.063091,   0.64445 ,   0.653035,   0.784089]
spherical_charges_l0: [[-7.762651e-02],
 [ 6.242417e-05],
 [ 7.758509e-06],
 [-2.326990e+00],
 [-3.635024e-01],
 [-8.750669e-02],
 [-2.528264e-02],
 [-3.475904e-02],
 [-2.114443e-01],
 [-2.980424e+00],
 [ 6.226473e-05],
 [-2.258610e-05],
 [-9.036873e-02]]
spherical_charges_l1: [[-9.621485e-03,  2.916120e-02,  6.435450e-03],
 [ 6.671236e-05, -1.527790e-05,  7.141654e-05],
 [-1.366389e-04,  8.948389e-05,  3.923473e-06],
 [-1.860524e-02,  9.873421e-01,  4.945936e-01],
 [-3.485198e-02,  6.954062e-02, -2.739727e-02],
 [ 5.207358e-02,  4.026504e-02,  8.672337e-03],
 [-3.099487e-03, -1.522655e-03, -1.313877e-02],
 [-1.481830e-02, -8.074057e-03, -6.996766e-03],
 [ 3.865649e-03, -5.758400e-02, -2.850154e-02],
 [ 7.716803e-01, -1.294364e+00,  2.670550e-01],
 [ 6.696820e-05,  5.481329e-05, -1.490220e-05],
 [-7.739791e-06, -5.514412e-05,  4.512730e-05],
 [ 2.248535e-02, -4.055316e-02,  1.373748e-02]]
spherical_charges_l2: [[-8.444601e-02,  4.505723e-02, -3.606882e-01, -1.529223e-01,  2.219808e-01],
 [-4.468330e-05,  6.057128e-04,  2.181614e-04, -4.715499e-05,  6.001661e-04],
 [-4.471049e-07, -3.511344e-04, -2.565252e-04,  4.087042e-05, -2.081539e-04],
 [-2.337069e-02,  2.838074e+00,  9.109460e+00,  3.672156e+00, -2.032398e+00],
 [-9.588601e-02, -4.980732e-01, -9.285628e-01, -4.777778e-01,  1.552221e-01],
 [-1.803115e-01,  8.640310e-02,  1.743354e-01,  9.277558e-02, -9.128477e-02],
 [ 9.240850e-02, -1.871310e-01, -3.291499e-02, -3.837801e-02, -1.071565e-01],
 [-4.776175e-02,  8.185379e-02, -2.741159e-04,  1.523737e-01, -9.881037e-02],
 [-1.328231e-01, -2.799235e-01,  3.961039e-01, -3.171682e-02,  5.993084e-01],
 [ 2.405091e+00,  3.361018e+00, -3.167654e+00, -1.478157e+00, -6.963672e+00],
 [ 2.536425e-04, -8.184102e-05,  2.166658e-04,  3.982275e-04, -3.490371e-05],
 [-2.691521e-04, -2.216337e-04, -1.529071e-04, -1.880705e-04,  1.989950e-04],
 [-2.126688e-01, -1.399684e-01,  3.233279e-02,  2.538962e-01,  3.517991e-01]]
energy_short: [ 0.31259 , -0.737332, -0.762955,  0.425787,  0.616324,  0.637775,  0.497259,  0.496041,  0.467486,  0.288514, -0.714626, -0.738641,  0.578432]
energy_long: [-0.04078 ,  0.013869,  0.013781, -0.453291, -0.002583, -0.036005, -0.046513, -0.043604, -0.010481, -0.474382,  0.013868,  0.01394 , -0.036923]