step=1309635, graph_id=0, num_atoms=13
scalar_charges: [  0.774951,   0.63106 ,   0.651068, -18.721085,   0.758184,   0.735007,   0.770282,   0.746221,   0.768818, -14.278757,   0.622327,   0.644237,   0.799522]
spherical_charges_l0: [[-1.122146e-01],
 [-3.034135e-05],
 [-4.713023e-05],
 [-3.014571e+00],
 [-4.814463e-01],
 [-1.207399e-01],
 [-3.108371e-02],
 [-5.956722e-02],
 [-3.102505e-01],
 [-3.682301e+00],
 [ 8.876379e-06],
 [-5.538568e-05],
 [-1.294243e-01]]
spherical_charges_l1: [[-9.549596e-03,  2.661570e-02,  1.311814e-02],
 [-7.078052e-05, -2.950482e-05,  4.914857e-05],
 [-1.424901e-05,  2.895891e-05,  4.303918e-05],
 [-2.571585e-01,  1.037970e+00,  4.391618e-01],
 [-3.699485e-02,  1.094283e-01, -3.422752e-02],
 [ 6.234138e-02,  7.721081e-02,  9.255907e-03],
 [-3.550805e-03, -1.160358e-03, -1.109668e-02],
 [-2.306594e-02, -1.370734e-02, -2.577199e-02],
 [-2.992467e-05, -8.369269e-02, -4.998248e-02],
 [ 9.759428e-01, -1.574374e+00,  2.388435e-01],
 [ 2.054469e-05, -6.192686e-05,  5.467062e-05],
 [ 7.632831e-05, -2.273110e-05,  3.528169e-05],
 [ 3.054263e-02, -4.417902e-02,  2.715858e-02]]
spherical_charges_l2: [[-6.072450e-02,  6.481040e-02, -4.141684e-01, -2.019818e-01,  2.547016e-01],
 [ 1.389780e-04,  5.557471e-04,  1.907207e-04, -1.297811e-04,  6.617103e-04],
 [-1.825012e-04, -3.158347e-04, -2.013533e-04,  1.314671e-04, -2.154837e-04],
 [-1.395391e+00,  4.334826e+00,  1.125947e+01,  5.400407e+00, -2.218245e+00],
 [-1.351180e-01, -5.775644e-01, -1.188971e+00, -5.445231e-01,  2.164737e-01],
 [-2.817989e-01,  1.541650e-01,  2.151508e-01,  1.480681e-01, -1.493197e-01],
 [ 1.269165e-01, -2.720093e-01, -3.854392e-02, -6.545078e-02, -1.748468e-01],
 [-6.964178e-02,  1.412810e-01, -2.710200e-02,  2.174599e-01, -1.225548e-01],
 [-1.729989e-01, -3.468944e-01,  5.367573e-01, -4.989601e-02,  8.040788e-01],
 [ 2.568110e+00,  3.840646e+00, -3.956010e+00, -1.490408e+00, -8.234372e+00],
 [ 5.371320e-05, -1.482066e-04,  1.866851e-04,  3.259676e-04,  9.753717e-05],
 [-2.712636e-04, -1.556459e-04, -9.234777e-05,  2.253122e-05,  3.579204e-04],
 [-2.215103e-01, -1.191107e-01,  1.788488e-02,  3.024842e-01,  4.044568e-01]]
energy_short: [ 0.267011, -0.739911, -0.768339,  0.392386,  0.585821,  0.605821,  0.460737,  0.459522,  0.429955,  0.254692, -0.717397, -0.743556,  0.536897]
energy_long: [-0.029214,  0.016108,  0.015955, -0.4688  ,  0.019842, -0.024595, -0.03364 , -0.033511,  0.008873, -0.495212,  0.016088,  0.016209, -0.02686 ]