step=2378970, graph_id=0, num_atoms=13
scalar_charges: [  0.459282,   0.344083,   0.342414, -29.976557,   1.088781,   0.839975,   0.941228,   0.968954,   0.69069 , -25.393656,   0.337407,   0.342452,   0.474079]
spherical_charges_l0: [[-5.408313e-03],
 [-1.966400e-04],
 [-6.187254e-04],
 [-2.623746e+00],
 [-3.679416e-01],
 [-7.514303e-02],
 [-3.193622e-02],
 [-2.352513e-02],
 [-2.559840e-01],
 [-3.143735e+00],
 [-1.108138e-03],
 [-7.687459e-04],
 [-5.819216e-03]]
spherical_charges_l1: [[-9.961167e-04, -8.199431e-03, -3.222035e-03],
 [-5.869870e-05,  1.327159e-04,  1.432128e-05],
 [-2.465147e-04,  1.590468e-04, -6.793087e-05],
 [-1.561278e-01,  1.011080e+00,  3.971922e-01],
 [-1.132037e-02,  7.744252e-02, -6.954404e-03],
 [ 4.726533e-02,  2.352882e-02,  8.257054e-04],
 [-7.170851e-03, -4.449999e-03, -2.377192e-02],
 [-2.206464e-02, -1.009782e-02, -4.151870e-03],
 [ 9.928448e-03, -4.297766e-02, -2.141054e-02],
 [ 6.784147e-01, -1.023908e+00,  2.719400e-01],
 [ 2.477181e-06,  7.321793e-05, -1.493419e-05],
 [-6.155872e-05, -7.541666e-05,  1.178855e-04],
 [-2.555291e-03,  4.736877e-03, -8.253145e-04]]
spherical_charges_l2: [[-1.417824e-02,  1.280823e-02, -2.377700e-02, -3.856836e-03,  1.522412e-02],
 [ 3.790734e-04, -7.542335e-04, -1.349432e-04, -8.534211e-05, -4.123986e-04],
 [ 5.914723e-04, -1.226967e-03,  3.192997e-04, -3.027821e-04, -5.848950e-04],
 [-9.033353e-01,  1.940474e+00,  6.747632e+00,  3.176129e+00, -1.367449e+00],
 [-7.026564e-03, -3.600088e-01, -8.623530e-01, -5.332822e-01,  2.548693e-01],
 [-3.409964e-02,  1.173725e-01,  5.856074e-02,  3.112920e-02,  1.007972e-03],
 [ 9.795720e-02, -1.168582e-01, -2.206947e-02, -1.622710e-02, -2.346018e-02],
 [-4.577574e-03,  7.986226e-02,  2.756635e-02,  1.100155e-01, -5.762568e-03],
 [-1.237816e-01, -2.557016e-01,  3.195053e-01,  1.832317e-02,  5.826100e-01],
 [ 1.666023e+00,  2.241615e+00, -2.433941e+00, -1.066334e+00, -5.505241e+00],
 [ 5.544651e-04,  1.309361e-03, -5.057037e-04,  4.058111e-04,  3.273098e-04],
 [ 3.500559e-04,  1.211319e-03, -5.772817e-04,  1.770779e-04,  1.513026e-04],
 [-1.028053e-02, -1.038290e-02,  1.372550e-03,  1.787119e-02,  2.111149e-02]]
energy_short: [ 0.38856 ,  0.535959,  0.523489, -0.496077, -0.388864, -0.319262, -0.403146, -0.452562, -0.522256, -0.562375,  0.541278,  0.536987,  0.600102]
energy_long: [ 0.079377,  0.076579,  0.076534, -0.358294,  0.118681,  0.090273,  0.08417 ,  0.088635,  0.111853, -0.379704,  0.077721,  0.077346,  0.079716]