step=2791485, graph_id=0, num_atoms=13
scalar_charges: [  0.601086,   0.583673,   0.586136, -30.056383,   1.499379,   1.345283,   1.419265,   1.433762,   1.122884, -23.572971,   0.582459,   0.584685,   0.582636]
spherical_charges_l0: [[-1.088817e-02],
 [-2.236654e-04],
 [-5.391208e-04],
 [-3.310203e+00],
 [-4.401111e-01],
 [-8.281562e-02],
 [-5.126122e-02],
 [-3.379259e-02],
 [-3.343391e-01],
 [-3.798760e+00],
 [-7.133145e-04],
 [-3.774480e-04],
 [-1.228516e-02]]
spherical_charges_l1: [[-1.450750e-03, -2.803883e-03, -5.205499e-04],
 [ 9.542466e-05,  2.099636e-05,  4.735670e-05],
 [-2.953816e-04,  1.542065e-04, -8.416226e-05],
 [-7.463725e-02,  8.465783e-01,  3.779177e-01],
 [-1.610917e-02,  7.044109e-02, -9.608563e-03],
 [ 3.395666e-02,  3.067125e-02, -6.687589e-03],
 [-5.627863e-03, -9.731082e-04, -1.704462e-02],
 [-1.318055e-02, -2.335043e-02, -4.004656e-03],
 [ 1.804366e-02, -6.142220e-02, -1.166749e-02],
 [ 6.182463e-01, -9.769939e-01,  1.709603e-01],
 [ 2.962444e-04,  1.070720e-04,  1.090054e-05],
 [-1.472705e-04, -1.674821e-04,  1.683281e-04],
 [-4.832895e-04,  1.702751e-03,  1.238976e-03]]
spherical_charges_l2: [[-1.317328e-02,  1.053221e-02, -2.920423e-02, -9.809796e-03,  1.837771e-02],
 [ 2.873852e-04, -6.175441e-04, -5.632620e-05, -1.283920e-04, -2.978043e-04],
 [ 9.760700e-04, -1.165548e-03,  4.450673e-04, -3.960465e-04, -5.198104e-04],
 [-5.019654e-01,  2.416055e+00,  7.090295e+00,  3.362540e+00, -1.490055e+00],
 [-4.580399e-02, -3.620865e-01, -9.407042e-01, -5.652249e-01,  2.770658e-01],
 [-1.102285e-01,  1.030998e-01,  4.084271e-02,  5.281381e-02, -1.124336e-02],
 [ 1.142457e-01, -1.226782e-01, -2.546891e-02, -9.779895e-03, -2.614796e-02],
 [-1.973126e-02,  5.938827e-02,  3.831093e-02,  1.316889e-01,  7.438235e-03],
 [-1.445748e-01, -2.754430e-01,  3.635212e-01,  4.496328e-02,  6.681315e-01],
 [ 1.811061e+00,  2.369648e+00, -2.572164e+00, -9.807376e-01, -5.936595e+00],
 [ 5.843930e-04,  1.483929e-03, -2.553318e-04, -1.176689e-05, -9.745894e-05],
 [ 5.027205e-04,  1.235742e-03, -5.942424e-04,  8.136743e-05,  2.065821e-04],
 [-1.368866e-02, -1.444139e-02,  2.804527e-03,  1.975301e-02,  2.380119e-02]]
energy_short: [ 0.564749,  0.585102,  0.573516, -0.468534, -0.331848, -0.280804, -0.37198 , -0.415424, -0.475479, -0.539517,  0.591112,  0.586026,  0.780683]
energy_long: [ 0.026709,  0.025107,  0.025344, -0.454878,  0.06684 ,  0.036089,  0.029319,  0.034643,  0.061234, -0.47218 ,  0.025772,  0.025666,  0.026871]