step=2451060, graph_id=0, num_atoms=13
scalar_charges: [  0.51187 ,   0.422728,   0.420236, -27.77777 ,   1.294967,   1.059295,   1.185066,   1.234057,   1.001793, -23.710255,   0.417782,   0.421963,   0.513766]
spherical_charges_l0: [[-8.797600e-03],
 [-2.509321e-04],
 [-5.242533e-04],
 [-2.509157e+00],
 [-3.090942e-01],
 [-7.348324e-02],
 [-3.629691e-02],
 [-1.672296e-02],
 [-2.017856e-01],
 [-2.848666e+00],
 [-9.535420e-04],
 [-6.514712e-04],
 [-8.891530e-03]]
spherical_charges_l1: [[-9.400873e-04, -4.952164e-03, -2.651939e-03],
 [ 1.650441e-05,  1.006307e-04,  4.193209e-05],
 [-1.831737e-04,  2.300692e-05, -9.227749e-05],
 [-3.204854e-02,  8.546222e-01,  4.377036e-01],
 [-4.698128e-03,  5.918432e-02,  2.762560e-03],
 [ 3.472921e-02,  1.902122e-02, -4.944004e-03],
 [-5.381781e-03, -3.297949e-03, -1.985040e-02],
 [-1.104765e-02, -1.318253e-02, -1.332831e-02],
 [ 6.694583e-03, -3.732692e-02, -4.243263e-03],
 [ 5.828406e-01, -8.949257e-01,  2.833803e-01],
 [-2.381169e-05,  2.006586e-04, -1.045302e-04],
 [-1.590429e-04,  3.320479e-05,  4.529343e-05],
 [-6.252776e-04,  1.596630e-03,  4.118962e-04]]
spherical_charges_l2: [[-1.435820e-02,  1.168822e-02, -2.121057e-02, -2.763336e-03,  1.581028e-02],
 [ 3.582436e-04, -6.501604e-04, -8.761002e-05,  2.916281e-05, -4.702087e-04],
 [ 4.890652e-04, -1.127035e-03,  3.071292e-04, -2.685440e-04, -5.274520e-04],
 [-2.654655e-01,  1.668018e+00,  6.005160e+00,  2.413595e+00, -1.398436e+00],
 [-1.823005e-02, -3.016829e-01, -7.027797e-01, -4.382977e-01,  1.852697e-01],
 [-7.563779e-02,  6.476434e-02,  3.842429e-02,  3.759116e-02, -2.391659e-02],
 [ 6.171814e-02, -9.086961e-02, -2.180807e-02, -1.354936e-02, -4.124963e-02],
 [-5.091337e-02,  2.041128e-02,  4.993832e-02,  8.443665e-02, -7.175342e-03],
 [-1.022618e-01, -1.816651e-01,  2.334816e-01,  4.580974e-02,  4.660485e-01],
 [ 1.566995e+00,  2.190284e+00, -2.360592e+00, -7.742716e-01, -5.163399e+00],
 [ 1.088122e-03,  1.212501e-03, -3.558112e-04,  2.359824e-05, -1.333328e-04],
 [ 2.097547e-04,  1.209670e-03, -4.829027e-04, -2.130845e-04,  1.638406e-05],
 [-1.079856e-02, -1.183187e-02,  2.437706e-03,  1.492527e-02,  1.680591e-02]]
energy_short: [ 0.438826,  0.537097,  0.525108, -0.491181, -0.368732, -0.308181, -0.404076, -0.44557 , -0.506581, -0.562006,  0.542882,  0.538606,  0.653165]
energy_long: [ 0.067001,  0.065123,  0.06525 , -0.387637,  0.10413 ,  0.077891,  0.070868,  0.07804 ,  0.098004, -0.394089,  0.066069,  0.065885,  0.067912]