step=3059820, graph_id=0, num_atoms=13
scalar_charges: [  0.653646,   0.663668,   0.67241 , -35.690216,   1.831364,   1.518121,   1.586263,   1.64941 ,   1.39943 , -28.06326 ,   0.667707,   0.668911,   0.653295]
spherical_charges_l0: [[-1.891800e-02],
 [-4.971927e-04],
 [-1.042306e-03],
 [-3.772701e+00],
 [-5.181401e-01],
 [-8.575919e-02],
 [-5.387067e-02],
 [-4.260773e-02],
 [-3.908584e-01],
 [-4.339595e+00],
 [-1.199043e-03],
 [-7.804118e-04],
 [-2.126708e-02]]
spherical_charges_l1: [[-1.508178e-03, -2.517715e-03,  1.236351e-04],
 [ 9.507820e-05, -2.116321e-05,  2.489675e-05],
 [-2.894324e-04,  1.176453e-04, -9.424768e-05],
 [-1.022362e-01,  9.104353e-01,  4.295406e-01],
 [-1.907241e-02,  6.842826e-02, -1.232107e-02],
 [ 3.170022e-02,  3.118820e-02, -1.359056e-02],
 [-4.856377e-03, -1.253906e-03, -1.223453e-02],
 [-1.107994e-02, -2.501386e-02, -1.566040e-03],
 [ 1.690604e-02, -6.264655e-02, -8.234488e-03],
 [ 6.275696e-01, -9.671632e-01,  2.668886e-01],
 [ 3.177386e-04, -2.101516e-05,  8.250272e-05],
 [-7.299090e-05, -1.743293e-04,  1.797698e-04],
 [ 1.503129e-04,  1.733619e-03,  2.164523e-03]]
spherical_charges_l2: [[-1.784434e-02,  1.281236e-02, -5.304062e-02, -2.514281e-02,  3.485841e-02],
 [ 1.512957e-04, -7.638782e-04, -1.840600e-04, -1.975853e-04, -3.654187e-04],
 [ 1.306752e-03, -1.776546e-03,  9.352452e-04, -2.778611e-04, -1.097624e-03],
 [-5.410339e-01,  2.507704e+00,  7.797907e+00,  3.684569e+00, -1.798138e+00],
 [-3.887196e-02, -3.789543e-01, -1.064012e+00, -6.063551e-01,  3.111853e-01],
 [-1.147518e-01,  9.786218e-02,  4.152779e-02,  3.920807e-02,  7.509874e-03],
 [ 1.095703e-01, -1.332645e-01, -3.055447e-02, -1.223220e-02, -4.627909e-02],
 [-1.425008e-02,  5.240832e-02,  5.221682e-02,  1.540705e-01,  1.493143e-02],
 [-1.709556e-01, -3.105662e-01,  3.899462e-01,  3.997821e-02,  7.260085e-01],
 [ 2.141015e+00,  2.862082e+00, -2.974545e+00, -1.097528e+00, -6.692235e+00],
 [ 7.169773e-04,  2.719119e-03, -3.141325e-04, -8.318694e-04, -8.965660e-04],
 [ 1.090889e-03,  1.568318e-03, -8.070956e-04, -3.893393e-04, -2.704061e-04],
 [-2.309783e-02, -2.054356e-02,  3.701597e-03,  3.743665e-02,  4.653427e-02]]
energy_short: [ 0.60545 ,  0.615284,  0.604169, -0.442373, -0.297956, -0.24606 , -0.337655, -0.380112, -0.441596, -0.510962,  0.622246,  0.617085,  0.818211]
energy_long: [ 0.010645,  0.009714,  0.009809, -0.607469,  0.050611,  0.01837 ,  0.012542,  0.018795,  0.048239, -0.618202,  0.010077,  0.010017,  0.011031]