step=3688605, graph_id=0, num_atoms=13
scalar_charges: [  1.003493,   0.756708,   0.77621 , -36.633713,   1.908753,   1.418964,   1.521436,   1.556161,   1.552953, -28.862534,   0.77971 ,   0.777118,   0.980169]
spherical_charges_l0: [[-3.470244e-02],
 [-1.789355e-05],
 [-2.305472e-04],
 [-4.633402e+00],
 [-6.650144e-01],
 [-9.512921e-02],
 [-6.349054e-02],
 [-4.297563e-02],
 [-4.879472e-01],
 [-5.335250e+00],
 [-1.058371e-03],
 [-6.017884e-04],
 [-2.887947e-02]]
spherical_charges_l1: [[-3.161689e-04,  5.944458e-03,  8.882640e-03],
 [ 1.520238e-04, -3.971439e-06,  4.045372e-05],
 [-2.444610e-04, -2.428512e-05, -1.579793e-04],
 [-1.394202e-01,  9.210837e-01,  4.091620e-01],
 [-2.056009e-02,  6.014904e-02, -1.672717e-02],
 [ 2.838984e-02,  3.135684e-02, -1.619351e-02],
 [-3.597218e-03,  7.853981e-04, -1.160364e-02],
 [-8.703929e-03, -2.707387e-02, -4.556669e-03],
 [ 1.137425e-02, -6.183785e-02, -1.237971e-02],
 [ 6.441069e-01, -1.012779e+00,  3.028307e-01],
 [ 1.636023e-04, -1.516351e-04,  9.256047e-05],
 [-3.062785e-05, -1.787475e-04,  1.233362e-04],
 [ 6.192240e-03, -4.544031e-03,  7.296063e-03]]
spherical_charges_l2: [[-1.857642e-02,  7.472083e-03, -7.963573e-02, -4.134037e-02,  5.328377e-02],
 [-2.446655e-04, -6.099379e-05,  1.375527e-04,  5.848630e-04, -3.829523e-04],
 [ 5.257733e-05, -6.990626e-04,  8.590014e-04,  4.744980e-04, -6.612914e-04],
 [-6.357134e-01,  2.864040e+00,  8.395285e+00,  3.825436e+00, -1.846265e+00],
 [-4.011685e-02, -4.280579e-01, -1.138641e+00, -6.143996e-01,  3.275039e-01],
 [-1.027042e-01,  1.125114e-01,  3.308341e-02,  3.701357e-02,  4.326905e-02],
 [ 1.184065e-01, -1.440163e-01, -2.727974e-02, -1.575735e-02, -6.864455e-02],
 [-1.064686e-02,  8.936104e-02,  8.383827e-02,  1.666288e-01,  1.048295e-02],
 [-1.812322e-01, -3.502765e-01,  4.120808e-01,  3.232832e-02,  7.419713e-01],
 [ 2.254934e+00,  3.015496e+00, -3.205363e+00, -1.078917e+00, -7.083621e+00],
 [ 6.470137e-04,  1.000036e-03,  6.999642e-05, -1.339465e-03, -1.454594e-03],
 [ 3.622780e-04,  7.078594e-04, -1.243017e-04, -1.043361e-03, -6.497121e-04],
 [-4.089733e-02, -2.361138e-02,  7.554554e-03,  5.079218e-02,  7.272170e-02]]
energy_short: [-0.439146,  0.857365,  0.835679, -0.29057 , -0.10749 , -0.051429, -0.164206, -0.191646, -0.256505, -0.35613 ,  0.873432,  0.857382, -0.243643]
energy_long: [ 0.006469,  0.004835,  0.005073, -0.66723 ,  0.047839,  0.014389,  0.007699,  0.012654,  0.042037, -0.679087,  0.005415,  0.005602,  0.004965]