step=2310885, graph_id=0, num_atoms=13
scalar_charges: [  0.449164,   0.266686,   0.26444 , -31.298092,   0.744361,   0.518225,   0.572586,   0.661004,   0.434777, -27.514574,   0.258445,   0.263177,   0.460839]
spherical_charges_l0: [[-6.069454e-03],
 [ 7.315938e-06],
 [-8.361202e-04],
 [-2.531404e+00],
 [-3.099833e-01],
 [-7.237236e-02],
 [-2.207508e-02],
 [-3.173033e-02],
 [-2.088351e-01],
 [-2.879130e+00],
 [-1.187461e-03],
 [-8.761340e-04],
 [-5.293128e-03]]
spherical_charges_l1: [[-1.270629e-03, -9.482247e-03, -2.969578e-03],
 [-5.060813e-05,  1.181454e-04,  2.069256e-05],
 [-1.701022e-04,  2.944113e-05, -8.243258e-05],
 [-1.353627e-01,  9.407130e-01,  3.785219e-01],
 [-1.374764e-02,  5.569279e-02, -1.206042e-02],
 [ 3.457163e-02,  2.390595e-02, -1.010284e-04],
 [-3.490441e-03, -5.908885e-03, -1.887641e-02],
 [-1.502787e-02, -1.049628e-02,  3.486476e-03],
 [ 4.159465e-03, -3.642549e-02, -3.235447e-02],
 [ 6.888950e-01, -1.032624e+00,  3.352426e-01],
 [-6.326265e-05,  8.423351e-05,  3.356694e-05],
 [-6.771876e-05,  3.807447e-05,  5.494048e-05],
 [-2.047225e-03,  4.446145e-03, -1.086326e-03]]
spherical_charges_l2: [[-1.968550e-02,  1.378530e-02, -2.212824e-02,  1.916805e-03,  1.488348e-02],
 [-1.076933e-04, -2.907428e-04, -1.662779e-04,  1.586577e-04, -2.149395e-04],
 [ 1.537159e-04, -5.239933e-04,  4.412212e-04,  6.785119e-05, -3.666134e-04],
 [-7.528985e-01,  1.571850e+00,  5.883458e+00,  2.700015e+00, -1.365125e+00],
 [-4.815872e-03, -3.013270e-01, -6.563705e-01, -3.717317e-01,  2.111081e-01],
 [-4.994938e-02,  9.035394e-02,  4.887074e-02,  2.658255e-02, -5.258629e-03],
 [ 6.368072e-02, -1.105276e-01, -1.773410e-02, -1.502191e-02, -4.951669e-02],
 [-2.559707e-02,  3.721524e-02,  3.210301e-02,  8.227786e-02, -3.359431e-02],
 [-7.998487e-02, -1.988463e-01,  2.597728e-01, -2.169265e-02,  4.663868e-01],
 [ 1.424512e+00,  2.045434e+00, -2.153681e+00, -9.583855e-01, -5.083883e+00],
 [ 3.002243e-04,  1.363953e-03, -6.653763e-04,  6.090450e-04,  5.912465e-04],
 [ 4.235964e-04,  7.529940e-04, -3.564446e-04,  2.418019e-04,  2.138702e-04],
 [-1.077567e-02, -1.266636e-02,  3.803351e-03,  1.566412e-02,  2.239699e-02]]
energy_short: [ 0.35643 ,  0.531719,  0.519741, -0.565669, -0.422385, -0.342706, -0.419568, -0.471606, -0.553507, -0.638655,  0.537827,  0.533424,  0.56624 ]
energy_long: [ 0.091629,  0.089584,  0.089924, -0.277851,  0.128574,  0.103952,  0.098322,  0.102517,  0.121044, -0.305552,  0.091054,  0.090638,  0.091967]