step=2983725, graph_id=0, num_atoms=13
scalar_charges: [  0.604417,   0.641703,   0.647244, -30.253443,   1.59431 ,   1.367128,   1.480575,   1.49977 ,   1.116238, -24.247047,   0.646375,   0.646918,   0.593115]
spherical_charges_l0: [[-1.332944e-02],
 [-4.685627e-04],
 [-9.437720e-04],
 [-3.377558e+00],
 [-4.840720e-01],
 [-8.595724e-02],
 [-5.993473e-02],
 [-4.147602e-02],
 [-3.649392e-01],
 [-3.924624e+00],
 [-1.098529e-03],
 [-7.520902e-04],
 [-1.608837e-02]]
spherical_charges_l1: [[-1.606827e-03, -3.596707e-03, -8.470479e-04],
 [ 1.020492e-04, -2.820628e-05,  2.691572e-05],
 [-2.366492e-04,  1.227798e-04, -5.680140e-05],
 [-2.776740e-02,  7.970307e-01,  4.293443e-01],
 [-1.805862e-02,  6.659270e-02, -9.432827e-03],
 [ 3.197167e-02,  2.821683e-02, -1.156268e-02],
 [-5.420594e-03, -9.994492e-04, -1.393227e-02],
 [-9.937994e-03, -2.420598e-02, -2.177397e-03],
 [ 1.930725e-02, -5.997136e-02, -4.031510e-03],
 [ 5.602701e-01, -8.817284e-01,  2.007704e-01],
 [ 2.493597e-04,  3.490689e-05,  6.462225e-05],
 [-5.752368e-05, -7.029770e-05,  1.311543e-04],
 [-3.527383e-04,  2.172469e-03,  1.616281e-03]]
spherical_charges_l2: [[-1.748000e-02,  1.339058e-02, -3.954954e-02, -1.359524e-02,  2.561538e-02],
 [ 1.997259e-04, -6.776430e-04, -1.927393e-04, -2.744458e-04, -2.611760e-04],
 [ 1.055644e-03, -1.493988e-03,  6.501374e-04, -3.908180e-04, -8.634288e-04],
 [-4.468161e-01,  2.236585e+00,  7.071686e+00,  3.304147e+00, -1.579650e+00],
 [-3.357052e-02, -3.715121e-01, -1.011128e+00, -5.966282e-01,  2.986483e-01],
 [-1.177928e-01,  1.172942e-01,  3.677674e-02,  4.489221e-02,  2.520354e-03],
 [ 1.189943e-01, -1.281173e-01, -2.612412e-02, -9.415012e-03, -3.557866e-02],
 [-1.617878e-02,  6.293492e-02,  4.135972e-02,  1.493856e-01,  1.047920e-02],
 [-1.601162e-01, -2.920780e-01,  3.763396e-01,  4.300731e-02,  6.871431e-01],
 [ 1.860160e+00,  2.534985e+00, -2.712082e+00, -9.189380e-01, -6.066569e+00],
 [-1.692632e-04,  1.891762e-03, -1.807089e-04, -4.204406e-04, -1.640853e-04],
 [ 8.495903e-04,  9.221025e-04, -5.281835e-04,  3.666402e-05,  6.565683e-05],
 [-1.926804e-02, -2.094146e-02,  5.091322e-03,  2.615821e-02,  3.465420e-02]]
energy_short: [ 0.548962,  0.610625,  0.598852, -0.453601, -0.307145, -0.255961, -0.348526, -0.391638, -0.451674, -0.52243 ,  0.615915,  0.61132 ,  0.763723]
energy_long: [ 0.016665,  0.01597 ,  0.01621 , -0.569254,  0.057351,  0.024931,  0.019009,  0.024598,  0.053344, -0.578517,  0.016573,  0.016496,  0.016794]