step=3656565, graph_id=0, num_atoms=13
scalar_charges: [  1.002038,   0.754392,   0.775134, -36.627346,   1.943213,   1.473872,   1.567696,   1.596952,   1.601995, -28.736343,   0.77888 ,   0.776807,   0.978405]
spherical_charges_l0: [[-3.554719e-02],
 [ 3.539802e-06],
 [-1.798965e-04],
 [-4.588106e+00],
 [-6.785507e-01],
 [-9.623966e-02],
 [-6.612886e-02],
 [-4.557316e-02],
 [-5.028308e-01],
 [-5.238243e+00],
 [-1.065901e-03],
 [-5.798856e-04],
 [-2.963415e-02]]
spherical_charges_l1: [[-1.926282e-04,  6.667498e-03,  9.653199e-03],
 [ 1.507545e-04, -9.016067e-06,  3.731524e-05],
 [-2.284602e-04, -2.351385e-05, -1.516623e-04],
 [-1.127476e-01,  9.286375e-01,  4.280458e-01],
 [-1.962370e-02,  6.440351e-02, -1.536831e-02],
 [ 2.851750e-02,  3.230758e-02, -1.673411e-02],
 [-3.885175e-03,  1.100459e-03, -1.122845e-02],
 [-9.229094e-03, -2.763227e-02, -4.646522e-03],
 [ 1.383571e-02, -6.831133e-02, -9.601037e-03],
 [ 6.500722e-01, -1.013050e+00,  3.083648e-01],
 [ 1.431878e-04, -1.452184e-04,  8.316946e-05],
 [-2.201324e-05, -1.731961e-04,  1.166153e-04],
 [ 6.790319e-03, -5.020501e-03,  7.940636e-03]]
spherical_charges_l2: [[-1.774361e-02,  8.855755e-03, -8.244228e-02, -4.334371e-02,  5.800460e-02],
 [-2.635182e-04,  4.640697e-06,  1.577138e-04,  6.195150e-04, -3.409664e-04],
 [ 4.058814e-05, -5.511711e-04,  8.355482e-04,  4.990568e-04, -5.787004e-04],
 [-5.861999e-01,  2.871065e+00,  8.399994e+00,  3.842286e+00, -1.769830e+00],
 [-4.919118e-02, -4.208551e-01, -1.172225e+00, -6.220776e-01,  3.512001e-01],
 [-1.066288e-01,  1.079765e-01,  4.051873e-02,  3.691917e-02,  4.062253e-02],
 [ 1.207270e-01, -1.430042e-01, -2.467979e-02, -1.392604e-02, -6.512122e-02],
 [-1.419230e-02,  8.625722e-02,  8.137274e-02,  1.717436e-01,  8.371774e-03],
 [-1.905463e-01, -3.530422e-01,  4.218605e-01,  4.429856e-02,  7.687868e-01],
 [ 2.278497e+00,  3.084642e+00, -3.193192e+00, -1.090156e+00, -7.019378e+00],
 [ 6.711448e-04,  9.566608e-04,  1.512427e-05, -1.245541e-03, -1.375827e-03],
 [ 3.071422e-04,  6.982286e-04, -1.078261e-04, -9.539415e-04, -5.754490e-04],
 [-4.010988e-02, -2.360424e-02,  7.801189e-03,  5.261124e-02,  7.627745e-02]]
energy_short: [-0.408926,  0.851837,  0.8309  , -0.292372, -0.105887, -0.049354, -0.160775, -0.189148, -0.254539, -0.356386,  0.870066,  0.853484, -0.21479 ]
energy_long: [ 0.006739,  0.005042,  0.005294, -0.672843,  0.048772,  0.014121,  0.0074  ,  0.012379,  0.04297 , -0.685216,  0.00569 ,  0.005885,  0.00513 ]