step=1734165, graph_id=0, num_atoms=13
scalar_charges: [  1.106697,   0.070348,   0.086126, -20.212671,   1.132698,   1.014715,   0.917513,   0.896383,   0.996305, -15.250641,   0.076145,   0.080544,   1.073586]
spherical_charges_l0: [[-1.047022e-01],
 [-1.509771e-04],
 [-1.860401e-04],
 [-2.669030e+00],
 [-4.004427e-01],
 [-1.059231e-01],
 [-4.072664e-02],
 [-5.021667e-02],
 [-2.434580e-01],
 [-3.356626e+00],
 [-1.207711e-04],
 [-1.531197e-04],
 [-1.117644e-01]]
spherical_charges_l1: [[-1.598811e-02,  3.088038e-02,  2.111277e-03],
 [ 4.999719e-05, -1.533652e-04, -8.817506e-07],
 [-1.581795e-04,  1.119825e-04, -1.915194e-05],
 [-1.322919e-01,  9.555240e-01,  4.215453e-01],
 [-1.467553e-02,  7.856422e-02, -7.018968e-03],
 [ 3.998473e-02,  6.059481e-02,  4.182525e-03],
 [-3.556959e-03, -6.950291e-04, -7.568041e-03],
 [-1.127633e-02, -1.294145e-02, -4.963438e-03],
 [ 6.986111e-03, -5.962881e-02, -1.863594e-02],
 [ 7.272800e-01, -1.215109e+00,  2.787178e-01],
 [ 1.052992e-04,  2.197621e-05,  4.679245e-06],
 [-3.650931e-05, -4.007374e-05,  1.247001e-05],
 [ 1.568735e-02, -3.617254e-02,  1.560951e-02]]
spherical_charges_l2: [[-7.552689e-02,  5.319599e-02, -3.405247e-01, -1.545452e-01,  2.043047e-01],
 [-3.147391e-04,  8.442411e-05, -7.331836e-05, -1.046985e-04,  1.644710e-04],
 [-3.401994e-04,  3.362569e-04, -3.075355e-05,  3.030028e-04, -2.340792e-04],
 [-3.243030e-01,  3.271601e+00,  8.529034e+00,  3.896072e+00, -1.856432e+00],
 [-9.655237e-02, -4.055404e-01, -9.088709e-01, -4.758131e-01,  2.100086e-01],
 [-2.381163e-01,  8.074383e-02,  1.533601e-01,  8.053358e-02, -1.001234e-01],
 [ 1.255831e-01, -2.192324e-01, -8.904654e-03, -4.276310e-02, -1.166780e-01],
 [-5.482772e-02,  8.592800e-02, -8.446992e-03,  1.796745e-01, -7.766268e-02],
 [-1.159056e-01, -2.610042e-01,  3.620604e-01,  1.723862e-02,  5.796606e-01],
 [ 2.283564e+00,  3.199163e+00, -3.067448e+00, -1.174341e+00, -6.896344e+00],
 [-1.135051e-04, -4.891336e-04,  2.969201e-04, -1.734521e-04, -2.039752e-04],
 [-7.305462e-05, -5.458057e-04,  1.454067e-04, -1.657654e-04, -7.198680e-05],
 [-1.815726e-01, -1.234912e-01,  3.113619e-02,  2.135863e-01,  3.154871e-01]]
energy_short: [ 0.158671, -0.62362 , -0.630198,  0.385138,  0.570503,  0.590106,  0.447338,  0.444349,  0.412282,  0.255155, -0.614856, -0.618103,  0.436493]
energy_long: [-0.036793,  0.015823,  0.01568 , -0.467237,  0.005163, -0.029735, -0.040934, -0.035647, -0.002738, -0.488965,  0.015845,  0.015824, -0.03378 ]