step=3332160, graph_id=0, num_atoms=13
scalar_charges: [  0.836525,   0.633486,   0.637726, -29.172916,   1.859032,   1.035985,   1.050916,   1.27653 ,   1.151875, -20.575413,   0.584953,   0.616514,   0.77562 ]
spherical_charges_l0: [[-5.188777e-02],
 [-7.655667e-04],
 [-1.263762e-03],
 [-3.155982e+00],
 [-3.950230e-01],
 [-5.381552e-02],
 [-5.038654e-02],
 [-2.850896e-02],
 [-3.050658e-01],
 [-3.235998e+00],
 [ 3.241074e-04],
 [-2.530259e-04],
 [-3.948730e-02]]
spherical_charges_l1: [[-3.824200e-04,  4.894301e-03,  8.157981e-03],
 [ 1.378130e-04, -2.418651e-04, -8.602413e-05],
 [-8.606462e-05, -1.315255e-04, -6.461066e-05],
 [-8.726379e-02,  8.149589e-01,  3.370554e-01],
 [-1.211881e-02,  5.064598e-02, -5.224349e-03],
 [ 2.302552e-02,  2.180476e-02, -7.943491e-03],
 [-5.374590e-03,  5.851306e-04, -9.113101e-03],
 [-6.364144e-03, -1.906185e-02, -5.386501e-03],
 [ 7.442401e-03, -4.771787e-02, -3.498756e-03],
 [ 4.678649e-01, -7.087901e-01,  1.805897e-01],
 [-7.104340e-04, -1.666383e-04,  2.188532e-04],
 [ 3.489042e-04,  2.497150e-04,  1.246186e-05],
 [ 7.755332e-03, -7.785069e-03,  7.966020e-03]]
spherical_charges_l2: [[-2.269040e-02,  3.360650e-02, -1.205033e-01, -4.461817e-02,  8.407243e-02],
 [-4.274419e-04,  3.124749e-04,  6.268130e-04,  1.273464e-03, -2.169658e-04],
 [ 4.775461e-04, -1.514260e-03,  1.343257e-03,  8.383002e-04, -1.439117e-03],
 [-2.197403e-01,  1.778554e+00,  6.236371e+00,  2.799843e+00, -1.458037e+00],
 [ 1.154968e-02, -3.266601e-01, -6.810217e-01, -3.924123e-01,  2.008876e-01],
 [-7.686364e-02,  8.366036e-02, -6.615623e-03,  2.722568e-02,  2.434476e-02],
 [ 1.068785e-01, -4.486565e-02, -1.837304e-03,  1.992036e-02,  2.705192e-02],
 [ 1.746226e-02,  7.313696e-02,  4.046594e-02,  1.118460e-01,  3.336018e-02],
 [-9.573767e-02, -2.012348e-01,  2.839223e-01, -1.570197e-02,  5.037931e-01],
 [ 1.553185e+00,  1.931788e+00, -2.099608e+00, -9.576637e-01, -4.855022e+00],
 [-3.971915e-04,  4.495173e-04, -4.840275e-04, -1.281051e-03, -1.322029e-03],
 [ 2.615365e-05,  6.441621e-04, -1.852269e-04, -8.106153e-04, -8.900954e-04],
 [-4.369491e-02, -3.215090e-02,  5.855488e-04,  7.059807e-02,  7.443970e-02]]
energy_short: [-0.065332,  0.73029 ,  0.715338, -0.397018, -0.143169, -0.049445, -0.169753, -0.20084 , -0.301693, -0.43743 ,  0.764441,  0.744489,  0.081391]
energy_long: [ 0.013146,  0.005706,  0.005846, -0.63761 ,  0.04843 ,  0.018754,  0.014941,  0.017022,  0.043613, -0.652425,  0.009074,  0.008014,  0.005458]