step=1886355, graph_id=0, num_atoms=13
scalar_charges: [ 1.277113e+00, -2.390512e-02, -1.475865e-02, -1.873138e+01,  1.290445e+00,  1.135919e+00,  9.791581e-01,  9.788180e-01,  1.186491e+00, -1.449969e+01, -1.576863e-02, -1.750610e-02,  1.187819e+00]
spherical_charges_l0: [[-1.145019e-01],
 [-1.508009e-05],
 [-1.171501e-04],
 [-3.043677e+00],
 [-4.277737e-01],
 [-1.028755e-01],
 [-3.986625e-02],
 [-4.536543e-02],
 [-2.680522e-01],
 [-3.836066e+00],
 [-5.340090e-05],
 [ 7.693523e-06],
 [-1.253170e-01]]
spherical_charges_l1: [[-6.973073e-03,  2.844695e-02,  4.607733e-03],
 [-1.240032e-05,  2.915979e-05,  2.825171e-05],
 [-7.012097e-05,  1.065737e-04,  1.587195e-05],
 [-1.083967e-01,  1.040832e+00,  4.532058e-01],
 [-2.410905e-02,  7.596574e-02, -1.606791e-02],
 [ 3.582402e-02,  4.347612e-02,  2.227911e-03],
 [-3.454966e-03, -2.263897e-04, -9.651218e-03],
 [-8.044130e-03, -1.688276e-02, -3.386982e-03],
 [ 1.299015e-02, -6.575323e-02, -2.056555e-02],
 [ 7.259983e-01, -1.244256e+00,  3.282871e-01],
 [ 9.163999e-05,  3.721184e-06,  1.132687e-05],
 [ 1.026019e-05, -2.358348e-05,  1.505246e-05],
 [ 1.972917e-02, -3.643818e-02,  1.787455e-02]]
spherical_charges_l2: [[-8.002868e-02,  5.177880e-02, -3.203073e-01, -1.584544e-01,  1.975337e-01],
 [-6.708696e-05,  2.040242e-04,  4.184743e-05,  1.787911e-05,  1.042973e-04],
 [-1.471705e-04,  1.011625e-04,  9.209118e-05,  1.921227e-04, -2.312843e-04],
 [-1.139162e-01,  2.595289e+00,  8.284051e+00,  3.448974e+00, -2.239882e+00],
 [-5.437547e-02, -4.067227e-01, -8.407772e-01, -5.136791e-01,  1.800657e-01],
 [-1.877589e-01,  9.721135e-02,  1.413951e-01,  1.193228e-01, -8.574124e-02],
 [ 1.066497e-01, -1.518676e-01, -9.156589e-03, -2.415052e-02, -6.009515e-02],
 [-3.901467e-02,  8.080424e-02, -6.128305e-03,  1.383472e-01, -4.486087e-02],
 [-1.127862e-01, -2.271917e-01,  3.351857e-01,  3.282522e-02,  5.590846e-01],
 [ 2.532371e+00,  3.283457e+00, -3.036814e+00, -1.524990e+00, -7.210497e+00],
 [-3.148939e-05, -2.056191e-04,  1.500238e-04, -8.153749e-05, -7.748195e-05],
 [-3.052439e-05, -2.015575e-04,  3.977828e-05, -1.092201e-04, -6.090810e-05],
 [-1.729189e-01, -1.076039e-01,  1.351601e-02,  2.252797e-01,  2.933183e-01]]
energy_short: [ 0.158076, -0.632645, -0.638822,  0.408335,  0.570896,  0.599696,  0.462102,  0.45842 ,  0.415364,  0.267165, -0.622614, -0.626188,  0.443711]
energy_long: [-0.040389,  0.01663 ,  0.016334, -0.502832,  0.003964, -0.033337, -0.041673, -0.03723 , -0.002737, -0.514053,  0.016675,  0.016616, -0.036762]