step=2326905, graph_id=0, num_atoms=13
scalar_charges: [  0.483162,   0.277137,   0.275671, -26.278324,   0.894957,   0.703145,   0.812815,   0.870332,   0.544285, -23.022411,   0.267539,   0.273744,   0.485762]
spherical_charges_l0: [[-5.182866e-03],
 [-7.988702e-05],
 [-5.933786e-04],
 [-2.280927e+00],
 [-2.866117e-01],
 [-6.767065e-02],
 [-3.124698e-02],
 [-2.261315e-02],
 [-1.992132e-01],
 [-2.729369e+00],
 [-1.074305e-03],
 [-7.986393e-04],
 [-5.313277e-03]]
spherical_charges_l1: [[-4.404399e-04, -6.217319e-03, -1.555054e-03],
 [-4.302750e-05,  1.759825e-04,  3.539829e-05],
 [-1.737519e-04,  8.148300e-05, -6.745677e-05],
 [-1.554129e-01,  8.555334e-01,  3.311533e-01],
 [-1.196404e-02,  4.963399e-02, -1.276341e-02],
 [ 3.780642e-02,  2.240059e-02, -1.312793e-03],
 [-5.671322e-03, -4.577104e-03, -2.277789e-02],
 [-1.490856e-02, -1.265042e-02, -5.750194e-03],
 [ 5.669063e-03, -3.579414e-02, -2.163401e-02],
 [ 6.287680e-01, -9.461897e-01,  2.489624e-01],
 [-1.345331e-04,  4.781437e-05,  2.942284e-05],
 [-6.605392e-05,  2.919362e-05,  5.775765e-05],
 [-7.439074e-04,  2.342633e-03,  2.042406e-04]]
spherical_charges_l2: [[-1.533297e-02,  1.127456e-02, -2.231443e-02, -3.315376e-03,  1.581595e-02],
 [ 1.731051e-04, -4.101119e-04, -2.486769e-04, -3.078772e-06, -1.653255e-04],
 [ 2.291699e-04, -7.469167e-04,  1.569894e-04, -2.250579e-04, -2.878022e-04],
 [-5.295760e-01,  1.474119e+00,  5.477692e+00,  2.319243e+00, -1.427866e+00],
 [-2.264787e-02, -2.523288e-01, -6.328775e-01, -4.458799e-01,  2.212408e-01],
 [-4.433322e-02,  7.095989e-02,  9.188387e-02,  2.679596e-02, -1.065221e-02],
 [ 7.688221e-02, -1.112583e-01, -2.339726e-02, -1.901198e-02, -3.751494e-02],
 [-3.726958e-02,  1.232946e-02,  2.815397e-02,  8.358754e-02, -2.643517e-02],
 [-9.257808e-02, -1.693622e-01,  2.232131e-01,  5.970750e-02,  4.840568e-01],
 [ 1.452468e+00,  2.125311e+00, -2.230247e+00, -7.145503e-01, -4.754344e+00],
 [-1.346058e-05,  1.022856e-03, -6.468385e-04,  4.943209e-04,  6.954457e-04],
 [ 3.136185e-04,  7.145389e-04, -3.274344e-04,  3.850172e-04,  2.543753e-04],
 [-1.140467e-02, -1.014723e-02,  2.137259e-03,  1.553355e-02,  2.018689e-02]]
energy_short: [ 0.346897,  0.528833,  0.516071, -0.481734, -0.407701, -0.335531, -0.411892, -0.467278, -0.539965, -0.551077,  0.534942,  0.530041,  0.558966]
energy_long: [ 0.084756,  0.082572,  0.082794, -0.30528 ,  0.122459,  0.0966  ,  0.09057 ,  0.096947,  0.115404, -0.32549 ,  0.084047,  0.083683,  0.084995]