step=384480, graph_id=0, num_atoms=13
scalar_charges: [  0.676989,   0.576366,   0.575991, -21.358727,   0.705334,   0.604247,   0.650024,   0.662292,   0.697078, -18.570919,   0.576885,   0.576641,   0.688728]
spherical_charges_l0: [[-4.894326e-02],
 [ 2.029575e-05],
 [-1.508793e-05],
 [-1.786571e+00],
 [-2.878156e-01],
 [-6.429763e-02],
 [ 1.175405e-02],
 [-1.275111e-02],
 [-1.415687e-01],
 [-2.032450e+00],
 [-1.260763e-04],
 [-7.907811e-05],
 [-7.750832e-02]]
spherical_charges_l1: [[ 7.977951e-03, -1.460433e-02,  7.227957e-03],
 [-9.188399e-05, -9.659534e-06,  2.140721e-06],
 [-2.437748e-05,  1.494134e-05, -2.668071e-06],
 [-1.158305e-01,  1.820667e+00,  7.958196e-01],
 [-1.791636e-02,  1.437646e-01, -2.809402e-02],
 [ 7.105560e-02,  8.664998e-02,  8.954964e-03],
 [-8.897549e-03,  8.842508e-03, -1.376445e-02],
 [-2.252647e-02,  1.597585e-03, -1.568658e-02],
 [ 2.692657e-02, -8.881234e-02, -5.744970e-02],
 [ 1.265872e+00, -2.103437e+00,  4.849966e-01],
 [-4.381618e-05, -2.527492e-06,  9.594642e-06],
 [ 1.653594e-05,  2.466912e-05,  1.726630e-08],
 [ 2.722890e-02, -5.139899e-03,  1.386234e-02]]
spherical_charges_l2: [[-7.832634e-02,  2.566531e-02, -2.995304e-01, -1.429674e-01,  1.719197e-01],
 [-3.647354e-05, -1.752338e-04, -7.170277e-05,  3.090763e-05, -1.253864e-04],
 [ 7.236357e-05, -3.327850e-06, -8.196720e-05, -1.266639e-04,  9.718764e-05],
 [-7.392297e-01,  3.149224e+00,  1.009948e+01,  4.358867e+00, -1.544529e+00],
 [-1.310432e-01, -4.468058e-01, -9.619900e-01, -2.100294e-01,  1.004112e-01],
 [-1.435103e-01,  3.507830e-02,  1.514409e-01,  1.579683e-02, -7.903618e-02],
 [ 1.059608e-01, -2.281171e-01,  9.178428e-03, -2.146069e-02, -1.370276e-01],
 [-4.293103e-02,  5.699091e-02, -1.925408e-02,  1.360970e-01, -9.972969e-02],
 [-6.006513e-02, -2.151966e-01,  3.675962e-01, -1.379973e-01,  5.075234e-01],
 [ 2.078368e+00,  2.572178e+00, -2.758521e+00, -2.217302e+00, -6.846797e+00],
 [-3.431521e-04, -3.892593e-04,  2.083122e-04, -3.457385e-04, -6.885445e-05],
 [-7.124220e-05, -3.322675e-04,  1.559683e-04, -3.239764e-06,  6.902327e-05],
 [-2.071938e-01, -1.093034e-01,  2.223480e-03,  2.908960e-01,  3.088765e-01]]
energy_short: [ 0.219442, -0.539622, -0.569927,  0.440238,  0.485648,  0.493374,  0.364836,  0.346955,  0.326085,  0.231201, -0.525096, -0.550438,  0.566519]
energy_long: [-0.069951, -0.000853, -0.000798, -0.297024, -0.024175, -0.067154, -0.068725, -0.073497, -0.033541, -0.31639 , -0.000579, -0.000688, -0.069307]