step=2747430, graph_id=0, num_atoms=13
scalar_charges: [  0.608497,   0.575377,   0.576283, -31.671122,   1.566963,   1.37808 ,   1.499096,   1.481452,   1.167942, -25.618328,   0.573604,   0.576011,   0.596396]
spherical_charges_l0: [[-1.399027e-02],
 [-2.956711e-04],
 [-5.258835e-04],
 [-3.233212e+00],
 [-4.492858e-01],
 [-8.727543e-02],
 [-4.830713e-02],
 [-3.833646e-02],
 [-3.306397e-01],
 [-3.777220e+00],
 [-7.114990e-04],
 [-4.404547e-04],
 [-1.523093e-02]]
spherical_charges_l1: [[-1.714307e-03, -2.911657e-03, -4.077288e-04],
 [ 1.057960e-04,  1.062736e-05,  4.257507e-05],
 [-2.107591e-04,  1.199130e-04, -4.452207e-05],
 [-8.713719e-02,  9.184313e-01,  4.211784e-01],
 [-1.316620e-02,  7.506569e-02, -7.403197e-03],
 [ 3.837511e-02,  2.552520e-02, -6.743621e-03],
 [-4.486444e-03, -1.959206e-03, -1.444908e-02],
 [-1.519607e-02, -1.643335e-02, -1.014706e-02],
 [ 1.344921e-02, -5.424173e-02, -1.358098e-02],
 [ 6.169865e-01, -9.743713e-01,  2.409898e-01],
 [ 3.858690e-04,  9.090456e-05,  5.703015e-05],
 [-1.243650e-04, -1.727019e-04,  1.968684e-04],
 [-4.394201e-04,  1.965421e-03,  1.643384e-03]]
spherical_charges_l2: [[-1.577046e-02,  1.213271e-02, -3.357098e-02, -1.141510e-02,  2.199011e-02],
 [ 2.851599e-04, -6.369181e-04, -6.757629e-05, -1.205920e-04, -2.901971e-04],
 [ 5.826768e-04, -9.293836e-04,  4.350241e-04, -1.422808e-04, -4.734940e-04],
 [-6.331946e-01,  2.064362e+00,  6.902533e+00,  3.379855e+00, -1.635019e+00],
 [-2.739967e-02, -3.966895e-01, -9.478151e-01, -5.697837e-01,  2.684189e-01],
 [-1.122869e-01,  1.028997e-01,  4.196886e-02,  3.417927e-02, -4.202710e-03],
 [ 1.081223e-01, -1.288637e-01, -2.388781e-02, -9.049990e-03, -3.863808e-02],
 [-3.385486e-02,  3.836343e-02,  4.574661e-02,  1.306286e-01,  2.640733e-03],
 [-1.458898e-01, -2.677647e-01,  3.512870e-01,  5.099827e-02,  6.780053e-01],
 [ 1.827495e+00,  2.400983e+00, -2.618274e+00, -1.036757e+00, -5.934549e+00],
 [ 3.354383e-04,  1.227376e-03, -2.056206e-04,  1.358315e-04,  1.427402e-04],
 [ 4.702226e-04,  8.669532e-04, -4.633653e-04,  2.062761e-04,  2.575732e-04],
 [-1.568161e-02, -1.625413e-02,  3.356636e-03,  2.323870e-02,  2.850263e-02]]
energy_short: [ 0.549975,  0.574525,  0.562747, -0.46293 , -0.335518, -0.277732, -0.369915, -0.413725, -0.476994, -0.535749,  0.580095,  0.575421,  0.766579]
energy_long: [ 0.03085 ,  0.029558,  0.029864, -0.470752,  0.069416,  0.039959,  0.032519,  0.03899 ,  0.066133, -0.48199 ,  0.030217,  0.03011 ,  0.031077]