step=1401750, graph_id=0, num_atoms=13
scalar_charges: [  1.217061,  -0.302848,  -0.247066, -14.904262,   1.251717,   1.155386,   1.11493 ,   1.116597,   1.187442, -12.254499,  -0.396852,  -0.320076,   1.211006]
spherical_charges_l0: [[-1.030972e-01],
 [ 2.163162e-04],
 [-7.577662e-05],
 [-2.350320e+00],
 [-3.171013e-01],
 [-9.488554e-02],
 [-1.712978e-02],
 [-3.301581e-02],
 [-1.815068e-01],
 [-3.021742e+00],
 [ 7.927127e-06],
 [-3.821180e-04],
 [-1.149472e-01]]
spherical_charges_l1: [[-4.330048e-03,  2.823666e-02,  3.036672e-03],
 [-2.858796e-04, -4.159709e-04, -1.335417e-04],
 [-2.741863e-04,  2.730994e-04, -5.765226e-05],
 [-9.808773e-03,  9.132104e-01,  4.704328e-01],
 [-1.695092e-02,  6.621566e-02, -1.308699e-02],
 [ 4.753051e-02,  5.521517e-02,  8.430209e-03],
 [-3.198537e-03,  4.156403e-03, -4.022654e-03],
 [-1.142223e-02, -1.468402e-02, -1.331139e-02],
 [ 4.395221e-03, -5.718451e-02, -2.599054e-02],
 [ 8.255258e-01, -1.386446e+00,  3.383771e-01],
 [-4.091514e-04,  2.149711e-04, -1.699700e-04],
 [-1.742137e-04,  1.832666e-04, -1.392264e-04],
 [ 2.280846e-02, -4.304416e-02,  1.157483e-02]]
spherical_charges_l2: [[-7.862709e-02,  5.610278e-02, -3.712449e-01, -1.537395e-01,  2.253365e-01],
 [-1.194554e-04, -8.438669e-04,  6.670214e-04, -3.471373e-04, -9.249791e-04],
 [ 6.005222e-05, -5.016104e-05,  1.451606e-04, -7.052016e-04, -4.568830e-04],
 [-8.826596e-02,  2.724666e+00,  8.494544e+00,  3.726927e+00, -1.902818e+00],
 [-4.140180e-02, -4.062085e-01, -7.653251e-01, -4.152093e-01,  1.588525e-01],
 [-2.195671e-01,  8.524586e-02,  1.128617e-01,  1.032358e-01, -1.001492e-01],
 [ 8.740763e-02, -1.880984e-01, -1.417464e-02, -4.132464e-02, -1.126163e-01],
 [-5.803904e-02,  8.631831e-02,  1.652948e-02,  1.568448e-01, -1.021579e-01],
 [-9.082323e-02, -2.217876e-01,  3.290268e-01, -5.537284e-03,  5.110847e-01],
 [ 2.385686e+00,  3.491042e+00, -3.015337e+00, -1.215316e+00, -6.724052e+00],
 [-4.663103e-04, -4.220454e-04,  1.397286e-05,  9.996628e-05,  2.224270e-04],
 [ 9.030200e-05, -6.507720e-04,  2.727234e-04,  1.999567e-04, -1.220925e-04],
 [-1.817911e-01, -1.119368e-01,  3.714821e-02,  2.349235e-01,  3.487411e-01]]
energy_short: [ 0.191011, -0.78445 , -0.798742,  0.482889,  0.647193,  0.668731,  0.53842 ,  0.52864 ,  0.495951,  0.338296, -0.768251, -0.782033,  0.473058]
energy_long: [-3.324968e-02,  1.305852e-02,  1.309156e-02, -4.922287e-01,  1.038369e-02, -2.505132e-02, -3.727770e-02, -3.161633e-02, -4.301965e-05, -5.187310e-01,  1.321132e-02,  1.320455e-02, -3.040712e-02]