step=1622025, graph_id=0, num_atoms=13
scalar_charges: [  1.057525,   0.247185,   0.253315, -21.63661 ,   1.074843,   0.975544,   0.887663,   0.847742,   0.974958, -17.061686,   0.25228 ,   0.252897,   0.989987]
spherical_charges_l0: [[-1.358015e-01],
 [-2.041780e-04],
 [-1.973443e-04],
 [-3.627321e+00],
 [-5.274676e-01],
 [-1.347920e-01],
 [-4.611590e-02],
 [-5.983406e-02],
 [-3.222749e-01],
 [-4.436307e+00],
 [-1.811270e-04],
 [-2.010801e-04],
 [-1.544886e-01]]
spherical_charges_l1: [[-1.258299e-02,  4.347390e-02,  9.356210e-03],
 [-2.802421e-05, -1.257787e-04, -1.920625e-05],
 [-6.051579e-05,  2.767760e-05, -1.341698e-05],
 [ 6.200482e-02,  1.292912e+00,  5.707463e-01],
 [-2.599610e-02,  1.095189e-01, -1.022357e-02],
 [ 6.680816e-02,  6.756282e-02,  7.265166e-03],
 [-1.994661e-03,  4.012288e-04, -1.156567e-02],
 [-1.598722e-02, -6.949080e-03, -1.553054e-02],
 [ 2.024196e-02, -9.077048e-02, -3.382201e-02],
 [ 9.994304e-01, -1.776466e+00,  3.165258e-01],
 [ 5.593952e-05,  2.675810e-05, -1.052646e-05],
 [-2.283263e-05, -3.392845e-06, -9.266701e-06],
 [ 3.339253e-02, -5.907014e-02,  2.618402e-02]]
spherical_charges_l2: [[-7.837635e-02,  8.292696e-02, -4.281797e-01, -2.139945e-01,  2.721105e-01],
 [-7.343679e-05,  3.801685e-04,  1.049307e-04, -1.444376e-04,  3.820534e-04],
 [-1.193514e-04,  1.385036e-04,  2.621501e-05,  6.568233e-05, -1.511577e-04],
 [-7.559552e-02,  4.081872e+00,  1.151848e+01,  4.890942e+00, -2.435288e+00],
 [-8.177920e-02, -6.077036e-01, -1.138964e+00, -6.243126e-01,  2.034325e-01],
 [-3.117048e-01,  1.635978e-01,  1.375868e-01,  1.119049e-01, -1.260415e-01],
 [ 1.773774e-01, -2.596899e-01, -3.037182e-02, -5.573934e-02, -1.525086e-01],
 [-5.052229e-02,  1.604705e-01, -1.450111e-02,  2.630355e-01, -8.822377e-02],
 [-1.358352e-01, -3.305657e-01,  4.653235e-01, -2.076264e-02,  7.296004e-01],
 [ 3.176296e+00,  4.239526e+00, -4.068185e+00, -1.700409e+00, -9.173126e+00],
 [-2.639490e-05, -2.498303e-04,  1.361299e-04, -2.601769e-05, -5.683811e-05],
 [-1.541179e-05, -2.040897e-04,  2.323587e-05,  1.213972e-05, -2.860300e-06],
 [-2.310323e-01, -1.492317e-01,  2.514509e-02,  3.089354e-01,  4.085767e-01]]
energy_short: [ 0.185086, -0.641247, -0.649626,  0.390964,  0.567667,  0.590079,  0.441595,  0.449688,  0.412065,  0.255452, -0.632511, -0.636431,  0.47095 ]
energy_long: [-0.029826,  0.014875,  0.014702, -0.494001,  0.006597, -0.023012, -0.029984, -0.028648, -0.001632, -0.506882,  0.014834,  0.014809, -0.027767]