step=3984975, graph_id=0, num_atoms=13
scalar_charges: [  1.012352,   0.812997,   0.833069, -38.134445,   2.006539,   1.402023,   1.460266,   1.572136,   1.608825, -29.802462,   0.83875 ,   0.834801,   0.996081]
spherical_charges_l0: [[-3.609939e-02],
 [-2.943870e-05],
 [-2.423531e-04],
 [-4.962778e+00],
 [-7.236942e-01],
 [-1.022483e-01],
 [-6.736032e-02],
 [-4.907111e-02],
 [-5.370337e-01],
 [-5.667401e+00],
 [-1.083525e-03],
 [-6.091571e-04],
 [-3.061415e-02]]
spherical_charges_l1: [[-3.808223e-04,  5.513241e-03,  8.772641e-03],
 [ 1.215350e-04,  2.972875e-05,  4.318439e-05],
 [-1.930759e-04, -4.253190e-05, -1.367245e-04],
 [-1.337949e-01,  9.573359e-01,  4.206066e-01],
 [-2.229588e-02,  6.604537e-02, -1.588620e-02],
 [ 2.799892e-02,  3.486819e-02, -1.590639e-02],
 [-3.643355e-03,  1.842886e-04, -1.324677e-02],
 [-8.125243e-03, -3.061149e-02, -2.364905e-03],
 [ 1.317788e-02, -6.772070e-02, -1.516249e-02],
 [ 6.614209e-01, -1.046768e+00,  3.079555e-01],
 [ 1.326882e-04, -1.818517e-04,  9.001611e-05],
 [-2.223231e-05, -1.733912e-04,  1.190095e-04],
 [ 5.780287e-03, -3.599683e-03,  7.696711e-03]]
spherical_charges_l2: [[-1.596271e-02,  5.550604e-03, -7.845879e-02, -4.120368e-02,  5.517158e-02],
 [-2.582700e-04, -8.870329e-05,  7.353797e-05,  5.125511e-04, -3.943505e-04],
 [-7.228189e-05, -7.862556e-04,  6.458001e-04,  4.366092e-04, -7.115223e-04],
 [-6.308370e-01,  3.107608e+00,  8.727873e+00,  4.007227e+00, -1.835658e+00],
 [-5.180229e-02, -4.413925e-01, -1.214605e+00, -6.439255e-01,  3.550661e-01],
 [-9.870445e-02,  1.075650e-01,  3.557865e-02,  2.865418e-02,  4.740646e-02],
 [ 1.221679e-01, -1.488984e-01, -2.747891e-02, -1.468894e-02, -6.981402e-02],
 [-8.259058e-03,  9.900773e-02,  8.892476e-02,  1.812996e-01,  8.449371e-03],
 [-1.951311e-01, -3.736052e-01,  4.387024e-01,  4.066449e-02,  7.897856e-01],
 [ 2.308253e+00,  3.161354e+00, -3.313725e+00, -1.113064e+00, -7.292547e+00],
 [ 5.594052e-04,  8.977962e-04,  8.926242e-05, -1.254718e-03, -1.499690e-03],
 [ 2.364708e-04,  5.585916e-04, -1.383278e-04, -9.991701e-04, -5.858564e-04],
 [-4.005549e-02, -2.241874e-02,  8.301935e-03,  5.194587e-02,  7.628944e-02]]
energy_short: [-0.449575,  0.876042,  0.853571, -0.284966, -0.100038, -0.047422, -0.159104, -0.18707 , -0.24998 , -0.351188,  0.890116,  0.874155, -0.250753]
energy_long: [ 0.004942,  0.003446,  0.003667, -0.687629,  0.047656,  0.013666,  0.006319,  0.011576,  0.041127, -0.700629,  0.004012,  0.004192,  0.003792]