step=32040, graph_id=0, num_atoms=13
scalar_charges: [-0.694637,  2.032853,  2.02843 , -1.50218 , -0.791947, -0.730434, -0.507126, -0.664212, -0.697495, -1.483101,  2.052133,  2.02375 , -0.565468]
spherical_charges_l0: [[-1.076243e-02],
 [-3.958491e-05],
 [-3.284942e-06],
 [-2.394740e-01],
 [-1.646661e-02],
 [-1.355754e-02],
 [ 2.387643e-03],
 [-4.740033e-03],
 [ 8.021609e-04],
 [-2.053902e-01],
 [-5.929628e-06],
 [-4.057914e-06],
 [-5.564683e-03]]
spherical_charges_l1: [[ 4.343447e-03,  7.404136e-03,  5.166864e-03],
 [ 2.565979e-05, -2.783441e-05,  1.380455e-05],
 [-6.074734e-06, -7.026179e-06, -4.478276e-07],
 [ 3.802105e-03,  4.682218e-01,  2.349385e-01],
 [-9.544861e-03,  2.549072e-02,  3.503540e-03],
 [ 3.988585e-03,  1.337162e-03,  3.285550e-03],
 [-1.576904e-03, -1.417818e-04, -2.506848e-03],
 [ 8.432656e-04,  3.110656e-03, -8.946535e-03],
 [ 6.667929e-03, -1.937218e-02,  1.547800e-03],
 [ 2.691596e-01, -3.828879e-01,  2.755072e-01],
 [-1.276344e-05, -5.519863e-06,  2.251633e-06],
 [ 8.128100e-06,  3.732656e-06, -1.092602e-06],
 [ 7.669389e-03, -7.865853e-03,  1.572393e-03]]
spherical_charges_l2: [[-3.481475e-02,  2.363119e-02, -5.516747e-03,  4.428989e-02,  2.387792e-04],
 [ 2.965537e-05,  7.035024e-05,  5.584124e-05,  3.278879e-05, -2.151146e-05],
 [-3.157644e-06,  1.030679e-05,  8.657511e-06, -1.437700e-05, -6.796169e-06],
 [ 2.911996e-01, -4.344640e-02,  8.838366e-01,  2.941096e-01, -3.168034e-01],
 [ 5.109518e-03,  6.121731e-03, -6.594501e-03, -1.108746e-02, -1.289470e-03],
 [-1.618192e-02,  3.332900e-03,  1.670282e-02,  4.198771e-02, -5.335836e-03],
 [-6.000066e-03, -1.497855e-02, -5.707999e-04, -1.641589e-04, -8.396551e-03],
 [-7.103227e-03, -7.956539e-03,  6.237460e-03, -7.107370e-03, -9.148239e-03],
 [ 6.275077e-03, -1.208109e-02,  1.182648e-02, -1.850136e-02, -5.987945e-03],
 [ 4.269952e-01,  3.224885e-01, -1.294139e-01, -4.269235e-01, -7.049413e-01],
 [-2.234942e-06,  9.857656e-06, -4.295488e-06, -4.457231e-06, -4.202169e-06],
 [ 1.057521e-05,  6.279463e-07, -1.732838e-06,  1.208895e-05,  3.087165e-06],
 [-1.392716e-02, -4.356333e-02,  2.344448e-02, -2.015786e-02,  1.108079e-03]]
energy_short: [ 0.195117, -0.449603, -0.46757 ,  0.388724,  0.250955,  0.247915,  0.16954 ,  0.102475,  0.074534,  0.089939, -0.408696, -0.444926,  0.598432]
energy_long: [-0.025216,  0.032259,  0.032585, -0.009023,  0.035899,  0.015837, -0.007032, -0.002645,  0.021636, -0.016615,  0.033134,  0.0325  , -0.015641]