step=3548430, graph_id=0, num_atoms=13
scalar_charges: [  0.996793,   0.708521,   0.726722, -36.915257,   1.934196,   1.430072,   1.497691,   1.552288,   1.59944 , -28.90779 ,   0.726637,   0.726682,   0.964493]
spherical_charges_l0: [[-3.212385e-02],
 [ 3.046169e-05],
 [-7.247181e-05],
 [-4.395649e+00],
 [-6.345869e-01],
 [-8.906282e-02],
 [-6.161721e-02],
 [-4.087534e-02],
 [-4.698394e-01],
 [-4.985950e+00],
 [-6.024319e-04],
 [-3.069787e-04],
 [-2.733465e-02]]
spherical_charges_l1: [[-2.118416e-04,  7.919418e-03,  9.768284e-03],
 [ 1.366598e-04, -5.247551e-05,  1.455905e-05],
 [-2.283307e-04, -4.855556e-05, -1.760824e-04],
 [-1.059825e-01,  9.063290e-01,  4.202332e-01],
 [-2.187378e-02,  6.038613e-02, -1.855485e-02],
 [ 2.637205e-02,  3.240718e-02, -1.579235e-02],
 [-3.523069e-03,  8.996934e-04, -1.108074e-02],
 [-8.916199e-03, -2.435132e-02, -4.586553e-03],
 [ 1.264086e-02, -6.411645e-02, -9.545974e-03],
 [ 6.312706e-01, -9.866959e-01,  2.987812e-01],
 [ 4.410897e-05, -7.050477e-05,  6.178251e-05],
 [-2.553242e-05, -1.165088e-04,  9.255498e-05],
 [ 7.300815e-03, -6.030170e-03,  7.628603e-03]]
spherical_charges_l2: [[-1.792544e-02,  8.587921e-03, -8.066207e-02, -4.361247e-02,  5.635877e-02],
 [-2.582815e-04,  5.132073e-05,  1.770209e-04,  6.425098e-04, -2.987908e-04],
 [ 9.437944e-05, -3.441620e-04,  9.699718e-04,  5.300561e-04, -4.626708e-04],
 [-6.843397e-01,  2.713420e+00,  8.167663e+00,  3.745214e+00, -1.821264e+00],
 [-3.807898e-02, -4.346635e-01, -1.109851e+00, -6.005319e-01,  3.400083e-01],
 [-1.002840e-01,  1.043409e-01,  4.019134e-02,  3.628300e-02,  4.039662e-02],
 [ 1.182835e-01, -1.407241e-01, -2.176317e-02, -1.424994e-02, -6.407589e-02],
 [-1.488857e-02,  8.320612e-02,  7.676797e-02,  1.665979e-01,  1.515999e-02],
 [-1.886964e-01, -3.493946e-01,  4.103768e-01,  3.019460e-02,  7.534446e-01],
 [ 2.201168e+00,  2.940897e+00, -3.106184e+00, -1.119123e+00, -6.944535e+00],
 [ 7.817822e-04,  8.284231e-04,  4.955462e-05, -1.358468e-03, -1.505256e-03],
 [ 2.420729e-04,  7.547213e-04, -1.006232e-04, -1.045373e-03, -6.389006e-04],
 [-4.105681e-02, -2.451737e-02,  7.369293e-03,  5.194121e-02,  7.399243e-02]]
energy_short: [-0.351328,  0.821357,  0.799066, -0.300212, -0.114171, -0.05372 , -0.163557, -0.195937, -0.263786, -0.366959,  0.842346,  0.823701, -0.161198]
energy_long: [ 0.008997,  0.007006,  0.007255, -0.658148,  0.048583,  0.015433,  0.008774,  0.013555,  0.043795, -0.671237,  0.007747,  0.007895,  0.00728 ]