step=2547180, graph_id=0, num_atoms=13
scalar_charges: [  0.574449,   0.460362,   0.458388, -27.010069,   1.426055,   1.168334,   1.284023,   1.287766,   1.012296, -23.083029,   0.457946,   0.460917,   0.575598]
spherical_charges_l0: [[-6.350527e-03],
 [-1.428876e-04],
 [-4.380168e-04],
 [-2.633525e+00],
 [-3.599411e-01],
 [-7.069223e-02],
 [-3.422563e-02],
 [-2.478863e-02],
 [-2.731954e-01],
 [-3.116155e+00],
 [-6.949132e-04],
 [-4.334728e-04],
 [-8.501932e-03]]
spherical_charges_l1: [[-1.164315e-03, -6.281045e-03, -2.432078e-03],
 [ 4.287199e-05,  1.276144e-05,  1.496226e-05],
 [-2.125501e-04,  9.773538e-05, -7.193090e-05],
 [-1.067205e-01,  8.268628e-01,  3.684523e-01],
 [-1.204765e-02,  5.869575e-02, -1.002797e-02],
 [ 4.125371e-02,  2.047705e-02, -2.851816e-03],
 [-5.908285e-03, -4.781051e-03, -2.234025e-02],
 [-1.573187e-02, -1.577000e-02, -4.339584e-03],
 [ 1.098356e-02, -4.217715e-02, -1.923421e-02],
 [ 6.048865e-01, -9.123400e-01,  2.473590e-01],
 [ 2.349721e-04,  1.706454e-04, -5.662612e-05],
 [-1.510541e-04, -1.008013e-04,  1.208419e-04],
 [-2.022432e-03,  4.412240e-03, -3.299624e-04]]
spherical_charges_l2: [[-1.632933e-02,  1.180248e-02, -2.695794e-02, -6.615393e-03,  1.831576e-02],
 [ 3.032154e-04, -5.313267e-04, -7.970657e-06,  3.578112e-05, -3.680265e-04],
 [ 5.070438e-04, -1.072684e-03,  3.563074e-04, -1.839284e-04, -4.815465e-04],
 [-5.739009e-01,  2.100489e+00,  6.331797e+00,  2.957439e+00, -1.335384e+00],
 [-3.772666e-02, -3.296866e-01, -8.673321e-01, -5.113118e-01,  2.664135e-01],
 [-8.689133e-02,  1.092761e-01,  7.264323e-02,  4.235325e-02, -2.554969e-02],
 [ 9.413963e-02, -1.246837e-01, -2.637354e-02, -1.417929e-02, -3.869775e-02],
 [-2.145146e-02,  6.989207e-02,  2.485952e-02,  1.226848e-01, -7.548088e-04],
 [-1.366930e-01, -2.415449e-01,  3.186133e-01,  5.716745e-02,  6.058404e-01],
 [ 1.701034e+00,  2.318168e+00, -2.406280e+00, -9.480613e-01, -5.436294e+00],
 [ 7.005441e-04,  1.337081e-03, -3.099969e-04,  3.132821e-05, -4.550047e-06],
 [ 4.484211e-04,  1.083476e-03, -4.573256e-04, -7.323720e-05,  7.868449e-05],
 [-1.352520e-02, -1.387990e-02,  2.776388e-03,  1.864437e-02,  2.223075e-02]]
energy_short: [ 0.517744,  0.528203,  0.515391, -0.498537, -0.359745, -0.299954, -0.393205, -0.436424, -0.502013, -0.571263,  0.532138,  0.527571,  0.740969]
energy_long: [ 0.050929,  0.049926,  0.050323, -0.398033,  0.091754,  0.061625,  0.054586,  0.061581,  0.086585, -0.411368,  0.050698,  0.050639,  0.051616]