step=532665, graph_id=0, num_atoms=13
scalar_charges: [  0.597326,   0.592286,   0.591026, -17.203878,   0.63479 ,   0.591618,   0.633408,   0.613276,   0.639284, -13.913824,   0.592437,   0.590303,   0.64042 ]
spherical_charges_l0: [[-5.096423e-02],
 [-4.426850e-05],
 [-9.200638e-05],
 [-1.712834e+00],
 [-2.977236e-01],
 [-8.116656e-02],
 [ 1.635738e-03],
 [-2.202286e-02],
 [-1.412003e-01],
 [-2.168537e+00],
 [-7.633479e-05],
 [-7.315936e-05],
 [-6.312724e-02]]
spherical_charges_l1: [[-2.292452e-03, -5.947368e-03, -5.987102e-03],
 [-1.109715e-04,  3.026419e-04,  2.387570e-04],
 [ 6.620883e-05,  1.260723e-04,  9.566896e-05],
 [-1.377113e-01,  1.211785e+00,  5.367042e-01],
 [-6.114389e-02,  1.146661e-01, -6.001607e-02],
 [ 8.248078e-02,  6.424216e-02,  1.293628e-02],
 [-1.071466e-03,  7.298867e-03,  1.050988e-03],
 [-2.485734e-02, -2.272120e-03, -3.858271e-02],
 [ 1.267487e-02, -7.627508e-02, -5.540733e-02],
 [ 1.010402e+00, -1.813843e+00,  2.303117e-01],
 [ 3.385364e-05, -2.501675e-04,  1.469528e-04],
 [ 1.502785e-04, -8.973796e-05,  7.389395e-05],
 [ 1.695359e-02, -1.204375e-02,  3.929143e-03]]
spherical_charges_l2: [[-1.211912e-01,  2.958164e-02, -3.504969e-01, -1.105596e-01,  1.872146e-01],
 [-1.013800e-04, -3.106202e-04, -1.918292e-04, -1.658019e-05, -1.172035e-04],
 [-6.386335e-05, -4.835971e-04, -8.066570e-05,  1.470037e-05, -2.047724e-04],
 [-4.592356e-01,  3.702106e+00,  9.916423e+00,  4.079948e+00, -1.798663e+00],
 [-8.866379e-02, -5.544178e-01, -9.470631e-01, -4.306843e-01,  1.542201e-01],
 [-2.227277e-01,  1.172120e-01,  1.066238e-01,  1.146601e-02, -1.123087e-01],
 [ 1.244137e-01, -3.159732e-01,  2.874319e-03, -2.939954e-02, -1.593844e-01],
 [-7.936985e-02,  7.787561e-02, -3.078046e-02,  1.915101e-01, -7.655497e-02],
 [-1.067173e-01, -2.578502e-01,  3.598332e-01, -8.287928e-02,  5.743167e-01],
 [ 2.352746e+00,  3.446965e+00, -3.107896e+00, -1.695963e+00, -7.050608e+00],
 [ 1.203111e-04,  6.362206e-07,  5.150798e-05,  1.714743e-04,  9.508761e-05],
 [-2.243490e-04, -2.575067e-05, -3.426678e-05, -1.473752e-05,  1.947588e-04],
 [-2.223357e-01, -1.534047e-01,  3.194996e-02,  2.391602e-01,  3.244928e-01]]
energy_short: [ 0.2176  , -0.627252, -0.656467,  0.435249,  0.503441,  0.521045,  0.374332,  0.370209,  0.338646,  0.244167, -0.61347 , -0.637628,  0.556308]
energy_long: [-0.047444,  0.000508,  0.000639, -0.381671, -0.00343 , -0.041366, -0.044566, -0.051168, -0.013347, -0.402372,  0.000691,  0.000606, -0.045276]