step=2126655, graph_id=0, num_atoms=13
scalar_charges: [  0.654918,  -0.862578,  -0.908841, -26.722656,  -0.609196,  -0.208766,  -0.03801 ,  -0.084887,  -0.760923, -26.919138,  -1.029547,  -0.968779,   0.628143]
spherical_charges_l0: [[ 8.766970e-04],
 [ 1.970873e-04],
 [-1.328727e-03],
 [-1.866254e+00],
 [-1.974685e-01],
 [-5.489926e-02],
 [-8.110659e-03],
 [-2.331247e-02],
 [-1.339405e-01],
 [-2.396298e+00],
 [-1.390985e-03],
 [-9.759380e-04],
 [ 1.714600e-04]]
spherical_charges_l1: [[-4.393261e-03, -1.385398e-02, -5.625471e-03],
 [ 1.241263e-04, -2.253783e-04, -8.291614e-05],
 [-3.090703e-05, -1.365674e-04, -1.398913e-04],
 [-2.868685e-01,  7.853054e-01,  2.182276e-01],
 [ 5.287928e-04,  6.660036e-03,  3.833367e-05],
 [ 1.666163e-02,  3.522703e-02,  1.656977e-03],
 [-2.679039e-03, -7.802933e-03, -1.368210e-02],
 [-4.187346e-03, -2.057965e-02,  6.205382e-03],
 [-3.187438e-03,  1.165083e-02, -3.183698e-02],
 [ 6.701836e-01, -9.787166e-01,  3.517662e-01],
 [-4.108855e-04,  2.172506e-04, -3.081370e-05],
 [-1.913976e-04,  3.315131e-04, -6.405285e-05],
 [-4.427689e-03,  8.693349e-03, -2.730014e-03]]
spherical_charges_l2: [[ 1.993081e-03,  8.860606e-03, -1.099090e-02, -7.195351e-03,  1.517354e-02],
 [-2.012733e-04,  6.645418e-04, -9.760448e-05,  1.023385e-04,  2.463447e-04],
 [-1.150750e-03,  7.468017e-04,  3.705021e-04,  8.305979e-04,  2.404662e-04],
 [-3.712269e-01,  1.381690e+00,  4.555371e+00,  1.904470e+00, -8.884390e-01],
 [-3.643215e-02, -1.243800e-01, -4.888174e-01, -2.817063e-01,  1.612208e-01],
 [-6.781340e-02,  1.746830e-02,  8.750030e-02,  4.886789e-03, -5.893592e-03],
 [ 6.942964e-02, -1.542977e-01, -3.809417e-02, -3.692710e-02, -1.094849e-01],
 [-6.657360e-02, -4.353982e-03,  5.935932e-02,  8.607455e-02, -5.085023e-02],
 [-4.594541e-02, -1.176557e-01,  1.420562e-01,  3.101904e-02,  3.107341e-01],
 [ 1.357380e+00,  2.208558e+00, -2.077827e+00, -2.820775e-01, -3.952815e+00],
 [-1.831526e-03,  1.002497e-03, -5.568949e-04,  8.080393e-05,  1.560034e-03],
 [ 5.579058e-04, -3.171386e-04,  8.156503e-05,  1.782639e-04,  4.093560e-04],
 [-2.497061e-03,  2.102669e-03, -1.536652e-03,  1.292237e-02,  1.382114e-02]]
energy_short: [ 0.23803 ,  0.467564,  0.455133, -0.554961, -0.417157, -0.359932, -0.421227, -0.484991, -0.55374 , -0.611772,  0.479776,  0.472189,  0.436016]
energy_long: [ 0.110196,  0.107143,  0.107542, -0.143436,  0.150192,  0.129719,  0.126228,  0.129545,  0.142806, -0.168027,  0.108676,  0.108158,  0.109484]