step=2691360, graph_id=0, num_atoms=13
scalar_charges: [  0.595344,   0.546705,   0.547712, -29.765137,   1.498387,   1.274611,   1.420252,   1.379908,   1.095762, -23.965023,   0.54434 ,   0.547539,   0.587646]
spherical_charges_l0: [[-1.171356e-02],
 [-2.317740e-04],
 [-5.082663e-04],
 [-3.123653e+00],
 [-4.303071e-01],
 [-8.960900e-02],
 [-5.537981e-02],
 [-3.623648e-02],
 [-3.131956e-01],
 [-3.652965e+00],
 [-8.286969e-04],
 [-4.769322e-04],
 [-1.334313e-02]]
spherical_charges_l1: [[-1.589667e-03, -3.665894e-03, -1.101124e-03],
 [ 5.880532e-05,  3.714074e-06,  2.224518e-05],
 [-2.636409e-04,  1.406865e-04, -7.294364e-05],
 [-1.097167e-01,  8.709728e-01,  3.829300e-01],
 [-1.129963e-02,  6.997948e-02, -1.081071e-03],
 [ 3.543630e-02,  2.815540e-02, -6.933118e-03],
 [-5.727271e-03,  1.476219e-04, -1.432680e-02],
 [-1.159356e-02, -2.236757e-02, -7.767566e-03],
 [ 1.511342e-02, -5.566891e-02, -6.462533e-03],
 [ 5.943200e-01, -9.245656e-01,  2.175620e-01],
 [ 3.545934e-04,  1.573193e-04, -1.283580e-05],
 [-1.689868e-04, -1.641431e-04,  1.711264e-04],
 [-9.307413e-04,  2.601952e-03,  1.238323e-03]]
spherical_charges_l2: [[-1.487490e-02,  1.271554e-02, -3.267390e-02, -1.205990e-02,  2.277071e-02],
 [ 4.319667e-04, -6.803815e-04,  2.387088e-05, -1.015309e-04, -3.609499e-04],
 [ 9.482554e-04, -1.204211e-03,  4.582258e-04, -4.035207e-04, -5.249669e-04],
 [-6.087235e-01,  2.341232e+00,  6.837873e+00,  3.262724e+00, -1.450740e+00],
 [-2.566642e-02, -3.940167e-01, -9.034634e-01, -5.478113e-01,  2.495632e-01],
 [-1.289211e-01,  1.133981e-01,  5.336810e-02,  5.794581e-02, -2.115390e-02],
 [ 1.034938e-01, -1.350671e-01, -2.684817e-02, -1.822951e-02, -4.796828e-02],
 [-3.266998e-02,  5.069412e-02,  3.368392e-02,  1.323026e-01, -6.051657e-03],
 [-1.311760e-01, -2.521463e-01,  3.372511e-01,  3.924776e-02,  6.361164e-01],
 [ 1.808706e+00,  2.421838e+00, -2.593566e+00, -8.463582e-01, -5.728655e+00],
 [ 7.735811e-04,  1.610397e-03, -3.889980e-04,  2.062217e-04, -2.212784e-05],
 [ 4.968293e-04,  1.449871e-03, -7.223215e-04,  1.387029e-04,  2.095976e-04],
 [-1.499065e-02, -1.426185e-02,  2.607652e-03,  2.448190e-02,  2.862497e-02]]
energy_short: [ 0.502781,  0.573294,  0.561403, -0.457978, -0.328192, -0.275832, -0.369818, -0.409833, -0.470254, -0.530129,  0.579054,  0.573956,  0.724123]
energy_long: [ 0.030066,  0.028643,  0.028933, -0.451172,  0.072282,  0.041131,  0.033712,  0.040498,  0.067759, -0.467371,  0.029306,  0.029276,  0.030704]