step=2198745, graph_id=0, num_atoms=13
scalar_charges: [  0.666337,  -0.358833,  -0.380263, -25.23419 ,   0.052157,   0.053798,   0.133197,   0.189217,  -0.201829, -24.082298,  -0.45771 ,  -0.421368,   0.645541]
spherical_charges_l0: [[ 4.616808e-04],
 [-7.248185e-05],
 [-6.618760e-04],
 [-1.770086e+00],
 [-2.301530e-01],
 [-5.729897e-02],
 [-1.016301e-02],
 [-2.109942e-02],
 [-1.558872e-01],
 [-2.155874e+00],
 [-1.161975e-03],
 [-7.446298e-04],
 [-1.587932e-04]]
spherical_charges_l1: [[-3.477144e-03, -1.178567e-02, -4.111918e-03],
 [ 1.216618e-05,  1.157079e-04,  2.653259e-05],
 [-5.407337e-05, -2.725091e-05, -5.130020e-05],
 [-1.826689e-01,  8.236775e-01,  2.872428e-01],
 [-3.445212e-03,  2.160251e-02, -3.745970e-03],
 [ 2.338958e-02,  2.548932e-02,  2.903342e-03],
 [-3.066050e-03, -7.092796e-03, -1.727752e-02],
 [-9.716929e-03, -1.378843e-02,  2.931589e-03],
 [ 1.333777e-03, -4.906949e-03, -3.182488e-02],
 [ 6.148908e-01, -9.537538e-01,  3.231703e-01],
 [-5.614615e-04, -1.878826e-05,  1.107209e-04],
 [ 6.189809e-05,  3.336600e-04, -6.549846e-05],
 [-3.467162e-03,  6.851039e-03, -1.954347e-03]]
spherical_charges_l2: [[ 2.407674e-03,  5.760539e-03, -1.061022e-02, -8.894916e-03,  1.221574e-02],
 [-3.683000e-04, -1.952846e-04, -4.272047e-06,  3.333753e-04, -2.272600e-04],
 [-7.960042e-05,  1.258103e-04,  3.864518e-04,  2.593879e-04, -1.164879e-05],
 [-6.156176e-01,  1.253241e+00,  4.440638e+00,  2.056607e+00, -8.318928e-01],
 [-3.501646e-02, -1.587168e-01, -5.763146e-01, -3.070817e-01,  1.802432e-01],
 [-3.199142e-02,  5.165606e-02,  8.751773e-02,  3.340822e-02, -5.947133e-03],
 [ 6.318200e-02, -1.091077e-01, -2.299388e-02, -1.687268e-02, -5.418057e-02],
 [-2.906349e-02,  7.358505e-03,  1.833824e-02,  7.783810e-02, -3.749428e-02],
 [-7.025455e-02, -1.375801e-01,  1.813095e-01,  2.521790e-02,  3.676257e-01],
 [ 1.239148e+00,  1.573731e+00, -1.665784e+00, -6.191692e-01, -3.711004e+00],
 [-1.432085e-03,  1.125270e-03, -5.596460e-04, -1.943783e-04,  9.766242e-04],
 [ 7.467832e-04,  9.141838e-05,  1.755534e-05,  3.225631e-04,  2.117283e-04],
 [-3.030807e-03,  2.181097e-04, -1.113308e-03,  1.138246e-02,  1.260666e-02]]
energy_short: [ 0.214423,  0.508814,  0.493914, -0.557386, -0.41589 , -0.354272, -0.431179, -0.481702, -0.548573, -0.60675 ,  0.516732,  0.510244,  0.412286]
energy_long: [ 0.108019,  0.106008,  0.106537, -0.171603,  0.151796,  0.126105,  0.121144,  0.123066,  0.140447, -0.195905,  0.107855,  0.107103,  0.108082]