step=1778220, graph_id=0, num_atoms=13
scalar_charges: [  1.128651,   0.050992,   0.063591, -18.467106,   1.137507,   1.034368,   0.918934,   0.931104,   1.030987, -14.252913,   0.056187,   0.059615,   1.087893]
spherical_charges_l0: [[-9.936178e-02],
 [ 6.556824e-05],
 [-6.484969e-05],
 [-2.638141e+00],
 [-3.895442e-01],
 [-1.053997e-01],
 [-3.663055e-02],
 [-5.342405e-02],
 [-2.380887e-01],
 [-3.130167e+00],
 [-3.839464e-05],
 [-4.234902e-05],
 [-1.078708e-01]]
spherical_charges_l1: [[-9.951965e-03,  2.391446e-02,  1.898421e-03],
 [-3.319735e-05, -3.085954e-05,  1.033071e-05],
 [-4.571824e-05,  7.328244e-05,  1.851530e-05],
 [-1.563755e-01,  9.004561e-01,  4.136367e-01],
 [-1.511754e-02,  7.656586e-02, -1.044064e-02],
 [ 3.678499e-02,  4.733710e-02,  4.178416e-03],
 [-3.696509e-03,  1.410402e-03, -2.600610e-03],
 [-6.902630e-03, -1.607827e-02, -7.005010e-03],
 [ 8.136488e-03, -6.220872e-02, -1.807579e-02],
 [ 6.225371e-01, -1.049514e+00,  2.460832e-01],
 [ 7.810927e-05, -1.636402e-05,  1.745343e-05],
 [ 8.293854e-06, -2.464968e-05,  9.591939e-06],
 [ 1.749756e-02, -3.313639e-02,  1.651728e-02]]
spherical_charges_l2: [[-9.055532e-02,  5.987272e-02, -3.384490e-01, -1.522465e-01,  1.967053e-01],
 [-2.193096e-04,  1.461359e-04, -1.346933e-04,  5.741156e-05,  1.943549e-04],
 [-1.844034e-04,  1.454958e-04,  5.515067e-05,  2.470686e-04, -2.196860e-04],
 [-6.934053e-01,  2.874274e+00,  8.178624e+00,  3.688526e+00, -1.794907e+00],
 [-6.191323e-02, -4.478954e-01, -8.369139e-01, -4.225510e-01,  1.805891e-01],
 [-2.590834e-01,  6.728350e-02,  1.236363e-01,  1.355485e-01, -1.285509e-01],
 [ 7.680735e-02, -1.903882e-01,  4.573285e-03, -2.970796e-02, -1.035207e-01],
 [-6.710093e-02,  6.922051e-02,  2.310403e-02,  1.229100e-01, -7.269207e-02],
 [-1.095229e-01, -2.641111e-01,  3.497507e-01, -2.241983e-02,  5.480270e-01],
 [ 2.071790e+00,  2.823309e+00, -2.825697e+00, -1.187214e+00, -6.325826e+00],
 [-8.794716e-05, -3.454513e-04,  2.023815e-04, -1.598927e-04, -1.174631e-04],
 [-6.420061e-05, -3.242357e-04,  9.598490e-05, -1.328587e-04, -7.522956e-05],
 [-1.855492e-01, -1.291894e-01,  3.022400e-02,  2.121333e-01,  3.071339e-01]]
energy_short: [ 0.149676, -0.632705, -0.638901,  0.417106,  0.586528,  0.609001,  0.466027,  0.463743,  0.427427,  0.285518, -0.623359, -0.626956,  0.433976]
energy_long: [-0.036179,  0.017167,  0.017006, -0.489573,  0.00295 , -0.030827, -0.042069, -0.038435, -0.00659 , -0.513626,  0.017164,  0.017129, -0.033797]