step=2030535, graph_id=0, num_atoms=13
scalar_charges: [  1.231428,  -0.161635,  -0.123412, -19.888872,   1.18974 ,   1.057507,   0.92875 ,   0.953937,   1.007677, -14.878254,  -0.170858,  -0.141009,   1.148265]
spherical_charges_l0: [[-1.213905e-01],
 [ 3.379587e-05],
 [-1.426899e-05],
 [-2.924974e+00],
 [-4.145795e-01],
 [-1.083186e-01],
 [-3.313962e-02],
 [-5.274591e-02],
 [-2.740272e-01],
 [-3.696501e+00],
 [-2.243393e-05],
 [ 3.518067e-06],
 [-1.228114e-01]]
spherical_charges_l1: [[-1.172042e-02,  2.483439e-02,  3.118149e-03],
 [-3.101347e-05,  6.535275e-05,  6.581798e-05],
 [-4.300675e-05,  1.020537e-04,  4.084230e-05],
 [-1.631841e-01,  8.958286e-01,  3.756156e-01],
 [-1.559597e-02,  6.563938e-02, -1.430395e-02],
 [ 3.802145e-02,  5.187655e-02,  7.304107e-04],
 [-3.601561e-03, -8.369818e-04, -8.216525e-03],
 [-6.381709e-03, -1.977973e-02, -2.978702e-03],
 [ 7.720870e-03, -6.312353e-02, -2.143822e-02],
 [ 7.051479e-01, -1.191728e+00,  2.766340e-01],
 [ 1.376935e-04, -6.506174e-05,  4.885346e-05],
 [ 3.206220e-05, -5.864645e-05,  3.584157e-05],
 [ 1.843666e-02, -3.592116e-02,  1.989329e-02]]
spherical_charges_l2: [[-7.411287e-02,  4.907794e-02, -3.491357e-01, -1.516697e-01,  2.205157e-01],
 [-3.469906e-04,  2.342080e-04, -2.931052e-04,  5.087207e-05,  2.900484e-04],
 [-1.551761e-04,  1.380262e-04, -6.549891e-05,  2.171823e-04, -1.568178e-04],
 [-8.645098e-02,  3.272608e+00,  8.236606e+00,  3.502593e+00, -1.732865e+00],
 [-7.377956e-02, -4.010774e-01, -8.333482e-01, -4.192348e-01,  1.800780e-01],
 [-2.442468e-01,  1.007058e-01,  1.293365e-01,  1.124021e-01, -1.005544e-01],
 [ 1.184889e-01, -1.792500e-01, -8.957450e-03, -2.992337e-02, -8.615422e-02],
 [-6.079070e-02,  9.196360e-02,  7.578665e-03,  1.602806e-01, -5.522679e-02],
 [-9.619865e-02, -2.525850e-01,  3.508471e-01, -6.228753e-03,  5.552772e-01],
 [ 2.344368e+00,  3.300093e+00, -3.098224e+00, -1.025860e+00, -6.721198e+00],
 [ 1.571059e-05, -3.425074e-04,  2.271883e-04,  1.083725e-04,  5.161586e-06],
 [-2.747113e-04, -3.266557e-04, -8.968313e-06, -1.147576e-04,  9.857018e-05],
 [-1.752718e-01, -1.141134e-01,  3.675633e-02,  2.090973e-01,  3.354470e-01]]
energy_short: [ 0.130622, -0.587847, -0.597693,  0.375706,  0.569556,  0.59025 ,  0.446251,  0.446112,  0.407328,  0.246249, -0.578497, -0.585012,  0.411505]
energy_long: [-0.032715,  0.019715,  0.019646, -0.480909,  0.005309, -0.026648, -0.035661, -0.033302, -0.003874, -0.498452,  0.019722,  0.019714, -0.029386]