step=1213515, graph_id=0, num_atoms=13
scalar_charges: [ 2.224392, -2.652416, -2.645311,  2.470983,  2.446959,  2.402588,  2.002056,  2.323944,  2.312889,  2.344558, -2.640623, -2.634255,  2.114503]
spherical_charges_l0: [[-5.890663e+00],
 [-1.021085e-03],
 [-6.576729e-03],
 [-9.008409e-02],
 [-1.020292e-01],
 [-2.376113e-01],
 [ 1.248171e-02],
 [-2.081050e-01],
 [-1.767824e-01],
 [-1.644619e-01],
 [-1.909654e-03],
 [-2.629135e-03],
 [-6.460951e+00]]
spherical_charges_l1: [[ 7.027166e-01, -1.532793e+00, -4.339264e-01],
 [ 2.944579e-03, -2.647965e-03,  8.620174e-04],
 [-7.712294e-03,  3.677239e-03, -7.268972e-04],
 [-1.001918e-01, -8.059812e-02,  3.363957e-02],
 [-7.633293e-02, -2.137020e-02,  7.666570e-02],
 [ 2.032313e-02,  1.480100e-02, -5.819026e-02],
 [-7.093935e-02, -2.412833e-02, -2.015653e-01],
 [-6.888334e-03, -1.277218e-01, -4.567833e-02],
 [-6.328796e-02,  5.285899e-02,  1.204994e-01],
 [-4.806787e-02,  1.115275e-01,  2.977107e-02],
 [ 3.155816e-03, -5.047332e-04,  4.244070e-04],
 [-2.124912e-03, -4.114849e-03,  2.239796e-03],
 [-5.905898e-01,  1.440635e+00, -1.213927e+00]]
spherical_charges_l2: [[-2.224663e+00, -8.259857e-01, -1.316074e+01, -5.072087e+00,  5.876513e+00],
 [ 6.666982e-03,  1.353053e-02,  2.122723e-02,  1.326100e-02, -1.807850e-03],
 [ 8.905059e-03, -2.462090e-02,  8.166262e-03,  5.096287e-03, -1.567675e-02],
 [-5.368972e-02, -2.434058e-01,  1.319874e+00, -3.095816e-02, -5.842431e-01],
 [-6.503174e-02, -1.536154e-01,  6.181333e-01,  2.644189e-01, -1.613441e-01],
 [ 2.067005e-01, -9.310997e-01, -7.103350e-01, -9.970421e-01, -9.646123e-02],
 [ 1.619265e-01,  1.777963e-03, -3.243396e-02, -6.554106e-02, -9.224945e-02],
 [ 7.350252e-01, -1.213220e+00,  1.692106e-01, -4.157219e-01,  9.182925e-01],
 [ 5.878464e-01, -2.216859e-01, -2.600682e-01, -1.574128e-01, -4.339198e-01],
 [-6.698570e-02,  3.242076e-01, -1.915887e-01, -4.885228e-01, -8.647901e-01],
 [ 8.353555e-03,  3.352163e-03, -9.923589e-04, -1.455521e-03, -5.477417e-03],
 [-4.393339e-03,  1.263577e-02, -4.971056e-03, -1.063490e-02, -5.299999e-03],
 [-4.756392e+00, -4.633274e+00,  4.231567e+00,  3.829695e+00,  1.367410e+01]]
energy_short: [ 0.455861, -0.934014, -0.98768 ,  0.626117,  0.575002,  0.579517,  0.509904,  0.431298,  0.414884,  0.382804, -0.905154, -0.954455,  0.790202]
energy_long: [-0.264254, -0.043775, -0.043531, -0.033164,  0.001484, -0.023495, -0.030897, -0.027983,  0.006821, -0.030367, -0.043886, -0.043801, -0.266656]