step=813015, graph_id=0, num_atoms=13
scalar_charges: [ 2.038759, -1.78902 , -1.784482,  1.995775,  2.123457,  2.032822,  1.801264,  1.977623,  2.017746,  2.025925, -1.790142, -1.785494,  1.873658]
spherical_charges_l0: [[-5.009351e+00],
 [-1.311966e-03],
 [-2.871335e-03],
 [-1.333004e-01],
 [-1.480750e-01],
 [-1.948955e-01],
 [-1.032911e-02],
 [-1.285411e-01],
 [-2.435551e-01],
 [-1.163362e-01],
 [-1.904651e-03],
 [-1.711580e-03],
 [-5.184383e+00]]
spherical_charges_l1: [[ 8.530112e-01, -1.951072e+00, -7.074784e-01],
 [ 7.216007e-04, -2.483087e-03, -9.900524e-04],
 [-3.221262e-03,  8.827491e-04, -1.032882e-03],
 [-8.862194e-02, -6.311510e-02,  9.045184e-02],
 [-6.765722e-02, -4.260553e-02,  1.067701e-01],
 [-1.419222e-02,  1.038337e-01, -6.122354e-02],
 [-7.830369e-02, -2.107061e-02, -1.989473e-01],
 [ 1.512960e-02, -1.549952e-01, -4.180304e-02],
 [-4.221799e-02,  7.038081e-02,  1.603064e-01],
 [-3.846313e-02,  1.184932e-01,  6.787030e-02],
 [ 2.142173e-03,  2.043618e-04, -7.654270e-05],
 [-1.805514e-03, -1.820575e-03,  8.677287e-04],
 [-8.023615e-01,  1.717448e+00, -1.489593e+00]]
spherical_charges_l2: [[-3.274812e+00, -3.153355e-01, -1.313884e+01, -3.734682e+00,  5.348680e+00],
 [ 6.362458e-03,  1.234282e-02,  1.922839e-02,  1.034500e-02, -5.262994e-04],
 [ 2.931850e-03, -2.210074e-02,  1.303902e-03,  2.580446e-03, -1.392866e-02],
 [-1.327981e-01, -5.075374e-01,  1.268820e+00, -1.996030e-01, -5.482362e-01],
 [ 1.716540e-01, -5.968325e-01,  5.834997e-01, -5.879444e-03, -2.000649e-01],
 [ 7.761451e-02, -8.489431e-01, -5.556706e-01, -9.335579e-01, -1.273026e-01],
 [ 1.062202e-01, -8.218372e-02, -7.588973e-02, -6.717978e-02, -1.466446e-01],
 [ 5.034931e-01, -1.077152e+00, -2.959183e-02, -2.064029e-01,  4.326442e-01],
 [ 6.343328e-01, -5.321831e-02, -2.272734e-01, -1.720341e-01, -3.228400e-01],
 [-6.424318e-02,  2.337835e-01, -4.566006e-02, -5.641847e-01, -8.193104e-01],
 [ 1.356721e-02,  2.582408e-03, -8.241035e-04, -1.424966e-04, -6.798116e-03],
 [-7.731058e-03,  1.334480e-02, -5.498350e-03, -1.103994e-02, -5.449325e-03],
 [-4.600747e+00, -5.006254e+00,  3.716873e+00,  2.997259e+00,  1.141328e+01]]
energy_short: [ 0.36226 , -0.771348, -0.810426,  0.600112,  0.450339,  0.478841,  0.402217,  0.335425,  0.300574,  0.304336, -0.744531, -0.78596 ,  0.741648]
energy_long: [-0.223013, -0.027436, -0.027497, -0.015009,  0.021068,  0.001039, -0.00925 , -0.016221,  0.020737, -0.011114, -0.027489, -0.027569, -0.217224]