step=340425, graph_id=0, num_atoms=13
scalar_charges: [ 2.355674, -3.078139, -3.072793,  2.445684,  2.537592,  2.437604,  2.231301,  2.365995,  2.432426,  2.406523, -3.075552, -3.071837,  2.263694]
spherical_charges_l0: [[-4.258501e+00],
 [-2.304006e-03],
 [-1.412923e-03],
 [-6.674786e-02],
 [-7.108887e-02],
 [-3.319670e-01],
 [-1.024388e-01],
 [-2.124797e-01],
 [-9.342673e-02],
 [-5.368582e-02],
 [-1.491831e-03],
 [-1.400444e-03],
 [-4.980200e+00]]
spherical_charges_l1: [[ 1.198954e+00, -3.280620e+00, -1.243976e+00],
 [-2.850397e-03,  1.426711e-03, -7.259442e-04],
 [ 3.803709e-03, -1.368330e-03,  1.027364e-03],
 [-2.239993e-01, -2.308967e-01, -2.363788e-02],
 [-4.955709e-02,  1.562109e-01,  1.373208e-01],
 [ 1.330302e-01,  7.943979e-02,  3.628090e-02],
 [-8.619365e-02, -3.088628e-02, -2.162579e-01],
 [ 1.056616e-01, -2.834835e-01, -3.435119e-02],
 [-6.838420e-02,  3.885130e-02,  1.558064e-01],
 [-1.097655e-01,  2.779643e-01, -4.124689e-02],
 [-1.459604e-04, -1.782573e-03,  8.581984e-04],
 [ 2.377344e-03, -3.253754e-04,  1.189500e-04],
 [-1.552378e+00,  3.493417e+00, -2.213763e+00]]
spherical_charges_l2: [[-1.215508e+00, -5.012189e-01, -1.023269e+01, -3.756247e+00,  4.909012e+00],
 [ 8.815542e-03, -5.715684e-03,  6.798529e-03, -2.180396e-03, -3.176644e-03],
 [ 5.575651e-03, -1.129860e-02,  4.364844e-03,  1.312315e-03, -7.080514e-03],
 [-6.172086e-02, -5.671905e-01,  9.542796e-01, -2.557499e-01, -5.572402e-01],
 [-5.478828e-03, -3.941384e-01,  3.265988e-01, -1.660398e-01, -1.071526e-01],
 [ 3.445914e-01, -5.727661e-01, -9.167764e-01, -8.336141e-01,  6.857600e-02],
 [ 1.906830e-01, -2.930449e-02, -9.148208e-03,  2.590216e-02,  9.443729e-02],
 [ 4.130886e-01, -6.663654e-01, -1.564490e-02, -3.390422e-01,  6.561725e-01],
 [ 3.830563e-01, -2.702629e-01, -7.099536e-02, -1.696436e-01, -3.012431e-01],
 [ 1.169592e-01,  3.094081e-01, -1.077683e-01, -4.330899e-01, -7.211299e-01],
 [ 2.871878e-03,  4.215828e-03, -2.155997e-03, -6.834540e-04, -1.012853e-03],
 [ 8.846869e-04,  6.960724e-03, -2.109158e-03, -2.738096e-03, -2.517219e-03],
 [-4.277127e+00, -3.842393e+00,  3.872313e+00,  2.797297e+00,  1.114651e+01]]
energy_short: [ 0.109358, -0.482925, -0.514737,  0.424984,  0.255715,  0.292266,  0.21924 ,  0.150432,  0.093169,  0.141795, -0.458073, -0.494259,  0.500659]
energy_long: [-0.141588, -0.003462, -0.002978,  0.036502,  0.069285,  0.046784,  0.031967,  0.036946,  0.073451,  0.044843, -0.00326 , -0.003344, -0.142782]