step=2318895, graph_id=0, num_atoms=13
scalar_charges: [ 1.119421, -0.719842, -0.700111,  1.085129,  1.501587,  1.481602,  0.970915,  1.395673,  1.306472,  1.122807, -0.732315, -0.706227,  0.762789]
spherical_charges_l0: [[-7.228954e+00],
 [-2.297515e-03],
 [-3.625308e-03],
 [-7.184285e-02],
 [-1.333741e-01],
 [-2.072329e-01],
 [-6.228537e-03],
 [-2.074545e-01],
 [-1.984544e-01],
 [-1.329539e-01],
 [-2.756206e-03],
 [-2.047016e-03],
 [-7.742698e+00]]
spherical_charges_l1: [[ 4.759299e-01, -1.068664e+00, -2.866856e-01],
 [ 3.287065e-03,  2.026335e-04,  1.658511e-03],
 [-2.979479e-03,  9.593130e-04, -1.187051e-03],
 [-4.598866e-02, -6.741270e-02,  4.338869e-03],
 [-2.178328e-02, -1.150919e-02,  5.616734e-02],
 [ 4.522639e-02, -2.380378e-02, -1.587822e-02],
 [-6.449962e-02, -1.269410e-02, -1.477782e-01],
 [-4.898401e-02, -4.098777e-02, -3.344275e-02],
 [-3.336944e-02,  3.823399e-02,  6.726175e-02],
 [-3.459222e-02,  7.902737e-02,  1.333818e-02],
 [ 2.336568e-03,  3.708052e-04, -2.046235e-04],
 [-2.025221e-03, -2.091566e-03,  7.842236e-04],
 [-3.738689e-01,  8.883775e-01, -7.687166e-01]]
spherical_charges_l2: [[-1.985444e+00, -1.589475e+00, -1.265318e+01, -4.710473e+00,  5.010364e+00],
 [ 6.478727e-03,  1.762728e-03,  2.270871e-02,  1.247302e-02, -1.042646e-02],
 [ 7.713280e-03, -1.158073e-02,  1.178137e-02,  5.942217e-03, -1.351098e-02],
 [-4.955634e-02, -3.402915e-02,  1.208870e+00,  1.163800e-01, -4.543678e-01],
 [-2.990541e-05,  1.209234e-01,  7.410573e-01,  4.220569e-01, -1.784239e-01],
 [ 3.868470e-01, -8.334816e-01, -4.536739e-01, -1.037985e+00,  1.839491e-02],
 [ 1.836179e-01,  3.702134e-02, -2.757503e-02, -2.376221e-02, -4.363994e-02],
 [ 7.503587e-01, -9.790671e-01,  2.215322e-01, -3.845123e-01,  6.971536e-01],
 [ 3.881815e-01, -7.498620e-02, -2.944505e-01, -1.403488e-01, -5.226637e-01],
 [-6.044795e-02,  3.333749e-01, -1.962650e-01, -3.703613e-01, -7.195938e-01],
 [ 7.076471e-03,  8.342806e-03, -3.380557e-03, -7.131372e-03, -1.170854e-02],
 [ 4.410305e-03,  9.675332e-03, -4.755693e-03, -7.556270e-03, -9.685243e-03],
 [-5.020621e+00, -4.969329e+00,  3.976653e+00,  3.317000e+00,  1.245965e+01]]
energy_short: [ 0.345145, -0.665978, -0.70012 ,  0.537704,  0.544392,  0.523485,  0.423374,  0.368204,  0.374243,  0.339559, -0.640981, -0.677661,  0.668239]
energy_long: [-0.281606, -0.072898, -0.072942, -0.068424, -0.018804, -0.048548, -0.067203, -0.053343, -0.015013, -0.067523, -0.073011, -0.072764, -0.282048]