step=1385730, graph_id=0, num_atoms=13
scalar_charges: [ 2.545373, -2.244123, -2.229278,  2.29619 ,  2.523735,  2.438168,  1.996517,  2.371724,  2.339825,  2.256102, -2.250374, -2.232044,  2.312947]
spherical_charges_l0: [[-7.262155e+00],
 [-1.284901e-03],
 [-3.474288e-03],
 [-9.569059e-02],
 [-1.110657e-01],
 [-2.348378e-01],
 [ 1.001473e-02],
 [-2.080520e-01],
 [-1.612287e-01],
 [-1.424013e-01],
 [-7.990223e-04],
 [-8.894040e-04],
 [-7.908092e+00]]
spherical_charges_l1: [[ 7.343575e-01, -1.317426e+00, -3.056777e-01],
 [ 1.686363e-03, -2.014215e-03,  6.600084e-05],
 [-3.758522e-03,  5.561726e-04, -1.191393e-03],
 [-3.715572e-02, -8.449171e-02,  1.332794e-02],
 [-5.832494e-02,  2.379126e-02,  8.273470e-02],
 [ 2.446606e-02,  3.336453e-03, -2.807310e-02],
 [-5.104379e-02, -1.509315e-02, -1.368605e-01],
 [-1.184321e-02, -9.984604e-02, -2.887500e-02],
 [-4.746332e-02,  3.663364e-02,  1.102028e-01],
 [-5.484898e-02,  1.119582e-01,  1.475857e-02],
 [ 1.163399e-03, -1.376013e-04, -1.327275e-05],
 [-1.198738e-03, -1.429756e-03,  6.463798e-04],
 [-5.101570e-01,  1.236472e+00, -1.167498e+00]]
spherical_charges_l2: [[-2.417709e+00, -6.931254e-01, -1.413369e+01, -5.817338e+00,  6.390141e+00],
 [ 6.302722e-03,  7.207705e-03,  1.382185e-02,  4.241442e-03, -1.088296e-03],
 [ 4.354442e-03, -1.397302e-02,  2.581930e-03,  1.790075e-03, -9.820848e-03],
 [-3.463164e-02, -1.801534e-01,  1.005476e+00, -9.050536e-03, -5.000312e-01],
 [-6.498512e-03, -1.518023e-01,  4.177086e-01,  2.106909e-01, -1.403269e-01],
 [ 8.890581e-02, -6.523522e-01, -7.794924e-01, -8.397559e-01, -4.075146e-03],
 [ 1.439760e-01,  1.022196e-02, -2.190376e-02, -4.999887e-02, -7.173890e-02],
 [ 5.963524e-01, -1.035297e+00,  1.987001e-01, -3.829383e-01,  9.013739e-01],
 [ 5.482337e-01, -8.138618e-02, -1.893289e-01, -1.501667e-01, -3.880352e-01],
 [-2.939773e-02,  3.105919e-01, -1.884532e-01, -4.093461e-01, -7.110327e-01],
 [ 9.190138e-03, -2.592299e-04,  7.006932e-04, -1.253968e-03, -6.161896e-03],
 [-6.417756e-03,  8.337427e-03, -3.830333e-03, -8.266918e-03, -3.332309e-03],
 [-5.531507e+00, -5.350073e+00,  4.245871e+00,  4.660460e+00,  1.445061e+01]]
energy_short: [ 0.34371 , -0.77081 , -0.805332,  0.594596,  0.541635,  0.543362,  0.458168,  0.388588,  0.379687,  0.3642  , -0.73885 , -0.777387,  0.668806]
energy_long: [-0.287642, -0.059083, -0.05907 , -0.040878, -0.004903, -0.025394, -0.043033, -0.034077, -0.000878, -0.039599, -0.059264, -0.059178, -0.295333]