step=524655, graph_id=0, num_atoms=13
scalar_charges: [ 3.258406, -3.382366, -3.366753,  3.155439,  3.29972 ,  3.137243,  2.752359,  2.989122,  3.074954,  3.090581, -3.375253, -3.365592,  3.058693]
spherical_charges_l0: [[-7.268967e+00],
 [-4.687259e-04],
 [-2.658712e-03],
 [-1.157458e-01],
 [-8.786055e-02],
 [-3.367272e-01],
 [-8.693676e-02],
 [-1.333235e-01],
 [-1.587627e-01],
 [-1.893696e-02],
 [-1.477240e-03],
 [-1.650501e-03],
 [-6.824263e+00]]
spherical_charges_l1: [[ 1.308590e+00, -3.742336e+00, -1.631138e+00],
 [ 1.217964e-03, -3.753116e-03, -9.345363e-04],
 [-3.246702e-03,  2.422645e-03, -2.323655e-04],
 [-2.336833e-01, -1.640539e-01,  1.368836e-02],
 [-7.381643e-02, -6.601348e-02,  1.410302e-01],
 [ 1.072613e-02,  3.852960e-01, -3.851286e-02],
 [-1.300341e-01, -4.701097e-02, -2.847006e-01],
 [ 1.801190e-01, -3.563402e-01, -1.225429e-02],
 [-4.714599e-02,  9.948467e-02,  1.847053e-01],
 [-6.084296e-02,  1.986129e-01, -2.294925e-03],
 [ 4.084068e-03, -4.332460e-04,  9.461964e-05],
 [-1.470007e-03, -4.292225e-03,  1.772965e-03],
 [-1.895452e+00,  3.921529e+00, -2.773531e+00]]
spherical_charges_l2: [[-5.609906e+00,  1.620683e+00, -1.833787e+01, -6.074983e+00,  1.028850e+01],
 [ 1.061417e-02,  1.387117e-02,  2.589589e-02,  1.256397e-02, -3.943419e-03],
 [-3.116148e-03, -2.063031e-02,  1.116029e-03,  9.184793e-03, -1.581346e-02],
 [-2.275378e-01, -6.867338e-01,  1.388204e+00, -3.052130e-01, -5.645633e-01],
 [ 1.580457e-01, -8.050072e-01,  5.702044e-01, -1.688552e-01, -1.678250e-01],
 [ 3.743275e-01, -1.027387e+00, -8.954383e-01, -1.404414e+00, -5.481955e-02],
 [ 8.789950e-02, -6.748866e-02, -8.126452e-03,  4.024547e-02,  1.176982e-01],
 [ 3.279130e-01, -1.114883e+00, -4.282252e-02, -5.424971e-02,  6.721442e-01],
 [ 4.159017e-01, -2.763810e-01, -1.307701e-01,  8.085234e-03, -3.489641e-01],
 [-1.585857e-02,  2.909857e-01, -8.679332e-03, -5.475979e-01, -8.401591e-01],
 [ 1.571935e-02,  2.033333e-03, -1.390220e-03, -3.410657e-03, -1.034616e-02],
 [-7.069116e-03,  1.055873e-02, -2.711111e-03, -1.354487e-02, -8.835057e-03],
 [-7.175907e+00, -7.582015e+00,  5.418063e+00,  6.384501e+00,  1.694111e+01]]
energy_short: [ 0.144938, -0.601886, -0.635115,  0.4974  ,  0.311221,  0.354091,  0.298595,  0.223664,  0.175381,  0.175886, -0.575085, -0.612549,  0.537806]
energy_long: [-0.193003, -0.013563, -0.013124,  0.020901,  0.056153,  0.025807,  0.028646,  0.028473,  0.069995,  0.031079, -0.013529, -0.013264, -0.17879 ]