step=3384225, graph_id=0, num_atoms=13
scalar_charges: [ 1.097411, -0.522692, -0.500531,  1.371726,  1.606072,  1.53976 ,  0.98779 ,  1.402677,  1.355454,  1.270901, -0.526058, -0.507447,  0.808459]
spherical_charges_l0: [[-7.794937e+00],
 [-2.238030e-03],
 [-2.687702e-03],
 [-1.196100e-01],
 [-1.845640e-01],
 [-2.084595e-01],
 [ 4.621583e-02],
 [-2.386940e-01],
 [-2.244551e-01],
 [-1.978324e-01],
 [-2.850841e-03],
 [-2.009928e-03],
 [-8.498835e+00]]
spherical_charges_l1: [[ 3.445061e-01, -7.372765e-01, -1.901038e-01],
 [ 1.818196e-03,  3.427911e-04,  1.096308e-03],
 [-1.011941e-03,  2.384162e-04, -6.954006e-04],
 [-1.505568e-02, -5.843564e-02,  3.032970e-03],
 [-2.166854e-02, -1.809781e-02,  5.967285e-02],
 [ 3.020593e-02, -5.116146e-02, -1.902746e-02],
 [-3.864162e-02, -8.874958e-03, -9.232934e-02],
 [-3.775766e-02, -3.433636e-02, -2.119816e-02],
 [-3.501661e-02,  2.428330e-02,  6.438334e-02],
 [-3.990946e-02,  8.215315e-02,  8.674545e-03],
 [ 1.097006e-03,  3.346129e-04, -9.636940e-05],
 [-1.132761e-03, -9.908298e-04,  3.908496e-04],
 [-2.988375e-01,  6.528668e-01, -5.198565e-01]]
spherical_charges_l2: [[-1.878214e+00, -1.771393e+00, -1.205131e+01, -4.806479e+00,  4.739167e+00],
 [ 3.747489e-03, -3.550825e-03,  1.244182e-02,  4.291219e-03, -8.080231e-03],
 [ 5.141200e-04, -5.408826e-03,  5.539639e-03,  6.571939e-03, -7.366501e-03],
 [-1.558497e-01, -1.240449e-01,  1.157493e+00,  1.699606e-01, -5.110306e-01],
 [-8.240285e-02,  6.997100e-02,  7.699939e-01,  4.600757e-01, -1.899214e-01],
 [ 2.344845e-01, -8.976917e-01, -5.925750e-01, -1.030709e+00, -2.861685e-02],
 [ 1.580975e-01,  1.094962e-01, -4.769152e-02, -4.478663e-02, -1.978425e-02],
 [ 7.754074e-01, -1.068646e+00,  2.409796e-01, -3.004674e-01,  6.688362e-01],
 [ 4.083538e-01, -1.321088e-01, -3.299387e-01, -5.615078e-02, -4.341106e-01],
 [-8.510370e-02,  2.447962e-01, -2.267306e-01, -3.562074e-01, -7.422276e-01],
 [ 7.542470e-04,  4.363832e-03, -1.689879e-03, -4.489366e-03, -5.375492e-03],
 [ 1.702117e-03,  3.447215e-03, -2.420445e-03, -4.620412e-03, -4.813286e-03],
 [-4.663051e+00, -4.600193e+00,  4.069960e+00,  3.132123e+00,  1.213666e+01]]
energy_short: [ 0.327316, -0.619228, -0.648693,  0.481105,  0.536531,  0.517493,  0.409194,  0.360849,  0.36389 ,  0.298574, -0.593758, -0.626309,  0.643874]
energy_long: [-0.313339, -0.077479, -0.077317, -0.073832, -0.019305, -0.055132, -0.073589, -0.059028, -0.019371, -0.073922, -0.077383, -0.07719 , -0.31535 ]