step=1209510, graph_id=0, num_atoms=13
scalar_charges: [ 2.266911, -2.650749, -2.642764,  2.50705 ,  2.495663,  2.437937,  2.045294,  2.367296,  2.358784,  2.386978, -2.638421, -2.631983,  2.138608]
spherical_charges_l0: [[-5.437399e+00],
 [-1.228552e-03],
 [-7.079590e-03],
 [-9.104270e-02],
 [-8.816487e-02],
 [-2.253883e-01],
 [ 1.415579e-02],
 [-1.987968e-01],
 [-1.712163e-01],
 [-1.525056e-01],
 [-2.219933e-03],
 [-2.864403e-03],
 [-5.868470e+00]]
spherical_charges_l1: [[ 6.688569e-01, -1.414576e+00, -4.041114e-01],
 [ 2.853422e-03, -3.146835e-03,  7.005935e-04],
 [-7.915287e-03,  3.664391e-03, -7.788898e-04],
 [-8.333207e-02, -7.692915e-02,  3.273204e-02],
 [-8.297035e-02, -3.112851e-02,  7.520445e-02],
 [ 2.338532e-02,  2.094251e-03, -4.737741e-02],
 [-7.620452e-02, -1.877669e-02, -2.014229e-01],
 [-1.581556e-02, -1.311380e-01, -4.490946e-02],
 [-6.760135e-02,  6.702492e-02,  1.170644e-01],
 [-5.115990e-02,  1.186939e-01,  2.138527e-02],
 [ 2.905030e-03, -4.809726e-04,  4.211648e-04],
 [-2.133387e-03, -4.006910e-03,  2.234624e-03],
 [-5.062661e-01,  1.276733e+00, -1.112002e+00]]
spherical_charges_l2: [[-1.883996e+00, -9.944714e-01, -1.234885e+01, -4.619138e+00,  5.208874e+00],
 [ 8.308839e-03,  1.651745e-02,  2.398808e-02,  1.417605e-02, -1.063063e-03],
 [ 1.020531e-02, -2.874510e-02,  7.450078e-03,  4.284541e-03, -1.725433e-02],
 [-2.093909e-02, -1.915769e-01,  1.348292e+00, -6.151794e-02, -5.522140e-01],
 [-8.491679e-02, -1.186818e-01,  6.040518e-01,  2.846066e-01, -1.537041e-01],
 [ 2.166846e-01, -8.393460e-01, -6.110926e-01, -9.681306e-01, -8.212508e-02],
 [ 1.750036e-01,  2.064042e-02, -2.247606e-02, -5.446326e-02, -6.268594e-02],
 [ 7.745200e-01, -1.140307e+00,  1.001755e-01, -3.902455e-01,  8.342300e-01],
 [ 5.608553e-01, -2.027012e-01, -2.692595e-01, -1.528253e-01, -4.263703e-01],
 [-4.172475e-02,  3.328650e-01, -1.894716e-01, -4.537686e-01, -8.205637e-01],
 [ 1.076657e-02,  4.167622e-03, -1.224003e-03, -8.603819e-04, -6.172140e-03],
 [-6.271412e-03,  1.539267e-02, -6.279654e-03, -1.210339e-02, -5.387755e-03],
 [-4.299847e+00, -4.144819e+00,  3.767585e+00,  3.321620e+00,  1.239308e+01]]
energy_short: [ 0.437368, -0.928596, -0.98141 ,  0.628362,  0.579553,  0.583556,  0.510087,  0.432967,  0.417424,  0.384616, -0.899963, -0.948631,  0.775446]
energy_long: [-0.26036 , -0.043676, -0.043466, -0.031794,  0.001137, -0.020221, -0.030337, -0.028569,  0.003584, -0.029408, -0.043737, -0.043683, -0.263236]