step=1770210, graph_id=0, num_atoms=13
scalar_charges: [ 1.499154, -0.974905, -0.945856,  1.591141,  2.019639,  1.938783,  1.209491,  1.738652,  1.704247,  1.660628, -1.002367, -0.959491,  0.990373]
spherical_charges_l0: [[-7.046662e+00],
 [ 8.018774e-04],
 [-2.138402e-04],
 [-9.615971e-02],
 [-1.804061e-01],
 [-2.364955e-01],
 [ 1.811815e-02],
 [-1.540546e-01],
 [-2.687339e-01],
 [-1.616655e-01],
 [ 3.103330e-04],
 [ 3.257790e-04],
 [-7.724692e+00]]
spherical_charges_l1: [[ 5.180064e-01, -1.124056e+00, -3.582575e-01],
 [ 2.985091e-03, -1.436048e-03,  1.028197e-03],
 [-3.434270e-03,  4.186521e-04, -1.242497e-03],
 [-7.020810e-02, -8.047260e-02,  1.582621e-02],
 [-4.319859e-02, -1.812066e-02,  9.335332e-02],
 [ 3.137635e-02, -2.468384e-02, -3.580073e-02],
 [-7.377885e-02, -2.781892e-02, -1.907247e-01],
 [-5.569437e-02, -5.714658e-02, -2.649106e-02],
 [-4.150668e-02,  6.388394e-02,  1.065286e-01],
 [-4.384313e-02,  1.058852e-01,  8.658663e-03],
 [ 1.707678e-03,  6.369397e-04, -3.547104e-04],
 [-2.007387e-03, -1.285578e-03,  4.732421e-04],
 [-4.232414e-01,  9.322737e-01, -1.003809e+00]]
spherical_charges_l2: [[-2.083295e+00, -1.202713e+00, -1.286175e+01, -5.139968e+00,  5.562897e+00],
 [ 4.201942e-03,  1.699119e-03,  8.312149e-03,  4.096389e-03, -1.960088e-03],
 [ 5.619846e-03, -7.418056e-03,  7.557465e-03,  2.746327e-03, -6.538806e-03],
 [-1.799360e-01, -6.547552e-02,  1.155685e+00, -4.586206e-02, -4.768772e-01],
 [ 7.778832e-02, -2.029673e-01,  6.940076e-01,  2.919176e-01, -8.749073e-02],
 [ 1.828394e-01, -7.661840e-01, -6.708667e-01, -1.127971e+00, -2.561719e-02],
 [ 2.095957e-01,  6.982844e-02, -2.376582e-02, -3.894050e-02, -1.180369e-01],
 [ 7.449276e-01, -9.967211e-01,  5.877606e-02, -1.750133e-01,  5.412415e-01],
 [ 6.106653e-01, -1.344235e-01, -3.034298e-01, -9.992865e-02, -3.531303e-01],
 [-1.185228e-01,  2.987143e-01, -2.462665e-01, -2.853239e-01, -7.619655e-01],
 [ 2.080458e-06,  2.225665e-03, -1.285191e-03, -1.158603e-03, -1.844878e-03],
 [ 1.622640e-03,  2.403499e-03, -1.120886e-03, -2.127652e-03, -2.830690e-03],
 [-5.054784e+00, -5.159554e+00,  4.179998e+00,  3.670005e+00,  1.292528e+01]]
energy_short: [ 0.394286, -0.792577, -0.825848,  0.559911,  0.54144 ,  0.529508,  0.437495,  0.379546,  0.371995,  0.335673, -0.758764, -0.797761,  0.721123]
energy_long: [-0.268881, -0.063327, -0.063507, -0.053777, -0.011849, -0.041044, -0.049731, -0.046778, -0.009069, -0.052203, -0.063466, -0.063265, -0.275014]