step=2547180, graph_id=0, num_atoms=13
scalar_charges: [ 1.318274, -0.588625, -0.558338,  1.265008,  1.651267,  1.561045,  1.04012 ,  1.483379,  1.434124,  1.288395, -0.591228, -0.564244,  0.863212]
spherical_charges_l0: [[-6.930888e+00],
 [-2.600225e-03],
 [-2.880839e-03],
 [-1.144331e-01],
 [-1.473164e-01],
 [-1.856986e-01],
 [ 2.779497e-02],
 [-2.118536e-01],
 [-2.053156e-01],
 [-1.676633e-01],
 [-1.857946e-03],
 [-1.336410e-03],
 [-7.655760e+00]]
spherical_charges_l1: [[ 3.538945e-01, -8.514777e-01, -2.346054e-01],
 [ 2.230560e-03,  2.433148e-04,  1.197052e-03],
 [-1.579123e-03,  4.032503e-04, -6.627413e-04],
 [-3.469301e-02, -6.730392e-02, -3.189798e-03],
 [-3.276574e-02, -2.427126e-02,  6.840762e-02],
 [ 2.550268e-02, -3.526885e-02, -2.400978e-02],
 [-4.451312e-02, -7.601980e-03, -1.012363e-01],
 [-4.531511e-02, -4.811218e-02, -1.560661e-02],
 [-4.805237e-02,  4.394449e-02,  8.334040e-02],
 [-4.502133e-02,  8.517012e-02,  4.394768e-03],
 [ 1.274893e-03,  2.427376e-04, -1.560000e-04],
 [-1.194184e-03, -1.316036e-03,  4.460605e-04],
 [-3.521493e-01,  7.304294e-01, -6.078761e-01]]
spherical_charges_l2: [[-1.809888e+00, -1.000060e+00, -1.152037e+01, -4.501517e+00,  4.854727e+00],
 [ 4.328087e-03, -8.598258e-04,  1.035712e-02,  4.917603e-03, -4.925243e-03],
 [ 1.793787e-03, -6.190583e-03,  6.500834e-03,  6.692848e-03, -7.990259e-03],
 [-1.187134e-01, -1.373885e-01,  1.082038e+00,  1.089647e-01, -4.504827e-01],
 [-3.544847e-02,  1.083037e-01,  6.761044e-01,  3.853749e-01, -1.390970e-01],
 [ 2.476929e-01, -8.051676e-01, -5.391791e-01, -9.360965e-01, -3.669605e-02],
 [ 1.064705e-01,  4.469754e-02, -4.272784e-02, -4.712094e-02, -5.740295e-02],
 [ 7.255436e-01, -1.003609e+00,  1.939616e-01, -3.244827e-01,  6.722834e-01],
 [ 5.027530e-01, -6.565639e-02, -3.171303e-01, -7.128859e-02, -4.308918e-01],
 [-5.267407e-02,  2.243021e-01, -1.948174e-01, -3.519321e-01, -6.818714e-01],
 [ 2.478450e-03,  3.469385e-03, -1.531731e-03, -3.682079e-03, -5.274387e-03],
 [ 1.598920e-03,  3.122573e-03, -1.534651e-03, -4.342259e-03, -4.757914e-03],
 [-4.324193e+00, -4.391715e+00,  3.951923e+00,  3.002380e+00,  1.158074e+01]]
energy_short: [ 0.352458, -0.662081, -0.692626,  0.521154,  0.540801,  0.528517,  0.415523,  0.369065,  0.365774,  0.327471, -0.633737, -0.668501,  0.670803]
energy_long: [-0.293221, -0.077544, -0.077608, -0.070092, -0.018309, -0.049293, -0.0681  , -0.055534, -0.014024, -0.069597, -0.077802, -0.077563, -0.294732]