step=3171960, graph_id=0, num_atoms=13
scalar_charges: [ 1.054139, -0.568058, -0.543035,  1.390031,  1.546242,  1.517183,  1.003878,  1.392316,  1.316236,  1.280869, -0.5641  , -0.54518 ,  0.806237]
spherical_charges_l0: [[-7.193417e+00],
 [-2.655986e-03],
 [-2.814383e-03],
 [-1.007130e-01],
 [-1.731601e-01],
 [-2.064632e-01],
 [ 3.902261e-02],
 [-2.484763e-01],
 [-2.184126e-01],
 [-1.811576e-01],
 [-2.893055e-03],
 [-2.276631e-03],
 [-7.877448e+00]]
spherical_charges_l1: [[ 3.016628e-01, -7.108107e-01, -1.996627e-01],
 [ 1.824924e-03,  3.805981e-04,  1.135003e-03],
 [-1.344782e-03,  3.969905e-04, -6.964734e-04],
 [-2.001830e-02, -5.238528e-02,  3.222974e-03],
 [-1.592214e-02, -1.535103e-02,  5.700693e-02],
 [ 4.461899e-02, -4.276886e-02, -1.283848e-02],
 [-4.710601e-02, -1.254488e-02, -1.075335e-01],
 [-4.302232e-02, -3.031289e-02, -2.790244e-02],
 [-3.056714e-02,  2.254848e-02,  5.538644e-02],
 [-3.625755e-02,  7.810882e-02,  9.490543e-03],
 [ 1.235265e-03,  3.600709e-04, -6.686400e-05],
 [-1.218480e-03, -1.127977e-03,  5.248844e-04],
 [-2.432430e-01,  5.711931e-01, -4.887480e-01]]
spherical_charges_l2: [[-1.716538e+00, -1.628815e+00, -1.161717e+01, -4.511988e+00,  4.710740e+00],
 [ 5.464922e-03, -2.708890e-03,  1.365226e-02,  4.518965e-03, -7.407030e-03],
 [ 2.843753e-03, -6.496141e-03,  5.707228e-03,  4.685096e-03, -7.742446e-03],
 [-1.184100e-01, -1.190229e-01,  1.121165e+00,  1.083219e-01, -4.710036e-01],
 [-3.586426e-02,  1.065993e-01,  7.904553e-01,  4.604208e-01, -1.951598e-01],
 [ 2.772012e-01, -8.200763e-01, -5.430900e-01, -1.035596e+00, -5.249546e-03],
 [ 1.642566e-01,  1.053312e-01, -3.735566e-02, -3.413226e-02, -1.495094e-02],
 [ 7.386924e-01, -9.967444e-01,  2.072610e-01, -2.960314e-01,  6.607041e-01],
 [ 3.721093e-01, -1.379369e-01, -3.153653e-01, -1.064492e-01, -4.634427e-01],
 [-8.078063e-02,  2.801635e-01, -2.357420e-01, -3.265767e-01, -7.228533e-01],
 [ 2.170118e-03,  4.887135e-03, -1.931469e-03, -5.489408e-03, -6.902831e-03],
 [ 1.869463e-03,  4.819436e-03, -2.820718e-03, -5.169598e-03, -5.677263e-03],
 [-4.362656e+00, -4.363482e+00,  3.948898e+00,  2.978273e+00,  1.185489e+01]]
energy_short: [ 0.333224, -0.619259, -0.649653,  0.486295,  0.545642,  0.521935,  0.417181,  0.365861,  0.373748,  0.306168, -0.595189, -0.627778,  0.644546]
energy_long: [-0.313751, -0.074796, -0.074722, -0.075566, -0.025147, -0.061579, -0.077168, -0.063819, -0.022659, -0.075397, -0.074651, -0.074461, -0.314254]