step=989235, graph_id=0, num_atoms=13
scalar_charges: [ 2.788667, -2.504114, -2.499447,  2.531492,  2.671561,  2.559779,  2.260846,  2.512236,  2.53101 ,  2.530765, -2.502483, -2.497324,  2.581662]
spherical_charges_l0: [[-5.565608e+00],
 [-2.426631e-03],
 [-3.858726e-03],
 [-1.126858e-01],
 [-4.524108e-02],
 [-1.831808e-01],
 [ 1.335299e-03],
 [-1.927281e-01],
 [-1.217400e-01],
 [-1.339879e-01],
 [-2.008294e-03],
 [-2.500239e-03],
 [-6.013326e+00]]
spherical_charges_l1: [[ 8.056384e-01, -1.621457e+00, -4.644977e-01],
 [ 2.504495e-03, -7.483306e-04,  1.071062e-03],
 [-2.688271e-03,  4.948706e-04, -9.444754e-04],
 [-9.229523e-02, -1.240601e-01,  2.943090e-02],
 [-5.648786e-02, -4.619491e-02,  9.773351e-02],
 [ 1.246034e-02,  4.930782e-02, -5.585930e-02],
 [-5.614945e-02, -1.686822e-02, -1.812161e-01],
 [ 4.943277e-03, -1.549510e-01, -4.013374e-02],
 [-6.703266e-02,  1.026372e-01,  1.869642e-01],
 [-5.480029e-02,  1.431933e-01,  9.799120e-03],
 [ 2.820181e-03, -9.383961e-05,  7.496303e-05],
 [-1.277699e-03, -2.366959e-03,  1.145977e-03],
 [-4.917284e-01,  1.410283e+00, -1.261645e+00]]
spherical_charges_l2: [[-2.679658e+00, -3.934393e-01, -1.371190e+01, -5.321304e+00,  5.867375e+00],
 [ 4.167930e-03,  1.570551e-02,  1.464261e-02,  9.727116e-03,  1.641151e-03],
 [ 2.882704e-03, -1.481052e-02,  2.056554e-03,  1.648426e-03, -1.073643e-02],
 [-5.279863e-02, -3.346738e-01,  1.398986e+00, -1.780931e-01, -5.751740e-01],
 [ 1.324333e-02, -2.264812e-01,  6.508253e-01,  2.473689e-01, -1.807485e-01],
 [ 1.535413e-01, -8.916473e-01, -6.846868e-01, -9.998928e-01, -1.404059e-01],
 [ 1.857105e-01, -1.123092e-01, -4.570929e-02, -7.835922e-02, -9.158360e-02],
 [ 5.649263e-01, -1.256101e+00,  5.678981e-02, -3.736010e-01,  7.232040e-01],
 [ 6.470827e-01, -1.147567e-01, -2.254820e-01, -2.698291e-01, -4.865808e-01],
 [-7.725436e-02,  3.051032e-01, -1.858656e-01, -5.343589e-01, -9.714780e-01],
 [ 7.494349e-03, -1.917936e-03,  1.289571e-03, -1.851730e-03, -5.669141e-03],
 [-6.897093e-03,  7.010606e-03, -3.189047e-03, -8.462039e-03, -3.403339e-03],
 [-5.338750e+00, -5.122278e+00,  4.099178e+00,  4.494021e+00,  1.394884e+01]]
energy_short: [ 0.314502, -0.825508, -0.865279,  0.66668 ,  0.52863 ,  0.553748,  0.475844,  0.398245,  0.373087,  0.387779, -0.800998, -0.841986,  0.683502]
energy_long: [-0.274955, -0.045577, -0.045586, -0.03746 , -0.001765, -0.020639, -0.03512 , -0.030715,  0.005623, -0.032839, -0.045708, -0.045712, -0.274165]