step=3256065, graph_id=0, num_atoms=13
scalar_charges: [ 1.247144, -0.53684 , -0.512189,  1.404935,  1.572912,  1.549246,  1.015851,  1.410356,  1.32173 ,  1.267057, -0.538915, -0.519404,  0.97153 ]
spherical_charges_l0: [[-7.522403e+00],
 [-1.823877e-03],
 [-2.146571e-03],
 [-8.849562e-02],
 [-1.766926e-01],
 [-2.089266e-01],
 [ 2.739534e-02],
 [-2.406719e-01],
 [-2.142942e-01],
 [-1.751684e-01],
 [-1.771685e-03],
 [-1.439714e-03],
 [-8.359539e+00]]
spherical_charges_l1: [[ 3.585952e-01, -7.497342e-01, -1.870362e-01],
 [ 1.386885e-03,  2.197448e-04,  8.815628e-04],
 [-1.081102e-03,  3.317751e-04, -5.940424e-04],
 [-1.888224e-02, -5.501935e-02,  5.992565e-03],
 [-1.556727e-02, -9.604832e-03,  5.836544e-02],
 [ 4.130521e-02, -4.811181e-02, -1.937472e-02],
 [-4.907006e-02, -1.350214e-02, -1.153679e-01],
 [-3.779203e-02, -3.509311e-02, -2.782884e-02],
 [-2.799224e-02,  2.047382e-02,  5.839987e-02],
 [-3.691940e-02,  8.076330e-02,  9.318183e-03],
 [ 1.000881e-03,  3.984375e-04, -1.185503e-04],
 [-1.056973e-03, -8.696601e-04,  3.743649e-04],
 [-2.743459e-01,  6.561779e-01, -5.174375e-01]]
spherical_charges_l2: [[-1.768312e+00, -1.724634e+00, -1.195758e+01, -4.642670e+00,  4.767348e+00],
 [ 4.024506e-03, -4.096751e-03,  9.817198e-03,  1.640043e-03, -6.721344e-03],
 [ 1.842167e-03, -5.886217e-03,  5.176117e-03,  4.912131e-03, -7.295715e-03],
 [-9.350707e-02, -1.034202e-01,  1.139233e+00,  1.230237e-01, -4.815069e-01],
 [-9.128939e-02,  2.022782e-01,  8.039247e-01,  4.987084e-01, -2.060253e-01],
 [ 2.620240e-01, -8.537798e-01, -5.444261e-01, -1.073208e+00,  1.760970e-04],
 [ 1.843807e-01,  1.173758e-01, -2.279352e-02, -3.142923e-02,  1.663220e-02],
 [ 7.393503e-01, -1.017572e+00,  2.076881e-01, -2.626760e-01,  6.450779e-01],
 [ 3.339356e-01, -1.470219e-01, -3.124769e-01, -8.257445e-02, -5.006776e-01],
 [-6.763987e-02,  3.057334e-01, -2.366465e-01, -3.235711e-01, -7.481025e-01],
 [ 1.307155e-03,  4.066080e-03, -1.660503e-03, -3.803621e-03, -5.078122e-03],
 [ 1.677692e-03,  3.928876e-03, -2.499839e-03, -4.312116e-03, -4.835690e-03],
 [-4.611413e+00, -4.652617e+00,  4.098472e+00,  3.030286e+00,  1.218830e+01]]
energy_short: [ 0.352633, -0.620267, -0.649339,  0.491891,  0.538917,  0.516671,  0.412153,  0.360777,  0.367178,  0.310129, -0.593715, -0.626085,  0.665721]
energy_long: [-0.319408, -0.08076 , -0.080632, -0.077238, -0.024523, -0.05998 , -0.077942, -0.060653, -0.022652, -0.077339, -0.080686, -0.080486, -0.320448]