step=1261575, graph_id=0, num_atoms=13
scalar_charges: [ 2.404027, -2.399622, -2.392948,  2.517728,  2.617692,  2.538217,  2.067729,  2.464753,  2.425834,  2.508748, -2.393018, -2.384922,  2.16667 ]
spherical_charges_l0: [[-6.325635e+00],
 [-1.960213e-03],
 [-6.925731e-03],
 [-8.086836e-02],
 [-1.188086e-01],
 [-2.960515e-01],
 [ 1.974129e-02],
 [-2.364414e-01],
 [-2.003260e-01],
 [-1.465962e-01],
 [-1.591425e-03],
 [-2.086618e-03],
 [-6.902707e+00]]
spherical_charges_l1: [[ 7.471811e-01, -1.546448e+00, -4.133965e-01],
 [ 1.910764e-03, -3.238001e-03, -1.896196e-04],
 [-6.535143e-03,  2.867568e-03, -9.211368e-04],
 [-8.375829e-02, -8.910479e-02,  1.984468e-02],
 [-9.110464e-02, -1.469303e-02,  8.629320e-02],
 [ 5.171399e-02,  1.191488e-02, -6.959361e-02],
 [-6.488275e-02, -1.917333e-02, -1.899929e-01],
 [-8.736599e-03, -1.319502e-01, -6.370924e-02],
 [-5.558189e-02,  6.906719e-02,  1.351588e-01],
 [-5.692513e-02,  1.290759e-01,  1.440772e-02],
 [ 2.053811e-03, -3.246682e-04,  2.117281e-04],
 [-1.842582e-03, -3.110019e-03,  1.648381e-03],
 [-6.286906e-01,  1.498376e+00, -1.183480e+00]]
spherical_charges_l2: [[-2.386005e+00, -8.743925e-01, -1.409997e+01, -5.127700e+00,  6.342857e+00],
 [ 9.393048e-03,  1.722137e-02,  2.381361e-02,  1.348826e-02, -4.055877e-04],
 [ 1.103130e-02, -2.943853e-02,  7.259686e-03,  3.214160e-03, -1.950886e-02],
 [ 6.192426e-03, -1.719149e-01,  1.334217e+00, -6.313825e-02, -5.548418e-01],
 [-7.336359e-02, -1.073232e-01,  7.385269e-01,  4.053697e-01, -1.525284e-01],
 [ 2.926316e-01, -8.367433e-01, -8.341398e-01, -1.082692e+00,  3.328397e-02],
 [ 1.521471e-01, -5.843933e-06, -8.943264e-03, -5.296908e-02, -8.066572e-02],
 [ 7.589637e-01, -1.193950e+00,  1.944076e-01, -4.941418e-01,  9.738854e-01],
 [ 6.028925e-01, -1.768354e-01, -2.589962e-01, -1.524537e-01, -4.275533e-01],
 [-3.541492e-02,  3.260511e-01, -1.972888e-01, -5.037093e-01, -8.832718e-01],
 [ 1.053553e-02,  2.829932e-03, -6.150292e-04, -1.125767e-03, -6.923464e-03],
 [-7.433473e-03,  1.589148e-02, -7.383263e-03, -1.285349e-02, -5.578716e-03],
 [-5.056868e+00, -4.984508e+00,  4.391701e+00,  4.049418e+00,  1.441675e+01]]
energy_short: [ 0.466914, -1.012213, -1.064422,  0.656199,  0.63794 ,  0.628773,  0.553525,  0.481046,  0.475051,  0.435525, -0.985846, -1.032832,  0.795611]
energy_long: [-0.276248, -0.043055, -0.042846, -0.030754, -0.002633, -0.028051, -0.029383, -0.028766,  0.002207, -0.028629, -0.043173, -0.04305 , -0.28025 ]