step=2439045, graph_id=0, num_atoms=13
scalar_charges: [ 1.463138, -0.744136, -0.718654,  1.289345,  1.68897 ,  1.625618,  0.987002,  1.491741,  1.406113,  1.298969, -0.756271, -0.727542,  0.985453]
spherical_charges_l0: [[-7.252122e+00],
 [-6.286230e-06],
 [-1.776324e-03],
 [-1.068365e-01],
 [-1.375200e-01],
 [-2.222261e-01],
 [-9.317939e-03],
 [-2.452034e-01],
 [-1.799801e-01],
 [-1.320713e-01],
 [-2.621440e-04],
 [-1.155634e-04],
 [-7.874367e+00]]
spherical_charges_l1: [[ 4.802430e-01, -9.356106e-01, -2.359547e-01],
 [ 1.768784e-03, -5.134921e-04,  7.084620e-04],
 [-1.292988e-03,  4.725110e-04, -4.745222e-04],
 [-2.276300e-02, -4.654191e-02,  7.539662e-03],
 [-2.671698e-02, -1.463265e-02,  7.051722e-02],
 [ 3.313404e-02, -3.609380e-02, -6.439981e-03],
 [-5.665804e-02, -1.182166e-02, -1.238656e-01],
 [-4.206612e-02, -3.183408e-02, -1.355482e-02],
 [-3.970428e-02,  4.524536e-02,  7.510570e-02],
 [-3.375541e-02,  6.381164e-02,  9.561643e-03],
 [ 1.182392e-03,  8.004088e-05, -7.678407e-05],
 [-9.160682e-04, -1.109417e-03,  4.042922e-04],
 [-3.391882e-01,  7.862892e-01, -7.184228e-01]]
spherical_charges_l2: [[-1.465928e+00, -1.844664e+00, -1.162463e+01, -4.694943e+00,  4.792826e+00],
 [ 3.149686e-03, -2.080035e-03,  9.938911e-03,  3.284236e-03, -4.723767e-03],
 [ 5.279698e-04, -5.036841e-03,  5.248367e-03,  5.729665e-03, -6.239834e-03],
 [-5.685297e-02, -1.182153e-01,  1.118085e+00,  8.818149e-02, -4.168466e-01],
 [-9.485715e-02,  1.091364e-01,  6.591392e-01,  4.427113e-01, -1.679213e-01],
 [ 1.982406e-01, -8.041559e-01, -4.922688e-01, -8.952978e-01, -5.416305e-02],
 [ 1.564792e-01,  4.935123e-02, -1.223611e-02, -3.966577e-02, -1.444557e-02],
 [ 6.888624e-01, -9.916356e-01,  2.044327e-01, -2.839361e-01,  5.819220e-01],
 [ 3.805400e-01, -8.111130e-02, -2.796121e-01, -4.476907e-02, -4.611217e-01],
 [-7.155841e-02,  2.400120e-01, -1.895796e-01, -3.311744e-01, -6.303598e-01],
 [ 2.926719e-03,  4.059578e-03, -1.717513e-03, -2.114264e-03, -4.583069e-03],
 [ 1.920565e-03,  4.218518e-03, -2.358185e-03, -3.262257e-03, -3.968799e-03],
 [-4.373709e+00, -4.292708e+00,  3.842870e+00,  3.197584e+00,  1.167411e+01]]
energy_short: [ 0.349615, -0.641471, -0.672597,  0.537872,  0.533591,  0.515122,  0.418953,  0.360152,  0.364021,  0.337535, -0.614503, -0.648826,  0.669675]
energy_long: [-0.287968, -0.074845, -0.074986, -0.072075, -0.022525, -0.05209 , -0.071704, -0.05525 , -0.017543, -0.071598, -0.07498 , -0.074727, -0.287282]