step=2911635, graph_id=0, num_atoms=13
scalar_charges: [ 0.926933, -0.43616 , -0.422973,  1.074932,  1.263217,  1.240952,  0.828089,  1.145706,  1.048738,  0.97348 , -0.427971, -0.417982,  0.725618]
spherical_charges_l0: [[-7.004803e+00],
 [-2.819948e-03],
 [-2.627638e-03],
 [-9.386963e-02],
 [-1.496035e-01],
 [-1.848932e-01],
 [ 2.780419e-02],
 [-2.489180e-01],
 [-1.931781e-01],
 [-1.617060e-01],
 [-3.194549e-03],
 [-2.462184e-03],
 [-7.489835e+00]]
spherical_charges_l1: [[ 3.853838e-01, -7.912131e-01, -1.811456e-01],
 [ 1.658661e-03,  1.078779e-04,  8.494148e-04],
 [-1.734507e-03,  5.370961e-04, -7.123877e-04],
 [-2.242709e-02, -5.263340e-02, -3.669888e-03],
 [-1.539191e-02, -1.458720e-02,  6.088097e-02],
 [ 4.367058e-02, -4.099487e-02, -1.549068e-02],
 [-4.581757e-02, -1.275133e-02, -1.137632e-01],
 [-4.699745e-02, -3.145345e-02, -2.808153e-02],
 [-2.486229e-02,  2.266989e-02,  5.939759e-02],
 [-3.090382e-02,  7.518765e-02,  1.182460e-02],
 [ 1.315233e-03,  4.622755e-04, -1.846388e-04],
 [-1.232669e-03, -1.218091e-03,  4.987341e-04],
 [-2.591997e-01,  6.587107e-01, -5.239468e-01]]
spherical_charges_l2: [[-1.785696e+00, -1.561553e+00, -1.147260e+01, -4.512859e+00,  4.562413e+00],
 [ 3.409714e-03, -2.849346e-03,  1.129883e-02,  5.500975e-03, -6.632184e-03],
 [ 2.278922e-03, -5.167861e-03,  6.054925e-03,  5.443545e-03, -7.100691e-03],
 [-1.052346e-01, -1.379438e-01,  1.074518e+00,  1.121602e-01, -4.187451e-01],
 [-9.239139e-02,  1.281719e-01,  7.928742e-01,  4.606705e-01, -2.348041e-01],
 [ 2.862112e-01, -7.705613e-01, -4.941526e-01, -9.646239e-01,  8.544818e-03],
 [ 1.733149e-01,  1.193782e-01, -1.809556e-02, -2.648652e-02,  8.156432e-03],
 [ 7.654916e-01, -9.653912e-01,  2.079615e-01, -2.764957e-01,  6.647047e-01],
 [ 3.199347e-01, -1.450173e-01, -3.179489e-01, -1.021807e-01, -5.046830e-01],
 [-7.685865e-02,  2.733702e-01, -2.123300e-01, -2.962832e-01, -6.514375e-01],
 [ 1.752779e-04,  6.345977e-03, -2.678300e-03, -5.786790e-03, -5.746556e-03],
 [ 4.042129e-03,  3.991694e-03, -1.944447e-03, -3.598097e-03, -5.367151e-03],
 [-4.450144e+00, -4.470945e+00,  3.878974e+00,  2.807680e+00,  1.149951e+01]]
energy_short: [ 0.34154 , -0.649174, -0.681058,  0.486021,  0.562455,  0.535785,  0.418219,  0.375425,  0.390279,  0.313448, -0.62344 , -0.658224,  0.642813]
energy_long: [-0.30279 , -0.072136, -0.072011, -0.073821, -0.021507, -0.058456, -0.072583, -0.059332, -0.018522, -0.073651, -0.071971, -0.071732, -0.300685]