step=1429785, graph_id=0, num_atoms=13
scalar_charges: [ 2.6621  , -2.534383, -2.516791,  2.660668,  2.863044,  2.773332,  2.278753,  2.663738,  2.636488,  2.596035, -2.537716, -2.51937 ,  2.422097]
spherical_charges_l0: [[-6.308222e+00],
 [-2.947046e-03],
 [-4.693073e-03],
 [-1.109973e-01],
 [-1.374587e-01],
 [-1.977451e-01],
 [-9.323276e-03],
 [-1.825086e-01],
 [-1.821239e-01],
 [-1.348054e-01],
 [-2.876498e-03],
 [-2.373696e-03],
 [-6.444437e+00]]
spherical_charges_l1: [[ 5.370535e-01, -1.201599e+00, -3.865064e-01],
 [ 9.147744e-04, -4.417220e-05,  8.158238e-04],
 [-9.472395e-04,  6.624923e-04,  2.544643e-04],
 [-5.772323e-02, -7.902812e-02, -5.894379e-03],
 [-5.174005e-02, -7.065231e-03,  8.918064e-02],
 [ 3.925456e-02,  1.724170e-02, -4.718629e-02],
 [-6.002763e-02, -1.635223e-02, -1.486299e-01],
 [-3.256070e-02, -1.268364e-01, -6.832434e-02],
 [-4.482470e-02,  4.912928e-02,  1.174742e-01],
 [-4.679357e-02,  9.706424e-02, -1.983580e-02],
 [ 2.435292e-05, -8.607041e-04,  5.439991e-04],
 [ 4.080025e-04, -6.836927e-04,  5.671245e-04],
 [-4.105090e-01,  9.377329e-01, -9.317908e-01]]
spherical_charges_l2: [[-2.280121e+00, -7.684911e-01, -1.248923e+01, -4.812890e+00,  5.787232e+00],
 [ 6.903985e-03,  7.922455e-03,  1.858321e-02,  8.629770e-03, -1.902612e-03],
 [ 3.039818e-03, -1.743287e-02,  3.172473e-03,  2.228574e-03, -9.294552e-03],
 [-1.590738e-02, -2.160918e-01,  1.295837e+00, -1.002850e-01, -4.839111e-01],
 [-1.829744e-02, -1.758014e-01,  5.246350e-01,  2.628180e-01, -8.326660e-02],
 [ 1.338171e-01, -6.361967e-01, -6.214794e-01, -8.301609e-01, -6.985376e-04],
 [ 1.049906e-01,  4.135015e-02, -3.541849e-02, -7.651727e-02, -6.442805e-02],
 [ 6.497204e-01, -8.828052e-01,  1.426792e-01, -2.908670e-01,  7.290912e-01],
 [ 5.182145e-01, -1.949233e-01, -2.361440e-01, -1.513983e-01, -3.984437e-01],
 [-6.355292e-02,  2.799252e-01, -1.603115e-01, -4.067886e-01, -6.660043e-01],
 [ 6.070772e-03, -1.826500e-03,  9.034843e-04, -1.347006e-03, -4.361955e-03],
 [-6.825512e-03,  6.942169e-03, -2.824029e-03, -6.910079e-03, -2.032006e-03],
 [-4.546906e+00, -4.590013e+00,  3.990278e+00,  3.458766e+00,  1.235819e+01]]
energy_short: [ 0.312804, -0.745171, -0.780721,  0.60104 ,  0.54379 ,  0.543724,  0.451339,  0.391113,  0.380297,  0.365436, -0.714999, -0.754536,  0.647603]
energy_long: [-0.279663, -0.065854, -0.065917, -0.053754, -0.017192, -0.038701, -0.051711, -0.042066, -0.008873, -0.051156, -0.066031, -0.065953, -0.278112]