step=320400, graph_id=0, num_atoms=13
scalar_charges: [ 1.815216, -2.477996, -2.471554,  1.917534,  1.984116,  1.900352,  1.714984,  1.837136,  1.899682,  1.864488, -2.474391, -2.470012,  1.769788]
spherical_charges_l0: [[-4.116978e+00],
 [-1.710391e-03],
 [-1.469108e-03],
 [-1.317778e-01],
 [-8.612619e-02],
 [-3.230870e-01],
 [-1.030069e-01],
 [-2.066861e-01],
 [-9.720159e-02],
 [-6.363668e-02],
 [-1.391293e-03],
 [-1.274348e-03],
 [-4.551341e+00]]
spherical_charges_l1: [[ 8.864015e-01, -2.521438e+00, -1.058549e+00],
 [-4.546207e-03,  4.806286e-04, -1.767975e-03],
 [ 7.724989e-03, -2.524851e-03,  2.584733e-03],
 [-2.179787e-01, -1.503469e-01, -2.798663e-02],
 [-3.891049e-02,  8.469260e-02,  1.164884e-01],
 [ 9.619863e-02,  1.156233e-01,  1.059739e-02],
 [-5.254751e-02, -1.128415e-02, -9.818083e-02],
 [ 1.140583e-01, -2.447805e-01, -1.922496e-02],
 [-6.097151e-02,  5.311177e-02,  1.750717e-01],
 [-9.956850e-02,  2.426526e-01, -3.568427e-02],
 [ 1.023340e-03, -3.379956e-03,  1.691304e-03],
 [ 4.367714e-03, -2.317129e-04,  1.601580e-04],
 [-1.146940e+00,  2.564131e+00, -1.835828e+00]]
spherical_charges_l2: [[-1.374546e+00,  2.941251e-01, -9.374867e+00, -3.450594e+00,  4.799012e+00],
 [ 9.561288e-03,  1.290757e-03,  2.001560e-02,  7.303632e-03, -6.236726e-03],
 [ 2.782831e-03, -1.946994e-02,  7.034656e-03,  8.215832e-03, -1.508252e-02],
 [-2.431232e-01, -5.561203e-01,  1.060678e+00, -2.452000e-01, -5.890623e-01],
 [ 8.929281e-02, -8.797365e-01,  3.693887e-01, -2.383227e-01, -2.909579e-01],
 [ 3.213341e-01, -6.303913e-01, -9.006058e-01, -8.081034e-01,  8.851094e-02],
 [ 7.993805e-02, -5.783445e-02, -1.632039e-03,  2.098555e-02,  1.198004e-01],
 [ 3.773335e-01, -8.104238e-01,  1.004807e-01, -3.528247e-01,  7.569602e-01],
 [ 3.351893e-01, -4.060065e-01, -6.937530e-02, -2.764187e-01, -3.804930e-01],
 [ 8.348708e-02,  1.737365e-01, -2.893808e-02, -5.224012e-01, -6.675670e-01],
 [ 8.904886e-03,  9.754469e-04, -4.742335e-04, -2.977768e-03, -5.215401e-03],
 [-3.327666e-03,  8.767997e-03, -1.932386e-03, -9.473067e-03, -6.149133e-03],
 [-3.834923e+00, -3.513861e+00,  2.967083e+00,  3.677992e+00,  9.320617e+00]]
energy_short: [ 0.070554, -0.421127, -0.449451,  0.405954,  0.222309,  0.256927,  0.202305,  0.12024 ,  0.066177,  0.108118, -0.391233, -0.427733,  0.460377]
energy_long: [-0.155986, -0.010968, -0.010633,  0.035363,  0.078578,  0.037499,  0.019572,  0.036695,  0.083071,  0.046201, -0.011069, -0.010975, -0.15469 ]