step=3580470, graph_id=0, num_atoms=13
scalar_charges: [ 1.186464, -0.515549, -0.496357,  1.493849,  1.6996  ,  1.690518,  1.05748 ,  1.525273,  1.447352,  1.349145, -0.517499, -0.501398,  0.890022]
spherical_charges_l0: [[-8.089417e+00],
 [-2.674408e-03],
 [-3.141283e-03],
 [-1.182594e-01],
 [-1.988669e-01],
 [-2.304548e-01],
 [ 2.714573e-02],
 [-2.738545e-01],
 [-2.437605e-01],
 [-2.043851e-01],
 [-3.231233e-03],
 [-2.260699e-03],
 [-8.884268e+00]]
spherical_charges_l1: [[ 3.533084e-01, -7.538037e-01, -1.965994e-01],
 [ 1.991077e-03,  2.712683e-04,  1.213649e-03],
 [-1.097107e-03,  2.141754e-04, -7.555037e-04],
 [-1.584918e-02, -5.926533e-02,  2.947187e-03],
 [-2.161171e-02, -1.165088e-02,  5.684029e-02],
 [ 4.112474e-02, -4.144398e-02, -1.820713e-02],
 [-4.662128e-02, -1.154907e-02, -1.083708e-01],
 [-4.092742e-02, -4.068250e-02, -2.903185e-02],
 [-3.152520e-02,  2.082756e-02,  5.523170e-02],
 [-4.014320e-02,  8.692005e-02,  7.207219e-03],
 [ 1.314743e-03,  4.282665e-04, -1.610647e-04],
 [-1.284256e-03, -1.169545e-03,  4.422117e-04],
 [-2.945929e-01,  6.556156e-01, -5.142064e-01]]
spherical_charges_l2: [[-1.748722e+00, -1.961411e+00, -1.217625e+01, -4.704697e+00,  4.778757e+00],
 [ 4.626784e-03, -3.894228e-03,  1.249443e-02,  2.927013e-03, -7.980283e-03],
 [ 1.159284e-03, -7.488825e-03,  7.076890e-03,  7.437762e-03, -9.651609e-03],
 [-1.339833e-01, -9.855723e-02,  1.229887e+00,  1.683452e-01, -5.352053e-01],
 [-8.229707e-02,  1.814720e-01,  8.253174e-01,  4.915746e-01, -2.061906e-01],
 [ 3.298277e-01, -9.249097e-01, -5.578805e-01, -1.123319e+00,  1.266794e-02],
 [ 1.981515e-01,  1.360335e-01, -3.156372e-02, -3.845293e-02,  1.172840e-02],
 [ 8.490380e-01, -1.073434e+00,  2.446551e-01, -3.134767e-01,  7.326137e-01],
 [ 3.438391e-01, -1.371748e-01, -3.504098e-01, -6.415740e-02, -4.930683e-01],
 [-7.687847e-02,  3.034604e-01, -2.477868e-01, -3.616728e-01, -7.721041e-01],
 [ 1.349609e-03,  5.693943e-03, -2.276181e-03, -5.624988e-03, -6.709647e-03],
 [ 2.319049e-03,  4.783950e-03, -2.889610e-03, -5.970430e-03, -6.572494e-03],
 [-4.697976e+00, -4.833322e+00,  4.282106e+00,  2.895063e+00,  1.243221e+01]]
energy_short: [ 0.34446 , -0.611167, -0.641987,  0.483294,  0.542879,  0.513359,  0.406505,  0.358545,  0.368832,  0.305336, -0.58532 , -0.618559,  0.654787]
energy_long: [-0.307958, -0.076188, -0.076041, -0.071857, -0.022221, -0.056941, -0.0729  , -0.05674 , -0.020809, -0.072296, -0.076   , -0.075763, -0.30866 ]