step=2695365, graph_id=0, num_atoms=13
scalar_charges: [ 1.28348 , -0.44941 , -0.425643,  1.203912,  1.514642,  1.506807,  0.981724,  1.407573,  1.301128,  1.168957, -0.453387, -0.432603,  0.909958]
spherical_charges_l0: [[-7.333574e+00],
 [-3.971970e-04],
 [-2.382815e-03],
 [-1.274680e-01],
 [-2.112596e-01],
 [-1.812056e-01],
 [-4.729579e-03],
 [-2.260057e-01],
 [-2.689027e-01],
 [-1.602066e-01],
 [-8.818121e-04],
 [-6.369364e-04],
 [-8.284454e+00]]
spherical_charges_l1: [[ 3.781484e-01, -9.233179e-01, -2.277933e-01],
 [ 1.753925e-03, -3.263170e-04,  7.423715e-04],
 [-1.732540e-03,  5.028291e-04, -8.646033e-04],
 [-2.383504e-02, -6.974751e-02, -6.079163e-04],
 [-3.059811e-02, -2.150290e-02,  6.212451e-02],
 [ 2.640905e-02, -3.261098e-02, -1.630180e-02],
 [-4.345591e-02, -4.539119e-03, -9.837180e-02],
 [-3.864898e-02, -4.888613e-02, -1.300866e-02],
 [-3.532509e-02,  3.535450e-02,  7.431078e-02],
 [-4.615611e-02,  9.853024e-02,  1.025803e-03],
 [ 1.258483e-03,  4.055886e-04, -1.854831e-04],
 [-1.318372e-03, -1.197040e-03,  4.231534e-04],
 [-3.929247e-01,  8.377230e-01, -6.592605e-01]]
spherical_charges_l2: [[-2.141774e+00, -1.568988e+00, -1.213998e+01, -4.933311e+00,  4.671236e+00],
 [ 2.842079e-03, -2.378086e-03,  1.144965e-02,  5.006610e-03, -7.651774e-03],
 [ 2.852528e-03, -6.996117e-03,  7.086575e-03,  6.173396e-03, -9.345314e-03],
 [-1.067035e-01, -1.167661e-01,  1.189501e+00,  1.224615e-01, -4.504096e-01],
 [ 4.799441e-02, -3.054278e-02,  6.982340e-01,  3.276131e-01, -1.033592e-01],
 [ 2.582331e-01, -6.790926e-01, -5.301826e-01, -9.763020e-01, -1.253035e-02],
 [ 1.414331e-01,  9.190272e-02, -1.786788e-02, -2.069587e-02,  8.371604e-03],
 [ 7.333567e-01, -8.953614e-01,  1.697326e-01, -2.607464e-01,  6.132932e-01],
 [ 4.511160e-01, -2.598817e-02, -3.347959e-01, -3.372055e-02, -4.058755e-01],
 [-4.690286e-02,  2.627339e-01, -1.968260e-01, -3.763962e-01, -7.118587e-01],
 [ 3.273797e-03,  4.793093e-03, -2.235877e-03, -5.269759e-03, -7.587728e-03],
 [ 2.698525e-03,  5.224825e-03, -2.661416e-03, -5.511412e-03, -6.845401e-03],
 [-5.141804e+00, -4.993249e+00,  4.103276e+00,  3.687035e+00,  1.235940e+01]]
energy_short: [ 0.331603, -0.666645, -0.696778,  0.520874,  0.544824,  0.523504,  0.41296 ,  0.366429,  0.373189,  0.330889, -0.637755, -0.672764,  0.647723]
energy_long: [-0.280125, -0.078857, -0.078943, -0.072921, -0.020333, -0.053533, -0.071851, -0.056014, -0.014926, -0.072994, -0.079114, -0.078924, -0.282592]