step=3692610, graph_id=0, num_atoms=13
scalar_charges: [ 1.229371, -0.524759, -0.502569,  1.630449,  1.798001,  1.75467 ,  1.108996,  1.586287,  1.532783,  1.446831, -0.525744, -0.507613,  0.917884]
spherical_charges_l0: [[-8.804740e+00],
 [-3.119076e-03],
 [-3.265081e-03],
 [-1.314705e-01],
 [-2.049434e-01],
 [-2.495634e-01],
 [ 4.050168e-02],
 [-2.813035e-01],
 [-2.523174e-01],
 [-2.286494e-01],
 [-3.526252e-03],
 [-2.232852e-03],
 [-9.644761e+00]]
spherical_charges_l1: [[ 3.703410e-01, -7.830217e-01, -1.954255e-01],
 [ 2.264030e-03,  3.445497e-04,  1.423410e-03],
 [-1.199032e-03,  2.005740e-04, -8.236167e-04],
 [-1.357938e-02, -6.333983e-02,  3.076020e-03],
 [-1.944904e-02, -1.078880e-02,  5.898356e-02],
 [ 4.194158e-02, -4.193342e-02, -1.749481e-02],
 [-4.700815e-02, -1.002556e-02, -1.073815e-01],
 [-4.069803e-02, -3.910816e-02, -2.771432e-02],
 [-3.428690e-02,  2.044909e-02,  5.783689e-02],
 [-4.585442e-02,  9.345061e-02,  6.398491e-03],
 [ 1.442996e-03,  4.801943e-04, -1.850053e-04],
 [-1.404847e-03, -1.290165e-03,  4.833422e-04],
 [-3.042554e-01,  6.695975e-01, -5.383500e-01]]
spherical_charges_l2: [[-1.910584e+00, -2.116194e+00, -1.314867e+01, -5.200884e+00,  5.072341e+00],
 [ 4.781022e-03, -5.020870e-03,  1.340091e-02,  3.424369e-03, -9.208160e-03],
 [ 2.400341e-03, -8.473097e-03,  8.924492e-03,  8.438504e-03, -1.106374e-02],
 [-1.399205e-01, -1.138216e-01,  1.277670e+00,  1.799816e-01, -5.750264e-01],
 [-8.371223e-02,  1.313016e-01,  8.523558e-01,  5.075209e-01, -2.193017e-01],
 [ 3.268517e-01, -9.358110e-01, -6.038350e-01, -1.175387e+00,  8.272328e-03],
 [ 2.126220e-01,  1.469172e-01, -3.745985e-02, -4.319060e-02,  8.404473e-03],
 [ 8.572732e-01, -1.107486e+00,  2.521108e-01, -2.986576e-01,  7.641197e-01],
 [ 3.625348e-01, -1.575359e-01, -3.578416e-01, -8.254864e-02, -4.970321e-01],
 [-7.484892e-02,  3.325754e-01, -2.675284e-01, -3.930042e-01, -8.354837e-01],
 [ 7.884777e-04,  7.358089e-03, -3.054420e-03, -6.535148e-03, -7.299056e-03],
 [ 3.407009e-03,  5.586153e-03, -3.257054e-03, -6.446567e-03, -7.538366e-03],
 [-5.069472e+00, -5.123507e+00,  4.490797e+00,  3.280138e+00,  1.319169e+01]]
energy_short: [ 0.353315, -0.619785, -0.651855,  0.480287,  0.542342,  0.515758,  0.408463,  0.360397,  0.368463,  0.303427, -0.594314, -0.628438,  0.667806]
energy_long: [-0.313318, -0.077238, -0.077006, -0.071884, -0.019067, -0.053619, -0.07198 , -0.056783, -0.019231, -0.072232, -0.077017, -0.076772, -0.315893]