step=1521900, graph_id=0, num_atoms=13
scalar_charges: [ 1.75727 , -1.476461, -1.447316,  1.681522,  1.941963,  1.861603,  1.386176,  1.785227,  1.757924,  1.659308, -1.502009, -1.442098,  1.524914]
spherical_charges_l0: [[-7.444337e+00],
 [ 1.211397e-03],
 [-2.328517e-03],
 [-9.657500e-02],
 [-1.244242e-01],
 [-2.878486e-01],
 [ 1.189435e-02],
 [-2.777566e-01],
 [-2.230662e-01],
 [-1.584475e-01],
 [-1.953569e-03],
 [-2.766654e-03],
 [-7.632300e+00]]
spherical_charges_l1: [[ 5.481575e-01, -1.352297e+00, -3.573762e-01],
 [-1.186937e-05, -1.177166e-03, -6.760052e-04],
 [-1.427391e-04, -2.967241e-03, -1.457400e-03],
 [-4.323345e-02, -1.021624e-01,  1.556389e-02],
 [-5.168134e-02, -3.922248e-02,  9.622741e-02],
 [ 4.013965e-02, -1.098448e-02, -5.309960e-02],
 [-6.178403e-02, -1.492078e-02, -1.526614e-01],
 [-4.634893e-02, -1.086966e-01, -6.891829e-02],
 [-6.050748e-02,  7.127147e-02,  1.384276e-01],
 [-5.945915e-02,  1.090482e-01, -7.024692e-03],
 [-6.799898e-04,  8.603419e-04, -6.654475e-04],
 [-1.373958e-03,  6.026314e-04, -4.473363e-04],
 [-4.645057e-01,  1.109261e+00, -9.716646e-01]]
spherical_charges_l2: [[-2.844134e+00, -2.379220e-01, -1.382965e+01, -5.663274e+00,  6.260856e+00],
 [ 6.003830e-04,  2.055574e-03,  5.618540e-03,  4.052154e-03,  2.658565e-04],
 [ 2.573235e-03, -8.303552e-03,  4.876967e-03,  2.299057e-03, -7.014805e-03],
 [-1.378076e-01, -1.453290e-01,  1.332799e+00, -9.055574e-02, -5.285058e-01],
 [-1.801240e-02, -2.096249e-01,  6.904351e-01,  2.745260e-01, -1.421128e-01],
 [ 2.769923e-01, -8.157668e-01, -6.724453e-01, -1.125902e+00,  4.606197e-03],
 [ 1.527297e-01,  1.513864e-03, -2.791351e-02, -6.801911e-02, -1.163973e-01],
 [ 8.311090e-01, -1.157557e+00,  1.885186e-01, -3.700238e-01,  8.106669e-01],
 [ 5.769120e-01, -1.624843e-01, -2.605276e-01, -1.708246e-01, -4.631802e-01],
 [-9.911773e-02,  2.926708e-01, -1.974859e-01, -3.893186e-01, -8.035808e-01],
 [ 1.659476e-03,  4.479401e-04, -8.215835e-05, -8.364324e-05, -1.142873e-03],
 [-2.367899e-03,  5.924214e-03, -3.077000e-03, -2.115489e-03,  3.021727e-04],
 [-5.254482e+00, -5.118903e+00,  3.927430e+00,  4.428755e+00,  1.338209e+01]]
energy_short: [ 0.142075, -0.366091, -0.401389,  0.449807,  0.377844,  0.383095,  0.288527,  0.226218,  0.212199,  0.209807, -0.330081, -0.372089,  0.479156]
energy_long: [-0.286215, -0.066542, -0.066789, -0.054203, -0.014323, -0.041681, -0.056838, -0.049024, -0.00906 , -0.05277 , -0.066375, -0.066417, -0.286658]