step=1381725, graph_id=0, num_atoms=13
scalar_charges: [ 2.650272, -2.467694, -2.449466,  2.480741,  2.711933,  2.688517,  2.188646,  2.5892  ,  2.53958 ,  2.436541, -2.475282, -2.453913,  2.40574 ]
spherical_charges_l0: [[-5.886355e+00],
 [-1.821335e-03],
 [-4.238225e-03],
 [-1.023279e-01],
 [-1.430367e-01],
 [-2.625426e-01],
 [ 3.297261e-03],
 [-2.529278e-01],
 [-2.374668e-01],
 [-1.359141e-01],
 [ 2.069688e-04],
 [-1.175478e-04],
 [-6.296187e+00]]
spherical_charges_l1: [[ 5.783632e-01, -1.148588e+00, -3.431300e-01],
 [ 2.136765e-04, -1.349693e-03, -2.019132e-04],
 [-1.679063e-03, -2.686763e-04, -7.257051e-04],
 [-5.776247e-02, -6.273057e-02,  2.449309e-02],
 [-8.615333e-02, -1.768747e-02,  7.102106e-02],
 [ 2.096205e-02,  4.078113e-03, -4.730947e-02],
 [-8.229603e-02, -1.479011e-02, -1.843851e-01],
 [-3.951397e-02, -1.016255e-01, -6.782363e-02],
 [-7.229935e-02,  9.104697e-02,  1.294406e-01],
 [-4.967248e-02,  9.687200e-02,  9.857416e-03],
 [ 2.078458e-04, -9.017406e-05, -3.803800e-05],
 [-3.217193e-04, -3.769738e-04,  1.763862e-04],
 [-4.590003e-01,  1.045901e+00, -1.064913e+00]]
spherical_charges_l2: [[-2.016622e+00, -9.411490e-01, -1.215354e+01, -4.445039e+00,  5.114806e+00],
 [ 5.579174e-03,  9.635293e-03,  1.550666e-02,  7.302770e-03, -5.745974e-04],
 [ 3.075377e-03, -1.751094e-02,  4.149489e-04,  2.610970e-03, -1.020185e-02],
 [-1.776298e-02, -1.781780e-02,  1.141815e+00,  2.333309e-02, -3.966478e-01],
 [-8.107795e-02,  5.581996e-03,  7.000157e-01,  3.921986e-01, -1.349544e-01],
 [ 1.266747e-01, -7.083244e-01, -6.484474e-01, -9.664955e-01, -1.133482e-02],
 [ 1.641250e-01, -9.968097e-03, -3.206344e-02, -6.662797e-02, -1.344763e-01],
 [ 6.654679e-01, -1.113269e+00,  1.615552e-01, -2.928572e-01,  7.628415e-01],
 [ 5.975648e-01, -1.157199e-01, -2.692655e-01, -1.047805e-01, -4.878009e-01],
 [-7.794694e-02,  2.899706e-01, -1.313040e-01, -3.783284e-01, -6.510715e-01],
 [ 5.894980e-03, -1.795645e-03,  1.263852e-03, -1.833235e-03, -4.816145e-03],
 [-6.382077e-03,  5.159074e-03, -2.179946e-03, -7.783205e-03, -2.648108e-03],
 [-4.461632e+00, -4.618313e+00,  3.526551e+00,  3.158352e+00,  1.166652e+01]]
energy_short: [ 0.328348, -0.72235 , -0.759254,  0.597267,  0.530204,  0.522111,  0.446254,  0.37233 ,  0.366806,  0.364166, -0.688646, -0.729296,  0.658139]
energy_long: [-0.294215, -0.057046, -0.056825, -0.042792,  0.000562, -0.030227, -0.044263, -0.037808,  0.002398, -0.0412  , -0.057103, -0.05706 , -0.294886]