step=3175965, graph_id=0, num_atoms=13
scalar_charges: [ 1.045857, -0.586512, -0.560925,  1.393754,  1.544391,  1.518075,  1.008531,  1.39451 ,  1.318037,  1.296647, -0.583451, -0.562989,  0.793664]
spherical_charges_l0: [[-7.316762e+00],
 [-2.444897e-03],
 [-2.939425e-03],
 [-8.501603e-02],
 [-1.718476e-01],
 [-2.054886e-01],
 [ 3.818469e-02],
 [-2.392694e-01],
 [-2.135922e-01],
 [-1.762448e-01],
 [-2.993437e-03],
 [-2.284575e-03],
 [-8.038957e+00]]
spherical_charges_l1: [[ 3.343788e-01, -7.526441e-01, -1.988400e-01],
 [ 1.788976e-03,  2.928718e-04,  1.082526e-03],
 [-1.421582e-03,  4.957619e-04, -6.826095e-04],
 [-2.120181e-02, -5.197594e-02,  2.918737e-03],
 [-1.859463e-02, -1.340239e-02,  5.932485e-02],
 [ 4.133827e-02, -5.068929e-02, -1.796479e-02],
 [-4.593946e-02, -1.191164e-02, -1.089877e-01],
 [-4.420742e-02, -2.819083e-02, -2.636922e-02],
 [-3.010768e-02,  2.172606e-02,  5.991342e-02],
 [-3.770578e-02,  7.764382e-02,  7.989673e-03],
 [ 1.208061e-03,  3.093850e-04, -4.940067e-05],
 [-1.190907e-03, -1.151769e-03,  5.279699e-04],
 [-2.627183e-01,  6.244689e-01, -5.238894e-01]]
spherical_charges_l2: [[-1.598449e+00, -1.791705e+00, -1.182502e+01, -4.689532e+00,  4.778632e+00],
 [ 4.667305e-03, -3.073742e-03,  1.294199e-02,  4.303873e-03, -7.369976e-03],
 [ 2.833801e-03, -5.878913e-03,  5.677675e-03,  4.969040e-03, -7.462042e-03],
 [-1.120031e-01, -8.920508e-02,  1.128618e+00,  1.225326e-01, -4.672508e-01],
 [-7.027744e-02,  1.287740e-01,  7.939290e-01,  4.760671e-01, -2.102536e-01],
 [ 2.593086e-01, -8.525764e-01, -5.622998e-01, -1.046090e+00, -3.111008e-03],
 [ 1.825568e-01,  1.193399e-01, -3.295331e-02, -3.180308e-02, -1.637560e-03],
 [ 7.603183e-01, -1.007132e+00,  2.202066e-01, -3.160916e-01,  6.852323e-01],
 [ 3.653891e-01, -1.479307e-01, -3.199503e-01, -9.646965e-02, -4.847161e-01],
 [-9.139974e-02,  2.815648e-01, -2.351951e-01, -3.206428e-01, -7.161521e-01],
 [ 1.378225e-03,  5.324282e-03, -2.152906e-03, -5.278483e-03, -6.348823e-03],
 [ 2.404868e-03,  4.557696e-03, -2.759636e-03, -4.579241e-03, -5.316162e-03],
 [-4.395373e+00, -4.344931e+00,  3.923414e+00,  3.040485e+00,  1.201834e+01]]
energy_short: [ 0.335357, -0.616198, -0.646283,  0.484109,  0.54587 ,  0.522179,  0.416941,  0.366012,  0.37395 ,  0.304569, -0.591989, -0.624649,  0.648045]
energy_long: [-0.314694, -0.076958, -0.076929, -0.075404, -0.023771, -0.059982, -0.077163, -0.063568, -0.023149, -0.075455, -0.076827, -0.076744, -0.315198]