step=32040, graph_id=0, num_atoms=13
scalar_charges: [ 1.711848, -3.114592, -3.112174,  1.433638,  1.529601,  1.345739,  1.29788 ,  1.32173 ,  1.48197 ,  1.414577, -3.118451, -3.113768,  1.639465]
spherical_charges_l0: [[-1.425029e+00],
 [-5.094491e-05],
 [-2.358350e-05],
 [-6.352398e-02],
 [-2.961543e-02],
 [-4.753943e-03],
 [-6.785023e-03],
 [-1.889264e-02],
 [-4.689816e-02],
 [-4.033010e-02],
 [-9.562758e-06],
 [-1.861247e-05],
 [-1.493752e+00]]
spherical_charges_l1: [[-1.307705e-01, -5.542151e-01, -4.251752e-01],
 [-2.509479e-05,  1.390478e-05, -5.024105e-06],
 [ 1.652567e-05, -1.217298e-05,  3.160641e-06],
 [ 3.357898e-02,  8.766145e-03,  4.705601e-04],
 [-7.602602e-03, -1.248765e-02,  1.871458e-02],
 [-7.505888e-03, -1.484085e-02,  1.753182e-02],
 [-1.633264e-04,  1.187073e-03,  5.529323e-03],
 [ 1.641692e-02,  2.783320e-03,  6.183794e-03],
 [ 1.584438e-02,  2.366701e-02,  3.204789e-02],
 [ 7.190264e-03,  1.272649e-02,  1.265627e-02],
 [-1.097250e-05,  4.638306e-06, -3.332878e-07],
 [ 1.046149e-06,  1.306607e-05, -4.238200e-06],
 [-3.739071e-01,  4.725899e-01, -3.247847e-01]]
spherical_charges_l2: [[-9.993685e-01,  8.249481e-01, -2.045480e+00, -6.758271e-01,  1.090930e+00],
 [-5.675116e-05, -3.850393e-05, -7.633633e-05, -2.172274e-05,  2.592339e-06],
 [ 5.906125e-06,  2.932976e-05,  1.164805e-05,  9.344386e-07,  1.983452e-05],
 [-2.040301e-02, -5.787548e-02,  2.792084e-02, -2.901079e-02,  1.158107e-03],
 [-3.858487e-02, -4.890462e-02, -4.591626e-02, -9.750695e-04,  3.945563e-02],
 [ 2.081677e-02, -4.761208e-03, -3.751963e-02, -1.076840e-02,  3.127590e-03],
 [ 3.048940e-03, -1.790367e-03,  5.859110e-04, -4.905792e-03, -3.642503e-03],
 [ 4.968413e-03, -2.794870e-02, -1.248877e-02,  5.681137e-03,  3.229087e-02],
 [-1.098250e-01, -9.952237e-02,  4.407790e-02, -4.522308e-02,  5.617908e-02],
 [-1.108409e-02,  2.764968e-03, -8.057763e-03,  4.837556e-03, -7.158950e-03],
 [-1.630893e-05,  2.952254e-06, -1.345051e-06, -1.312442e-06,  9.578262e-06],
 [ 1.706288e-05, -8.474114e-06,  4.859236e-06,  1.148111e-05,  3.847100e-06],
 [-1.167510e+00, -1.159327e+00,  3.953010e-01,  1.335940e+00,  1.646819e+00]]
energy_short: [ 0.091758, -0.382083, -0.401123,  0.435938,  0.058201,  0.141376,  0.035164,  0.017925, -0.100817,  0.120184, -0.339937, -0.379676,  0.485513]
energy_long: [-0.07966 ,  0.107012,  0.107198,  0.101098,  0.135227,  0.09571 ,  0.105178,  0.099566,  0.141734,  0.093398,  0.107351,  0.107168, -0.070214]