step=296370, graph_id=0, num_atoms=13
scalar_charges: [ 2.537723, -3.12019 , -3.114289,  2.558444,  2.585054,  2.502513,  2.300813,  2.436721,  2.49616 ,  2.454946, -3.117152, -3.113586,  2.442401]
spherical_charges_l0: [[-4.310278e+00],
 [ 2.279048e-03],
 [ 1.601626e-03],
 [-9.169812e-02],
 [-8.726624e-02],
 [-3.758225e-01],
 [-1.221652e-01],
 [-2.023893e-01],
 [-1.134714e-01],
 [-5.628737e-02],
 [-6.455875e-04],
 [-3.055282e-06],
 [-4.563735e+00]]
spherical_charges_l1: [[ 8.551518e-01, -3.060118e+00, -1.241991e+00],
 [ 3.263978e-04,  4.280114e-03,  2.565330e-03],
 [ 2.240422e-03,  3.956379e-03,  2.981418e-03],
 [-1.977602e-01, -1.245452e-01, -1.282682e-02],
 [ 6.611997e-04,  1.411624e-01,  1.450287e-01],
 [ 9.521467e-02,  7.834175e-02,  3.763674e-02],
 [-4.622746e-02, -5.039487e-03, -9.818548e-02],
 [ 1.285629e-01, -2.488975e-01, -2.858627e-02],
 [-3.396450e-02,  5.059778e-03,  1.429874e-01],
 [-1.040497e-01,  2.602242e-01, -2.708961e-02],
 [ 1.378385e-03, -3.547210e-03,  1.827987e-03],
 [ 3.037771e-03, -2.695275e-03,  1.407948e-03],
 [-1.590415e+00,  3.349188e+00, -2.049327e+00]]
spherical_charges_l2: [[-2.128829e+00,  8.538041e-01, -9.538994e+00, -3.279178e+00,  5.085463e+00],
 [ 5.047350e-03,  8.765148e-03,  1.346310e-02,  7.871328e-03,  1.020310e-03],
 [-7.233819e-03, -8.510226e-03, -1.345909e-03,  8.522244e-03, -5.960005e-03],
 [-4.655771e-02, -4.759055e-01,  8.936155e-01, -2.675515e-01, -4.348633e-01],
 [ 2.008330e-01, -6.784022e-01,  3.512287e-01, -2.821280e-01, -1.199005e-01],
 [ 3.101929e-01, -4.512546e-01, -8.438352e-01, -8.054461e-01,  6.315386e-02],
 [ 4.951600e-02, -8.401178e-02,  1.266319e-02,  2.337724e-02,  1.605331e-01],
 [ 2.667015e-01, -7.710984e-01, -9.815278e-04, -2.336851e-01,  6.186084e-01],
 [ 3.087892e-01, -2.666471e-01, -6.989243e-02, -1.161580e-01, -2.763977e-01],
 [ 2.155192e-01,  3.202924e-01, -8.564024e-02, -3.679336e-01, -6.011872e-01],
 [ 1.361985e-03, -2.378360e-03,  9.048208e-04, -1.589881e-03, -3.953905e-04],
 [-2.538783e-03,  6.282694e-04,  1.000222e-03, -3.441463e-03, -1.017588e-03],
 [-4.218153e+00, -4.099448e+00,  3.141996e+00,  3.459184e+00,  9.367613e+00]]
energy_short: [ 0.067541, -0.417103, -0.446953,  0.347201,  0.211045,  0.238042,  0.18176 ,  0.100424,  0.055821,  0.061192, -0.392344, -0.426139,  0.452957]
energy_long: [-0.159588, -0.008632, -0.008545,  0.032592,  0.070052,  0.041453,  0.022538,  0.035516,  0.08432 ,  0.044689, -0.008705, -0.008672, -0.156269]