step=3648555, graph_id=0, num_atoms=13
scalar_charges: [ 1.221207, -0.530428, -0.50749 ,  1.656491,  1.849269,  1.822744,  1.141462,  1.637843,  1.580597,  1.485116, -0.530698, -0.512285,  0.907896]
spherical_charges_l0: [[-8.620304e+00],
 [-2.810015e-03],
 [-3.461113e-03],
 [-1.323159e-01],
 [-2.057789e-01],
 [-2.385816e-01],
 [ 3.674480e-02],
 [-2.699665e-01],
 [-2.612980e-01],
 [-2.256095e-01],
 [-3.711671e-03],
 [-2.392716e-03],
 [-9.419836e+00]]
spherical_charges_l1: [[ 3.654737e-01, -7.621188e-01, -1.866244e-01],
 [ 1.988786e-03,  2.871282e-04,  1.256803e-03],
 [-1.041900e-03,  2.951798e-04, -6.674164e-04],
 [-1.263454e-02, -5.965438e-02,  2.979825e-03],
 [-2.212468e-02, -9.541688e-03,  5.709269e-02],
 [ 4.074031e-02, -4.223716e-02, -1.460017e-02],
 [-4.563782e-02, -9.546412e-03, -1.056080e-01],
 [-3.932570e-02, -3.866734e-02, -2.722132e-02],
 [-3.199193e-02,  1.851386e-02,  5.571221e-02],
 [-4.307943e-02,  8.919943e-02,  7.940654e-03],
 [ 1.321961e-03,  3.987087e-04, -1.382357e-04],
 [-1.224460e-03, -1.225715e-03,  4.818134e-04],
 [-2.932256e-01,  6.447418e-01, -5.257020e-01]]
spherical_charges_l2: [[-1.855169e+00, -2.056703e+00, -1.285592e+01, -5.078977e+00,  4.990987e+00],
 [ 4.870580e-03, -3.936631e-03,  1.268440e-02,  2.881206e-03, -8.292940e-03],
 [ 1.971913e-03, -7.839341e-03,  7.720874e-03,  7.587271e-03, -1.025847e-02],
 [-1.456188e-01, -1.048404e-01,  1.252776e+00,  1.881127e-01, -5.517157e-01],
 [-7.765586e-02,  1.384839e-01,  8.476063e-01,  4.911059e-01, -2.255749e-01],
 [ 3.251666e-01, -9.324840e-01, -5.929691e-01, -1.166838e+00,  6.666753e-03],
 [ 2.160085e-01,  1.494888e-01, -3.889531e-02, -4.338059e-02,  7.111889e-03],
 [ 8.637002e-01, -1.115638e+00,  2.401564e-01, -3.254990e-01,  7.606200e-01],
 [ 3.671994e-01, -1.548411e-01, -3.625426e-01, -7.358233e-02, -4.968574e-01],
 [-7.723951e-02,  3.098132e-01, -2.617908e-01, -3.746690e-01, -8.082078e-01],
 [ 6.737433e-04,  7.176587e-03, -3.067173e-03, -5.799407e-03, -6.644290e-03],
 [ 3.043013e-03,  5.473102e-03, -3.250682e-03, -5.755911e-03, -6.799513e-03],
 [-4.948053e+00, -4.968016e+00,  4.362488e+00,  3.195097e+00,  1.291444e+01]]
energy_short: [ 0.350127, -0.61749 , -0.648698,  0.474301,  0.537465,  0.509807,  0.403835,  0.355566,  0.364   ,  0.296667, -0.591749, -0.625521,  0.664957]
energy_long: [-0.30905 , -0.076501, -0.076286, -0.071157, -0.019588, -0.053994, -0.071927, -0.056653, -0.02005 , -0.071605, -0.076285, -0.076066, -0.311574]