step=2803500, graph_id=0, num_atoms=13
scalar_charges: [ 0.96672 , -0.262379, -0.248956,  1.384744,  1.563677,  1.557522,  1.049637,  1.436845,  1.27616 ,  1.219944, -0.266178, -0.250912,  0.783202]
spherical_charges_l0: [[-7.657599e+00],
 [-2.924407e-03],
 [-4.173810e-03],
 [-9.479861e-02],
 [-1.812058e-01],
 [-1.455331e-01],
 [ 3.990583e-02],
 [-2.772904e-01],
 [-2.098849e-01],
 [-1.467649e-01],
 [-3.429103e-03],
 [-3.074287e-03],
 [-8.332296e+00]]
spherical_charges_l1: [[ 3.581794e-01, -8.179249e-01, -2.107024e-01],
 [ 1.856586e-03, -2.213557e-04,  8.520479e-04],
 [-1.456410e-03,  6.524951e-04, -5.104326e-04],
 [-3.966360e-02, -5.735781e-02, -8.793235e-03],
 [-2.103264e-03, -1.011309e-02,  5.748645e-02],
 [ 7.429142e-02, -4.774920e-02, -1.942427e-02],
 [-4.631825e-02, -1.654337e-02, -1.276049e-01],
 [-5.101412e-02, -2.966083e-03, -4.279746e-02],
 [-2.170155e-02,  1.747823e-02,  5.537184e-02],
 [-3.270765e-02,  7.828607e-02,  2.000034e-02],
 [ 1.716934e-03,  3.580485e-04, -5.289174e-05],
 [-1.233760e-03, -1.407178e-03,  6.843659e-04],
 [-2.642767e-01,  6.323565e-01, -5.773821e-01]]
spherical_charges_l2: [[-2.007826e+00, -1.452054e+00, -1.215038e+01, -4.706520e+00,  4.994124e+00],
 [ 2.478994e-03, -3.119599e-04,  1.106259e-02,  4.729004e-03, -6.031865e-03],
 [ 3.443757e-03, -5.583015e-03,  6.350555e-03,  3.514592e-03, -8.058920e-03],
 [-1.741226e-01, -1.661721e-01,  1.212471e+00,  8.880085e-02, -4.856154e-01],
 [-1.235937e-01,  9.960013e-02,  8.227301e-01,  4.496080e-01, -2.428051e-01],
 [ 2.977527e-01, -8.249009e-01, -4.764007e-01, -1.010606e+00, -5.065903e-02],
 [ 1.925677e-01,  9.927405e-02, -7.552960e-03, -1.831363e-02, -1.122241e-02],
 [ 7.634013e-01, -1.046107e+00,  2.345668e-01, -3.461629e-01,  6.769865e-01],
 [ 3.414436e-01, -1.722114e-01, -2.936602e-01, -1.045189e-01, -5.237576e-01],
 [-8.361820e-02,  2.590905e-01, -2.114419e-01, -4.031128e-01, -7.354725e-01],
 [ 9.846461e-04,  7.038122e-03, -2.682408e-03, -6.537365e-03, -6.171247e-03],
 [ 5.116126e-03,  5.038678e-03, -2.227692e-03, -3.435812e-03, -5.398510e-03],
 [-4.737086e+00, -4.636985e+00,  4.261049e+00,  3.228826e+00,  1.266278e+01]]
energy_short: [ 0.363284, -0.73325 , -0.764827,  0.532353,  0.596122,  0.562023,  0.445006,  0.402814,  0.42525 ,  0.36835 , -0.708398, -0.74296 ,  0.658976]
energy_long: [-0.294692, -0.074309, -0.073292, -0.074095, -0.019144, -0.060133, -0.071303, -0.054987, -0.013481, -0.073911, -0.07411 , -0.073628, -0.292773]