step=3552435, graph_id=0, num_atoms=13
scalar_charges: [ 1.161358, -0.517247, -0.497885,  1.548685,  1.740391,  1.704609,  1.06121 ,  1.534379,  1.482075,  1.397448, -0.51986 , -0.503384,  0.863854]
spherical_charges_l0: [[-8.668772e+00],
 [-2.237090e-03],
 [-3.179624e-03],
 [-1.162469e-01],
 [-2.014608e-01],
 [-2.346815e-01],
 [ 3.379698e-02],
 [-2.662544e-01],
 [-2.380853e-01],
 [-2.120125e-01],
 [-3.531635e-03],
 [-2.211598e-03],
 [-9.490098e+00]]
spherical_charges_l1: [[ 3.804787e-01, -7.881060e-01, -1.942906e-01],
 [ 1.955385e-03,  1.267776e-04,  1.174437e-03],
 [-1.187616e-03,  3.283247e-04, -7.143854e-04],
 [-1.663281e-02, -5.854718e-02,  3.665562e-03],
 [-1.762382e-02, -1.080053e-02,  5.944410e-02],
 [ 3.783630e-02, -3.477202e-02, -1.972923e-02],
 [-4.636930e-02, -9.710861e-03, -1.055644e-01],
 [-3.525760e-02, -4.346120e-02, -2.890693e-02],
 [-3.137013e-02,  2.040880e-02,  5.929059e-02],
 [-3.895750e-02,  8.496152e-02,  9.634924e-03],
 [ 1.468065e-03,  4.767812e-04, -1.923125e-04],
 [-1.329560e-03, -1.261766e-03,  4.822280e-04],
 [-3.137340e-01,  7.009252e-01, -5.389408e-01]]
spherical_charges_l2: [[-2.030566e+00, -1.870616e+00, -1.300338e+01, -5.062659e+00,  5.130978e+00],
 [ 4.017044e-03, -4.898780e-03,  1.230854e-02,  2.922005e-03, -8.622117e-03],
 [ 2.161468e-03, -7.591368e-03,  8.513873e-03,  8.201694e-03, -1.051150e-02],
 [-1.305008e-01, -1.166545e-01,  1.237158e+00,  1.549439e-01, -5.530494e-01],
 [-7.731599e-02,  1.727683e-01,  8.709314e-01,  5.165815e-01, -2.173139e-01],
 [ 3.171012e-01, -9.224752e-01, -5.739187e-01, -1.108703e+00,  1.450090e-03],
 [ 1.874650e-01,  1.301221e-01, -2.980721e-02, -3.419305e-02,  2.216622e-02],
 [ 8.153650e-01, -1.068340e+00,  2.338121e-01, -2.829844e-01,  7.259939e-01],
 [ 3.513172e-01, -1.461973e-01, -3.400221e-01, -9.551734e-02, -5.212818e-01],
 [-6.415354e-02,  3.211312e-01, -2.553095e-01, -3.828712e-01, -8.196082e-01],
 [ 1.072843e-03,  7.718509e-03, -3.330569e-03, -5.855108e-03, -6.991786e-03],
 [ 3.666317e-03,  5.611643e-03, -3.260544e-03, -5.540199e-03, -7.027445e-03],
 [-5.106771e+00, -5.189275e+00,  4.427300e+00,  3.308831e+00,  1.306175e+01]]
energy_short: [ 0.336487, -0.60767 , -0.63835 ,  0.479446,  0.537205,  0.510034,  0.40402 ,  0.355483,  0.362586,  0.301916, -0.582353, -0.615284,  0.6489  ]
energy_long: [-0.312216, -0.075771, -0.075741, -0.072816, -0.020169, -0.055069, -0.07277 , -0.056413, -0.01932 , -0.073115, -0.075592, -0.075435, -0.312679]