step=1365705, graph_id=0, num_atoms=13
scalar_charges: [ 2.679358, -2.361107, -2.342558,  2.459209,  2.630839,  2.545401,  2.050483,  2.432056,  2.419209,  2.406817, -2.366509, -2.345698,  2.450624]
spherical_charges_l0: [[-6.216719e+00],
 [-6.203104e-04],
 [-2.847372e-03],
 [-1.054337e-01],
 [-1.195466e-01],
 [-2.363978e-01],
 [ 6.115749e-03],
 [-1.760665e-01],
 [-1.642035e-01],
 [-1.183612e-01],
 [-1.319224e-04],
 [ 3.969983e-04],
 [-6.862018e+00]]
spherical_charges_l1: [[ 7.436705e-01, -1.367869e+00, -3.411614e-01],
 [ 1.876229e-03, -2.084222e-03,  2.109208e-04],
 [-3.882148e-03,  7.565834e-04, -1.120787e-03],
 [-7.385179e-02, -9.384285e-02,  1.049135e-02],
 [-6.956851e-02, -2.023001e-02,  9.155700e-02],
 [ 2.429770e-02,  3.426648e-02, -5.130161e-02],
 [-5.113924e-02, -1.072847e-02, -1.376375e-01],
 [-2.612236e-03, -1.185354e-01, -7.129339e-02],
 [-5.823590e-02,  6.819770e-02,  1.452903e-01],
 [-4.188534e-02,  9.188507e-02,  3.442543e-03],
 [ 1.608202e-03, -4.401199e-06, -1.602906e-04],
 [-1.277855e-03, -1.345405e-03,  5.429952e-04],
 [-5.431651e-01,  1.303648e+00, -1.130143e+00]]
spherical_charges_l2: [[-2.345549e+00, -7.467782e-01, -1.315145e+01, -5.029305e+00,  5.765589e+00],
 [ 4.546416e-03,  1.321757e-02,  1.943787e-02,  1.148149e-02, -2.002839e-03],
 [ 7.713027e-03, -1.545084e-02,  6.663420e-03,  2.701892e-03, -1.099722e-02],
 [ 1.078461e-02, -1.335558e-01,  1.285489e+00, -3.524157e-02, -4.713003e-01],
 [-2.313924e-02, -2.111283e-01,  6.505889e-01,  3.233209e-01, -7.789179e-02],
 [ 1.445163e-01, -8.420738e-01, -6.552804e-01, -9.325642e-01, -3.235547e-02],
 [ 1.751024e-01,  1.974972e-04, -2.452734e-02, -7.194164e-02, -9.471175e-02],
 [ 5.810682e-01, -9.888016e-01,  1.731028e-01, -3.231673e-01,  7.680935e-01],
 [ 5.488296e-01, -1.603890e-01, -2.109027e-01, -1.118594e-01, -3.934305e-01],
 [-6.584401e-02,  2.901687e-01, -1.788527e-01, -4.416206e-01, -7.734589e-01],
 [ 9.018126e-03, -1.968096e-03,  1.345926e-03, -2.635992e-03, -7.568151e-03],
 [-6.075237e-03,  7.830055e-03, -3.276867e-03, -1.068749e-02, -5.280101e-03],
 [-5.313931e+00, -5.364687e+00,  4.068351e+00,  3.821563e+00,  1.333181e+01]]
energy_short: [ 0.335022, -0.80267 , -0.840324,  0.612971,  0.54583 ,  0.548383,  0.473095,  0.401175,  0.388342,  0.3788  , -0.769211, -0.810842,  0.660382]
energy_long: [-0.269761, -0.055241, -0.054966, -0.038984, -0.004696, -0.032939, -0.040947, -0.030271,  0.001876, -0.037786, -0.055284, -0.055132, -0.271955]