step=1081350, graph_id=0, num_atoms=13
scalar_charges: [ 2.92576 , -2.731696, -2.725751,  2.829885,  3.031045,  2.954925,  2.523314,  2.891717,  2.848561,  2.844759, -2.731849, -2.722616,  2.671609]
spherical_charges_l0: [[-6.767375e+00],
 [-2.878403e-03],
 [-6.641915e-03],
 [-1.258362e-01],
 [-1.729876e-01],
 [-2.386588e-01],
 [ 1.923678e-02],
 [-1.681348e-01],
 [-2.439636e-01],
 [-1.464899e-01],
 [-2.031724e-03],
 [-2.997374e-03],
 [-7.399298e+00]]
spherical_charges_l1: [[ 6.681644e-01, -1.991396e+00, -7.207822e-01],
 [ 7.896840e-04, -1.706199e-03, -4.899164e-04],
 [-4.275324e-03,  1.904166e-03, -6.946026e-04],
 [-9.206020e-02, -9.074353e-02,  3.546963e-02],
 [-6.655360e-02, -2.811204e-02,  1.260064e-01],
 [ 3.023313e-02,  3.057426e-02, -8.600405e-02],
 [-7.209469e-02, -2.188921e-02, -1.905666e-01],
 [-2.046691e-02, -1.929628e-01, -6.967246e-02],
 [-8.670038e-02,  1.019102e-01,  1.741134e-01],
 [-5.304237e-02,  1.187212e-01,  2.009303e-02],
 [ 2.096194e-03, -1.125681e-04,  7.597096e-05],
 [-1.437668e-03, -2.388383e-03,  1.263525e-03],
 [-8.572313e-01,  1.757482e+00, -1.614891e+00]]
spherical_charges_l2: [[-2.881413e+00, -1.057939e+00, -1.633925e+01, -5.933738e+00,  6.857120e+00],
 [ 7.291928e-03,  1.294438e-02,  1.870973e-02,  8.312277e-03, -2.048853e-04],
 [ 6.770831e-03, -2.040037e-02,  2.039444e-03,  2.576169e-03, -1.360326e-02],
 [-1.995550e-01, -1.376770e-01,  1.291631e+00, -2.347447e-02, -4.948837e-01],
 [-1.616152e-02, -9.641568e-02,  7.480107e-01,  4.643838e-01, -2.014090e-01],
 [ 2.193134e-01, -9.107428e-01, -8.301077e-01, -1.133931e+00, -1.135507e-01],
 [ 1.474518e-01,  3.085057e-02, -3.078678e-02, -8.333439e-02, -1.274271e-01],
 [ 8.222980e-01, -1.310091e+00,  2.386216e-01, -5.226052e-01,  8.087978e-01],
 [ 6.758272e-01, -1.887982e-01, -2.989848e-01, -2.673277e-01, -5.394117e-01],
 [-1.083227e-01,  2.707200e-01, -1.200709e-01, -5.276701e-01, -8.100405e-01],
 [ 1.274880e-02, -4.798097e-04,  8.079939e-04, -1.960438e-03, -8.962984e-03],
 [-9.903561e-03,  1.113288e-02, -5.013684e-03, -1.375594e-02, -5.517320e-03],
 [-5.985801e+00, -5.908433e+00,  4.913644e+00,  4.476552e+00,  1.654431e+01]]
energy_short: [ 0.384104, -0.827886, -0.869336,  0.618645,  0.518398,  0.525503,  0.454908,  0.373569,  0.362772,  0.352357, -0.802811, -0.845439,  0.748809]
energy_long: [-0.254643, -0.046361, -0.046441, -0.032508,  0.008286, -0.015283, -0.023751, -0.025531,  0.011844, -0.027762, -0.046464, -0.046533, -0.257267]