step=969210, graph_id=0, num_atoms=13
scalar_charges: [ 2.988875, -2.682343, -2.680391,  2.692318,  2.859165,  2.773597,  2.461285,  2.710126,  2.713619,  2.684398, -2.685263, -2.679691,  2.783366]
spherical_charges_l0: [[-6.423116e+00],
 [-2.664564e-03],
 [-5.586817e-03],
 [-8.896042e-02],
 [-1.302643e-01],
 [-1.934458e-01],
 [-2.284907e-03],
 [-1.981241e-01],
 [-2.214206e-01],
 [-1.359368e-01],
 [-2.043121e-03],
 [-2.219380e-03],
 [-6.835931e+00]]
spherical_charges_l1: [[ 8.972750e-01, -2.024446e+00, -6.656553e-01],
 [ 5.333325e-03, -5.103280e-04,  2.780390e-03],
 [-7.594798e-03,  4.270783e-03, -5.797960e-04],
 [-7.068949e-02, -1.120266e-01,  3.081727e-02],
 [-9.013811e-02,  1.427079e-03,  7.845777e-02],
 [ 5.493333e-03,  2.502454e-02, -1.136101e-01],
 [-9.012670e-02, -2.837735e-02, -2.528028e-01],
 [-2.345611e-02, -1.517491e-01, -9.600618e-02],
 [-5.354065e-02,  8.181904e-02,  1.392543e-01],
 [-7.583221e-02,  1.545167e-01,  2.981281e-02],
 [ 4.135218e-03, -2.769787e-04,  4.078252e-04],
 [-2.360953e-03, -4.176414e-03,  2.369547e-03],
 [-7.547504e-01,  1.867426e+00, -1.713482e+00]]
spherical_charges_l2: [[-2.216466e+00, -1.080116e+00, -1.573520e+01, -6.143104e+00,  6.506842e+00],
 [ 1.702647e-02,  1.618217e-02,  3.201553e-02,  1.206246e-02, -4.355966e-03],
 [ 9.889018e-03, -3.515295e-02,  8.242773e-03,  4.124063e-03, -2.277161e-02],
 [ 3.027265e-02, -1.560717e-01,  1.309636e+00, -4.611230e-02, -4.914072e-01],
 [-2.376515e-02, -5.949447e-02,  6.674012e-01,  3.225956e-01, -1.973185e-01],
 [ 2.276567e-01, -1.148252e+00, -6.393485e-01, -1.119036e+00, -3.653517e-02],
 [ 2.365104e-01,  5.016844e-03, -4.346407e-02, -5.698900e-02, -7.370312e-02],
 [ 7.375942e-01, -1.282988e+00,  1.958984e-01, -4.369164e-01,  9.343939e-01],
 [ 5.884935e-01, -6.282109e-02, -1.892964e-01, -1.994371e-01, -5.774772e-01],
 [-1.632467e-01,  4.328904e-01,  1.281881e-02, -5.499942e-01, -9.266304e-01],
 [ 1.554075e-02,  1.402569e-03,  1.289474e-04, -5.142701e-03, -1.299537e-02],
 [-1.095549e-02,  1.601598e-02, -6.253981e-03, -2.015485e-02, -1.159080e-02],
 [-5.768986e+00, -5.549510e+00,  4.269305e+00,  4.096671e+00,  1.569598e+01]]
energy_short: [ 0.337723, -0.851045, -0.892737,  0.679798,  0.52777 ,  0.548579,  0.480477,  0.398645,  0.377124,  0.409041, -0.826838, -0.869491,  0.71075 ]
energy_long: [-0.260841, -0.037432, -0.037343, -0.038605,  0.003328, -0.016616, -0.034054, -0.027271,  0.008721, -0.035327, -0.037599, -0.037502, -0.251888]