step=2447055, graph_id=0, num_atoms=13
scalar_charges: [ 1.216534, -0.672234, -0.652122,  1.149966,  1.504934,  1.463831,  0.931699,  1.360321,  1.302618,  1.159855, -0.681304, -0.6588  ,  0.815824]
spherical_charges_l0: [[-6.664534e+00],
 [-7.576366e-04],
 [-1.481117e-03],
 [-7.652187e-02],
 [-1.319416e-01],
 [-2.099957e-01],
 [ 9.932823e-03],
 [-2.149824e-01],
 [-1.917863e-01],
 [-1.599414e-01],
 [-1.138781e-03],
 [-7.330978e-04],
 [-7.366216e+00]]
spherical_charges_l1: [[ 4.168916e-01, -8.728166e-01, -2.093557e-01],
 [ 1.234244e-03, -1.045240e-04,  6.189406e-04],
 [-7.198321e-04,  2.117536e-04, -3.986215e-04],
 [-3.303989e-02, -7.403636e-02, -3.381975e-03],
 [-2.038757e-02, -1.415834e-02,  7.296325e-02],
 [ 3.451184e-02, -3.312881e-02, -1.803873e-02],
 [-6.095664e-02, -1.473800e-02, -1.349100e-01],
 [-4.736453e-02, -4.170936e-02, -1.712674e-02],
 [-4.370036e-02,  3.322284e-02,  8.142690e-02],
 [-4.789677e-02,  9.184903e-02,  4.647077e-03],
 [ 6.431665e-04,  2.045271e-04, -7.027088e-05],
 [-6.947457e-04, -5.716273e-04,  2.273609e-04],
 [-3.233684e-01,  7.386464e-01, -6.404462e-01]]
spherical_charges_l2: [[-1.689816e+00, -1.201334e+00, -1.123513e+01, -4.305759e+00,  4.519198e+00],
 [ 1.907831e-03, -8.375300e-04,  7.967672e-03,  4.146046e-03, -4.249738e-03],
 [ 2.066892e-03, -4.855756e-03,  4.299096e-03,  2.780647e-03, -5.527701e-03],
 [-5.621623e-02, -1.261300e-01,  1.071350e+00,  1.003855e-01, -4.995439e-01],
 [-9.028325e-03,  8.873195e-02,  7.112982e-01,  3.933788e-01, -1.897192e-01],
 [ 2.725067e-01, -7.778675e-01, -5.939490e-01, -9.593837e-01,  4.771572e-02],
 [ 1.126180e-01,  5.358418e-02, -5.136415e-02, -5.793972e-02, -9.035879e-02],
 [ 7.090312e-01, -1.005481e+00,  2.468928e-01, -2.803574e-01,  7.427382e-01],
 [ 4.125465e-01, -4.917763e-02, -3.152471e-01, -1.041226e-01, -4.860629e-01],
 [-4.446189e-02,  3.196504e-01, -2.070695e-01, -3.491788e-01, -6.843169e-01],
 [ 1.506018e-03,  2.856697e-03, -1.336886e-03, -2.586007e-03, -4.078472e-03],
 [ 1.388559e-03,  3.044235e-03, -1.804397e-03, -2.462351e-03, -3.493971e-03],
 [-4.352119e+00, -4.453793e+00,  3.747164e+00,  3.032993e+00,  1.126816e+01]]
energy_short: [ 0.330121, -0.644417, -0.675068,  0.517573,  0.533565,  0.51391 ,  0.412171,  0.358779,  0.360439,  0.321152, -0.618966, -0.652287,  0.650597]
energy_long: [-0.279804, -0.074866, -0.074799, -0.070046, -0.017416, -0.052616, -0.069283, -0.060515, -0.014569, -0.069393, -0.075112, -0.074884, -0.282916]