step=2138670, graph_id=0, num_atoms=13
scalar_charges: [ 1.433458, -0.631368, -0.595575,  1.299438,  1.946701,  1.780581,  1.182178,  1.680133,  1.759331,  1.359277, -0.629825, -0.601851,  0.974657]
spherical_charges_l0: [[-8.536398e+00],
 [-8.930374e-04],
 [-1.771211e-03],
 [-1.084630e-01],
 [-1.803912e-01],
 [-2.582399e-01],
 [ 6.870479e-03],
 [-2.764153e-01],
 [-1.882847e-01],
 [-1.652690e-01],
 [-2.167464e-03],
 [-1.470040e-03],
 [-9.095667e+00]]
spherical_charges_l1: [[ 4.312797e-01, -1.079561e+00, -3.487454e-01],
 [ 1.784723e-03, -3.571995e-04,  7.781059e-04],
 [-1.318786e-03,  1.541659e-04, -7.404335e-04],
 [-5.306491e-02, -8.392680e-02,  1.198773e-02],
 [-1.089555e-02, -2.129334e-02,  1.270643e-01],
 [ 4.496177e-02, -3.283716e-02, -1.942274e-02],
 [-5.365042e-02, -1.259496e-02, -1.401199e-01],
 [-4.313625e-02, -5.856905e-02, -1.373142e-02],
 [-5.415392e-02,  5.323908e-02,  1.293665e-01],
 [-4.935783e-02,  1.077907e-01,  2.738574e-03],
 [ 6.998003e-04,  2.255708e-04, -5.398912e-05],
 [-8.481347e-04, -7.070823e-04,  2.839103e-04],
 [-4.061868e-01,  8.901531e-01, -8.597259e-01]]
spherical_charges_l2: [[-1.776130e+00, -1.452181e+00, -1.433101e+01, -6.041473e+00,  6.329467e+00],
 [ 4.498714e-03,  7.959543e-05,  1.203361e-02,  5.229963e-03, -4.568401e-03],
 [ 3.519561e-03, -7.139861e-03,  6.034669e-03,  3.900606e-03, -8.053180e-03],
 [-1.120007e-01, -1.376483e-01,  1.395814e+00,  1.538720e-01, -5.605817e-01],
 [-3.340105e-02,  1.271914e-01,  9.231677e-01,  5.162688e-01, -2.369191e-01],
 [ 2.659697e-01, -1.002056e+00, -7.505493e-01, -1.125722e+00, -3.091083e-02],
 [ 1.345771e-01,  1.629654e-02, -3.427969e-02, -6.650510e-02, -1.239120e-01],
 [ 8.894619e-01, -1.190403e+00,  2.610190e-01, -3.884287e-01,  8.031519e-01],
 [ 6.273584e-01, -7.629523e-02, -3.264815e-01, -2.346139e-01, -6.026645e-01],
 [-7.979196e-02,  3.064350e-01, -2.460020e-01, -4.056626e-01, -7.853326e-01],
 [ 2.645224e-03,  4.409807e-03, -2.104158e-03, -3.577107e-03, -5.430775e-03],
 [ 1.938500e-03,  4.444711e-03, -2.134015e-03, -3.870396e-03, -4.684517e-03],
 [-5.311305e+00, -4.871366e+00,  4.255539e+00,  4.649027e+00,  1.417112e+01]]
energy_short: [ 0.368835, -0.702002, -0.734661,  0.541315,  0.529907,  0.525497,  0.423149,  0.366217,  0.34664 ,  0.347269, -0.680661, -0.713618,  0.699036]
energy_long: [-0.281515, -0.069082, -0.069722, -0.057128, -0.007834, -0.043015, -0.056364, -0.049346, -0.004432, -0.056766, -0.069464, -0.069434, -0.283967]