step=564705, graph_id=0, num_atoms=13
scalar_charges: [ 2.971301, -3.264249, -3.246977,  2.815104,  3.018176,  2.796465,  2.37274 ,  2.695999,  2.800953,  2.753884, -3.258386, -3.244972,  2.731976]
spherical_charges_l0: [[-5.140913e+00],
 [-1.476849e-03],
 [-3.344280e-03],
 [-1.114190e-01],
 [-1.296124e-01],
 [-1.937089e-01],
 [-4.204232e-02],
 [-9.534671e-02],
 [-2.039091e-01],
 [-6.257451e-02],
 [-2.721537e-03],
 [-2.772572e-03],
 [-5.369389e+00]]
spherical_charges_l1: [[ 1.266002e+00, -2.695924e+00, -9.245554e-01],
 [-3.717998e-04, -1.145959e-03, -2.817819e-04],
 [-7.372397e-04, -1.157578e-03, -7.907792e-04],
 [-2.879395e-01, -1.312697e-01,  6.703576e-02],
 [-1.104228e-01, -5.255606e-02,  1.287495e-01],
 [ 3.029715e-02,  2.500952e-01, -7.977360e-02],
 [-1.190512e-01, -5.707991e-02, -3.222850e-01],
 [ 7.914311e-02, -2.558988e-01, -4.893135e-02],
 [-7.706694e-02,  1.204744e-01,  2.228054e-01],
 [-7.961425e-02,  1.833323e-01,  4.257101e-02],
 [-1.253918e-04, -4.459374e-04,  1.377634e-04],
 [-4.487149e-05, -5.741955e-04,  1.934449e-04],
 [-1.064892e+00,  2.731270e+00, -1.896219e+00]]
spherical_charges_l2: [[-2.567547e+00, -1.123524e+00, -1.286748e+01, -4.369858e+00,  6.045321e+00],
 [ 4.288278e-03,  1.997567e-03,  1.321105e-02,  4.807431e-03, -4.267925e-03],
 [ 7.354675e-04, -8.491925e-03,  1.240968e-03,  2.835962e-03, -6.125237e-03],
 [-2.013329e-01, -5.522113e-01,  1.158204e+00, -2.966622e-01, -6.341861e-01],
 [ 8.150877e-02, -5.836048e-01,  3.297730e-01, -1.105165e-01, -2.029725e-01],
 [ 3.644755e-01, -9.418048e-01, -5.481315e-01, -1.026780e+00, -1.259792e-01],
 [ 1.716824e-01,  3.274800e-02,  4.034020e-02,  2.369196e-02,  1.014796e-01],
 [ 5.196404e-01, -8.935026e-01,  5.050779e-02, -3.541039e-01,  6.064586e-01],
 [ 5.777502e-01, -1.830515e-01, -1.704793e-01, -2.171414e-01, -3.100929e-01],
 [ 1.841000e-02,  2.536630e-01, -9.335256e-02, -5.310492e-01, -7.614236e-01],
 [ 3.596121e-03,  5.486426e-03, -3.671109e-03, -1.798691e-03, -2.743922e-03],
 [ 7.388970e-04,  6.086092e-03, -1.214364e-03, -3.533731e-03, -4.413676e-03],
 [-4.678963e+00, -4.580948e+00,  4.233582e+00,  3.668510e+00,  1.302414e+01]]
energy_short: [ 0.106685, -0.546506, -0.585247,  0.476569,  0.295083,  0.342665,  0.273612,  0.196844,  0.150128,  0.168369, -0.52503 , -0.56427 ,  0.503392]
energy_long: [-0.193757, -0.015299, -0.01483 ,  0.010952,  0.04471 ,  0.027189,  0.018887,  0.017485,  0.052801,  0.023366, -0.015286, -0.01515 , -0.19099 ]