step=2042550, graph_id=0, num_atoms=13
scalar_charges: [ 1.341867, -0.628509, -0.612348,  1.129172,  1.428981,  1.380539,  0.90275 ,  1.312699,  1.260413,  1.154783, -0.631853, -0.614485,  0.926813]
spherical_charges_l0: [[-8.019408e+00],
 [-9.667716e-04],
 [-1.315756e-03],
 [-1.510730e-01],
 [-1.687358e-01],
 [-3.009222e-01],
 [-4.098920e-03],
 [-3.218201e-01],
 [-2.341502e-01],
 [-2.145397e-01],
 [-1.135061e-03],
 [-6.195450e-04],
 [-8.991496e+00]]
spherical_charges_l1: [[ 4.606133e-01, -1.185750e+00, -3.652847e-01],
 [ 2.566652e-03, -1.650453e-05,  1.396404e-03],
 [-1.862587e-03,  9.961858e-04, -5.023602e-04],
 [-5.805834e-02, -8.024941e-02,  8.905491e-03],
 [-3.539732e-02, -8.462982e-03,  9.353606e-02],
 [ 3.373348e-02, -6.979638e-02, -3.381283e-02],
 [-6.748602e-02, -1.189192e-02, -1.552561e-01],
 [-4.140264e-02, -5.543612e-02, -3.397083e-02],
 [-5.918557e-02,  5.697764e-02,  1.032617e-01],
 [-5.609264e-02,  1.145418e-01,  5.355112e-03],
 [ 1.217949e-03,  9.656446e-05, -4.995292e-05],
 [-9.674000e-04, -1.301960e-03,  5.531456e-04],
 [-4.279423e-01,  9.590437e-01, -8.247930e-01]]
spherical_charges_l2: [[-2.394150e+00, -1.704543e+00, -1.395044e+01, -5.085209e+00,  5.603854e+00],
 [ 4.761256e-03,  4.047386e-03,  1.242531e-02,  6.001764e-03, -2.933962e-03],
 [ 3.047023e-03, -8.952316e-03,  4.416629e-03,  2.305547e-03, -6.715725e-03],
 [-1.269457e-01, -1.725182e-01,  1.324057e+00,  2.860575e-02, -6.017976e-01],
 [-5.344067e-02, -9.730678e-03,  8.743197e-01,  4.329238e-01, -2.258760e-01],
 [ 2.340237e-01, -9.829938e-01, -6.712359e-01, -1.160004e+00, -1.655913e-02],
 [ 1.907898e-01,  5.286838e-02, -2.830970e-02, -6.069697e-02, -9.639729e-02],
 [ 8.292996e-01, -1.254877e+00,  2.024671e-01, -3.420067e-01,  7.615008e-01],
 [ 5.332147e-01, -1.002110e-01, -3.674670e-01, -1.078629e-01, -6.194792e-01],
 [-9.129009e-02,  3.487428e-01, -2.517095e-01, -4.116493e-01, -8.531596e-01],
 [ 2.616168e-03,  3.045259e-03, -1.318897e-03, -2.759020e-03, -4.423878e-03],
 [ 6.017091e-04,  4.558000e-03, -2.203232e-03, -3.183708e-03, -3.349402e-03],
 [-5.267649e+00, -5.162159e+00,  4.298928e+00,  3.685922e+00,  1.380879e+01]]
energy_short: [ 0.311707, -0.714988, -0.747113,  0.574167,  0.564185,  0.549856,  0.453663,  0.393433,  0.393432,  0.363285, -0.691206, -0.724491,  0.652311]
energy_long: [-0.282919, -0.070363, -0.070406, -0.065069, -0.016409, -0.048602, -0.063562, -0.059474, -0.015527, -0.064506, -0.070468, -0.070369, -0.289164]