step=3780720, graph_id=0, num_atoms=13
scalar_charges: [ 1.21235 , -0.537266, -0.514247,  1.663953,  1.834258,  1.80402 ,  1.130588,  1.637465,  1.572057,  1.480923, -0.537159, -0.518106,  0.8974  ]
spherical_charges_l0: [[-8.954149e+00],
 [-3.619704e-03],
 [-3.429217e-03],
 [-1.384057e-01],
 [-2.090578e-01],
 [-2.631803e-01],
 [ 3.566647e-02],
 [-3.063844e-01],
 [-2.568178e-01],
 [-2.316159e-01],
 [-3.712062e-03],
 [-2.280869e-03],
 [-9.758414e+00]]
spherical_charges_l1: [[ 3.794314e-01, -7.697987e-01, -1.890873e-01],
 [ 2.340765e-03,  4.453683e-04,  1.529928e-03],
 [-1.142707e-03,  2.506452e-04, -7.810097e-04],
 [-1.424022e-02, -6.176051e-02,  1.941421e-03],
 [-2.102432e-02, -1.189536e-02,  5.881372e-02],
 [ 4.244807e-02, -4.109929e-02, -1.651000e-02],
 [-4.419708e-02, -9.124532e-03, -1.023739e-01],
 [-3.938587e-02, -3.849866e-02, -2.576245e-02],
 [-3.299486e-02,  1.913957e-02,  5.839068e-02],
 [-4.292017e-02,  8.992898e-02,  6.958054e-03],
 [ 1.498517e-03,  4.430753e-04, -1.681712e-04],
 [-1.380127e-03, -1.377989e-03,  5.233729e-04],
 [-3.028699e-01,  6.696583e-01, -5.210008e-01]]
spherical_charges_l2: [[-1.892691e+00, -2.087322e+00, -1.321403e+01, -5.225811e+00,  5.138194e+00],
 [ 5.311342e-03, -4.453494e-03,  1.364267e-02,  3.089844e-03, -9.224471e-03],
 [ 2.783044e-03, -9.044598e-03,  9.075495e-03,  8.155506e-03, -1.167218e-02],
 [-1.393064e-01, -1.182181e-01,  1.277913e+00,  1.755119e-01, -5.648732e-01],
 [-7.726151e-02,  1.458658e-01,  8.773946e-01,  5.093737e-01, -2.231272e-01],
 [ 3.591210e-01, -9.439598e-01, -6.258549e-01, -1.186398e+00,  2.779582e-02],
 [ 2.129786e-01,  1.413788e-01, -2.520458e-02, -3.674483e-02,  2.607427e-02],
 [ 8.792039e-01, -1.121429e+00,  2.633568e-01, -3.094864e-01,  7.990777e-01],
 [ 3.665441e-01, -1.651875e-01, -3.606895e-01, -7.725442e-02, -5.083247e-01],
 [-8.409048e-02,  3.254837e-01, -2.659907e-01, -3.842937e-01, -8.349124e-01],
 [ 1.143742e-03,  7.656717e-03, -3.131844e-03, -6.753552e-03, -7.623196e-03],
 [ 3.339797e-03,  6.076561e-03, -3.514844e-03, -6.783811e-03, -7.851812e-03],
 [-5.026062e+00, -5.065010e+00,  4.476924e+00,  3.238105e+00,  1.326682e+01]]
energy_short: [ 0.350156, -0.613569, -0.646098,  0.473549,  0.538162,  0.509971,  0.403198,  0.353686,  0.364   ,  0.296236, -0.587715, -0.622271,  0.664112]
energy_long: [-0.314612, -0.077071, -0.0769  , -0.072204, -0.019401, -0.054891, -0.073059, -0.057252, -0.019755, -0.072709, -0.076877, -0.076665, -0.316408]