step=1265580, graph_id=0, num_atoms=13
scalar_charges: [ 2.37984 , -2.495491, -2.490743,  2.50193 ,  2.585731,  2.511909,  2.10188 ,  2.442566,  2.407751,  2.472452, -2.490587, -2.483437,  2.181306]
spherical_charges_l0: [[-5.909140e+00],
 [-1.712135e-03],
 [-6.173163e-03],
 [-8.618547e-02],
 [-1.224308e-01],
 [-2.363056e-01],
 [ 1.412538e-02],
 [-1.987140e-01],
 [-2.038131e-01],
 [-1.510630e-01],
 [-9.224321e-04],
 [-1.452144e-03],
 [-6.455786e+00]]
spherical_charges_l1: [[ 6.368648e-01, -1.500679e+00, -4.864326e-01],
 [ 1.691095e-03, -2.208664e-03,  2.028074e-04],
 [-5.541550e-03,  2.468395e-03, -5.412658e-04],
 [-6.221540e-02, -9.540084e-02,  2.456984e-02],
 [-9.262392e-02, -2.434054e-02,  7.971392e-02],
 [ 7.186815e-02,  1.074966e-02, -3.453856e-02],
 [-7.560366e-02, -1.807491e-02, -1.931588e-01],
 [-3.493394e-02, -1.226506e-01, -6.856083e-02],
 [-5.496460e-02,  7.241096e-02,  1.249878e-01],
 [-7.101731e-02,  1.314905e-01,  1.144176e-02],
 [ 1.353375e-03, -3.649395e-04,  2.493503e-04],
 [-1.206613e-03, -2.345149e-03,  1.325150e-03],
 [-5.833130e-01,  1.367275e+00, -1.168814e+00]]
spherical_charges_l2: [[-2.280813e+00, -8.368281e-01, -1.335318e+01, -5.203403e+00,  5.749856e+00],
 [ 8.645935e-03,  1.453573e-02,  1.925980e-02,  9.891597e-03, -4.141894e-04],
 [ 1.060689e-02, -2.186385e-02,  7.095786e-03,  2.373671e-03, -1.471661e-02],
 [ 3.453417e-02, -1.985784e-01,  1.339550e+00, -1.029980e-01, -5.285543e-01],
 [-7.160134e-02, -8.245014e-02,  7.039749e-01,  3.568568e-01, -1.486825e-01],
 [ 2.982913e-01, -7.763575e-01, -6.449277e-01, -1.010365e+00, -1.563028e-02],
 [ 1.828340e-01,  3.321768e-02, -1.588395e-02, -4.647641e-02, -6.292934e-02],
 [ 7.264740e-01, -1.121962e+00,  1.143025e-01, -3.772041e-01,  8.427098e-01],
 [ 6.044235e-01, -1.575215e-01, -2.909148e-01, -4.922450e-02, -4.420363e-01],
 [-5.145217e-02,  3.558267e-01, -2.263314e-01, -4.184248e-01, -8.752001e-01],
 [ 8.737785e-03,  2.699433e-03, -6.993892e-04, -1.438761e-03, -5.953196e-03],
 [-5.316253e-03,  1.276424e-02, -5.491209e-03, -1.061109e-02, -4.965070e-03],
 [-5.095062e+00, -5.129487e+00,  4.126349e+00,  3.851694e+00,  1.344371e+01]]
energy_short: [ 0.454334, -0.980686, -1.031916,  0.651343,  0.632051,  0.621385,  0.542516,  0.473026,  0.466028,  0.430637, -0.956342, -1.001968,  0.77673 ]
energy_long: [-0.280563, -0.043267, -0.04293 , -0.026029,  0.007579, -0.018456, -0.023808, -0.021478,  0.011985, -0.023763, -0.043237, -0.043121, -0.282477]