step=3127905, graph_id=0, num_atoms=13
scalar_charges: [ 1.04833 , -0.541054, -0.516981,  1.319488,  1.477077,  1.444526,  0.962844,  1.328682,  1.260236,  1.215253, -0.538179, -0.52024 ,  0.79269 ]
spherical_charges_l0: [[-7.213358e+00],
 [-2.868142e-03],
 [-2.713733e-03],
 [-1.024349e-01],
 [-1.799588e-01],
 [-2.034129e-01],
 [ 1.921039e-02],
 [-2.475637e-01],
 [-2.303461e-01],
 [-1.761235e-01],
 [-2.936011e-03],
 [-2.186344e-03],
 [-7.895122e+00]]
spherical_charges_l1: [[ 3.360166e-01, -7.106569e-01, -1.830628e-01],
 [ 1.889362e-03,  2.334562e-04,  1.086563e-03],
 [-1.663209e-03,  4.390989e-04, -7.665288e-04],
 [-1.834786e-02, -5.279653e-02,  1.812214e-03],
 [-1.687103e-02, -1.724386e-02,  5.682804e-02],
 [ 4.156636e-02, -3.836705e-02, -1.808079e-02],
 [-4.458750e-02, -1.109612e-02, -1.072997e-01],
 [-3.809008e-02, -3.642860e-02, -2.901397e-02],
 [-2.866239e-02,  2.079025e-02,  5.732692e-02],
 [-3.293572e-02,  7.415722e-02,  7.184245e-03],
 [ 1.296589e-03,  5.093125e-04, -1.737811e-04],
 [-1.325917e-03, -1.144723e-03,  5.039463e-04],
 [-2.513595e-01,  6.063543e-01, -5.156698e-01]]
spherical_charges_l2: [[-1.657766e+00, -1.661368e+00, -1.153491e+01, -4.567089e+00,  4.668569e+00],
 [ 5.063331e-03, -2.800423e-03,  1.295493e-02,  4.383989e-03, -6.988918e-03],
 [ 3.242378e-03, -6.406978e-03,  6.304896e-03,  5.276734e-03, -7.963611e-03],
 [-1.094054e-01, -1.043025e-01,  1.103606e+00,  1.092971e-01, -4.471101e-01],
 [-5.850498e-02,  1.483089e-01,  7.711026e-01,  4.555570e-01, -1.820869e-01],
 [ 2.396928e-01, -8.121613e-01, -5.266344e-01, -9.998990e-01,  2.636797e-03],
 [ 1.639425e-01,  1.131527e-01, -2.299134e-02, -3.079529e-02,  1.386601e-02],
 [ 7.126517e-01, -1.012609e+00,  2.231122e-01, -2.851205e-01,  6.557044e-01],
 [ 3.416972e-01, -1.276890e-01, -3.100566e-01, -6.669200e-02, -4.537849e-01],
 [-8.934247e-02,  2.762745e-01, -2.288473e-01, -3.042721e-01, -6.966882e-01],
 [ 1.595835e-03,  5.148856e-03, -2.051877e-03, -5.308425e-03, -6.541657e-03],
 [ 2.484660e-03,  4.430176e-03, -2.588160e-03, -4.670972e-03, -5.576676e-03],
 [-4.428252e+00, -4.406321e+00,  3.886527e+00,  2.962196e+00,  1.174833e+01]]
energy_short: [ 0.323881, -0.612253, -0.643286,  0.481376,  0.541772,  0.517817,  0.411255,  0.361108,  0.369672,  0.302342, -0.587862, -0.621246,  0.635957]
energy_long: [-0.315471, -0.075212, -0.075176, -0.073324, -0.020492, -0.05703 , -0.072478, -0.057745, -0.017695, -0.073385, -0.075154, -0.074972, -0.314819]