step=3187980, graph_id=0, num_atoms=13
scalar_charges: [ 1.125967, -0.602382, -0.574539,  1.539628,  1.677056,  1.642979,  1.087277,  1.511585,  1.424612,  1.425764, -0.600944, -0.578992,  0.856177]
spherical_charges_l0: [[-7.173241e+00],
 [-2.351091e-03],
 [-2.749071e-03],
 [-9.802447e-02],
 [-1.677233e-01],
 [-2.061048e-01],
 [ 3.170748e-02],
 [-2.545859e-01],
 [-2.176372e-01],
 [-1.857269e-01],
 [-2.740136e-03],
 [-2.046010e-03],
 [-7.795644e+00]]
spherical_charges_l1: [[ 3.390931e-01, -7.414941e-01, -1.904018e-01],
 [ 1.718252e-03,  2.538009e-04,  1.009223e-03],
 [-1.434162e-03,  3.959574e-04, -7.048237e-04],
 [-2.118761e-02, -5.240656e-02,  1.300299e-03],
 [-2.057964e-02, -1.850789e-02,  5.563954e-02],
 [ 3.532854e-02, -3.835727e-02, -1.867408e-02],
 [-4.638380e-02, -1.341977e-02, -1.109426e-01],
 [-3.770741e-02, -3.651918e-02, -2.503830e-02],
 [-3.234474e-02,  2.552411e-02,  5.574114e-02],
 [-3.684678e-02,  8.119388e-02,  6.679027e-03],
 [ 1.165695e-03,  3.322337e-04, -8.171264e-05],
 [-1.186511e-03, -1.118392e-03,  5.005529e-04],
 [-2.560497e-01,  6.063513e-01, -5.015826e-01]]
spherical_charges_l2: [[-1.724596e+00, -1.718033e+00, -1.153962e+01, -4.524382e+00,  4.591217e+00],
 [ 4.573074e-03, -2.981793e-03,  1.220489e-02,  4.009998e-03, -7.040847e-03],
 [ 2.562718e-03, -6.158833e-03,  5.952555e-03,  5.277619e-03, -7.575931e-03],
 [-1.122309e-01, -8.970267e-02,  1.113691e+00,  1.159502e-01, -4.546260e-01],
 [-7.628682e-02,  1.162833e-01,  7.631136e-01,  4.593247e-01, -1.892042e-01],
 [ 2.258609e-01, -8.433243e-01, -5.564346e-01, -1.053693e+00, -1.326183e-02],
 [ 1.751816e-01,  1.231932e-01, -2.440116e-02, -3.125198e-02,  3.700632e-03],
 [ 7.095810e-01, -1.032146e+00,  2.060000e-01, -2.778322e-01,  6.431552e-01],
 [ 3.516350e-01, -1.326698e-01, -3.123747e-01, -8.158768e-02, -4.559058e-01],
 [-9.105597e-02,  2.783030e-01, -2.322928e-01, -3.076014e-01, -7.087488e-01],
 [ 1.140568e-03,  4.948169e-03, -1.996785e-03, -5.105413e-03, -6.035631e-03],
 [ 2.280309e-03,  4.001512e-03, -2.403437e-03, -4.537046e-03, -5.247030e-03],
 [-4.387259e+00, -4.470622e+00,  3.921865e+00,  2.829426e+00,  1.161971e+01]]
energy_short: [ 0.334171, -0.621501, -0.651225,  0.486468,  0.545634,  0.522709,  0.418038,  0.366198,  0.374195,  0.307794, -0.597185, -0.629396,  0.646054]
energy_long: [-0.307844, -0.077278, -0.077185, -0.075547, -0.024068, -0.058588, -0.075448, -0.061664, -0.022698, -0.075613, -0.077154, -0.077005, -0.30751 ]