step=140175, graph_id=0, num_atoms=13
scalar_charges: [  6.71774 , -26.64789 , -26.626196,   6.650898,   6.673857,   6.672326,   6.700077,   6.707385,   6.713296,   6.704576, -26.714872, -26.67822 ,   6.68132 ]
spherical_charges_l0: [[ 3.89162 ],
 [ 0.029843],
 [ 0.014235],
 [-0.272615],
 [-0.15399 ],
 [-0.145381],
 [-0.20453 ],
 [-0.174549],
 [-0.177994],
 [-0.225757],
 [ 0.013753],
 [ 0.013799],
 [ 3.728055]]
spherical_charges_l1: [[ 2.301638e-01,  5.267338e+00,  3.132288e+00],
 [ 1.063352e-01,  8.849948e-02,  9.273003e-02],
 [-8.485214e-02,  1.496502e-01,  2.602487e-02],
 [-1.901839e-01,  8.207749e-01,  2.742532e-01],
 [ 6.139279e-02, -1.994942e-02,  2.093973e-03],
 [ 3.927941e-02,  5.127623e-02,  1.155159e-01],
 [ 1.225780e-02,  2.682402e-02,  1.040817e-01],
 [-2.741033e-02,  8.736197e-03,  1.400459e-01],
 [-5.067734e-03,  5.875552e-02,  1.079367e-01],
 [ 2.628262e-01, -7.150829e-01,  3.430743e-01],
 [ 1.688412e-01, -4.996880e-02,  3.015222e-02],
 [-1.278689e-02, -1.529775e-01,  7.455975e-02],
 [ 3.089491e+00, -4.301968e+00,  3.040214e+00]]
spherical_charges_l2: [[ 3.599290e+00, -2.929589e+00,  4.909031e+00,  1.605677e+00, -3.291480e+00],
 [-9.580234e-02,  1.389383e-02, -1.248523e-01, -2.223411e-02,  4.934872e-02],
 [-3.729661e-02,  1.060202e-01, -3.600213e-02, -3.876090e-04,  7.097939e-02],
 [ 1.095542e-01,  2.315274e-01,  1.812188e-01, -1.226888e-01,  1.412057e-01],
 [ 2.675374e-01,  2.706105e-01, -1.926215e-01, -6.867309e-02,  1.047772e-01],
 [ 2.456267e-01,  1.128992e-01, -2.224348e-02, -1.752937e-01,  1.492155e-01],
 [ 2.069130e-01,  1.344253e-01,  1.309770e-02,  6.985290e-02,  1.948054e-01],
 [ 1.417463e-01,  2.495172e-01, -8.592744e-02,  1.758310e-01,  6.614079e-02],
 [ 1.980041e-01,  2.479607e-01, -8.831260e-02,  3.421763e-02,  8.605862e-02],
 [ 1.534673e-01,  1.048760e-01, -2.154209e-02,  2.066945e-01, -3.393903e-02],
 [-1.205729e-01, -5.697273e-02,  1.802730e-02,  2.212267e-02,  9.200452e-02],
 [ 7.882962e-03, -1.200914e-01,  5.373517e-02,  7.919507e-02,  7.197489e-02],
 [ 3.084676e+00,  3.764136e+00, -9.746912e-01, -3.669745e+00, -4.234089e+00]]
energy_short: [-0.555177,  0.286612,  0.277144, -0.119803, -0.064072, -0.099622, -0.328556, -0.29046 , -0.301396, -0.351542,  0.307801,  0.295515, -0.245089]
energy_long: [-0.043735,  0.077977,  0.075564,  0.171267,  0.044107,  0.074328,  0.13769 ,  0.097977,  0.217348,  0.16774 ,  0.078039,  0.076548,  0.041609]