step=1674090, graph_id=0, num_atoms=13
scalar_charges: [ 1.195371, -3.726474, -3.725486,  1.146434,  1.117257,  1.123971,  1.15952 ,  1.151712,  1.152206,  1.169074, -3.726922, -3.727973,  1.158887]
spherical_charges_l0: [[ 0.649868],
 [-0.00089 ],
 [ 0.001068],
 [-0.018734],
 [-0.017579],
 [-0.015126],
 [-0.007446],
 [-0.015717],
 [-0.017031],
 [-0.023455],
 [-0.001313],
 [-0.001139],
 [ 0.605036]]
spherical_charges_l1: [[-5.645086e-03,  1.831197e+00,  1.055189e+00],
 [ 1.685134e-02,  1.940190e-02,  1.676579e-02],
 [-1.354664e-02,  1.922766e-02,  1.928367e-03],
 [-6.355077e-02,  1.863587e-01,  8.219856e-02],
 [ 5.540689e-02,  6.158254e-04,  3.726087e-02],
 [ 5.583643e-02,  2.805735e-02,  7.925175e-02],
 [ 1.102028e-02,  1.106155e-02,  5.410188e-02],
 [-2.410539e-02,  8.525420e-03,  9.129414e-02],
 [ 4.634624e-03,  4.027097e-02,  8.930675e-02],
 [ 6.424577e-02, -1.507795e-01,  1.048452e-01],
 [ 2.913327e-02, -1.015318e-02,  5.964865e-03],
 [ 5.441788e-04, -2.569574e-02,  1.262154e-02],
 [ 1.060139e+00, -1.469354e+00,  1.087601e+00]]
spherical_charges_l2: [[ 1.221150e+00, -9.712385e-01,  1.751899e+00,  6.724893e-01, -1.155207e+00],
 [-3.593035e-02,  3.181697e-03, -3.976414e-02, -2.804442e-03,  1.513270e-02],
 [-1.478996e-02,  3.381778e-02, -1.274554e-02,  2.867214e-03,  2.389673e-02],
 [ 7.908078e-03,  9.674562e-02, -3.050989e-03, -5.350829e-02,  5.812785e-02],
 [ 8.141477e-02,  9.055289e-02, -8.973249e-02, -2.886807e-02,  4.260062e-02],
 [ 8.826829e-02,  3.622128e-02, -3.408959e-02, -9.486260e-02,  2.318424e-02],
 [ 8.217514e-02,  1.454581e-03,  7.129209e-03,  3.134785e-02,  5.247866e-02],
 [ 2.609533e-02,  8.022438e-02, -4.142003e-02,  6.926064e-02, -1.589188e-02],
 [ 6.905795e-02,  9.408431e-02, -1.968645e-02, -1.182785e-02,  1.846006e-02],
 [ 8.088862e-03, -7.115724e-03, -1.424138e-03,  9.045780e-02,  2.757941e-02],
 [-3.786715e-02, -2.160716e-02,  7.474275e-03,  7.290130e-03,  2.940124e-02],
 [ 1.730238e-03, -3.646209e-02,  1.637551e-02,  2.251592e-02,  2.090154e-02],
 [ 1.105517e+00,  1.297256e+00, -3.242169e-01, -1.354007e+00, -1.545495e+00]]
energy_short: [-0.777915,  0.744064,  0.739027, -0.42782 , -0.243249, -0.290264, -0.528791, -0.476079, -0.478102, -0.593369,  0.752609,  0.749879, -0.505006]
energy_long: [-0.022181,  0.062197,  0.060914,  0.205446,  0.111088,  0.157575,  0.170208,  0.19179 ,  0.231906,  0.204829,  0.065415,  0.064634,  0.112206]