step=2667330, graph_id=0, num_atoms=13
scalar_charges: [ 0.90396 , -2.771406, -2.768069,  0.854974,  0.833249,  0.838456,  0.866182,  0.860163,  0.860365,  0.873497, -2.780293, -2.77699 ,  0.873654]
spherical_charges_l0: [[ 0.357309],
 [-0.000705],
 [ 0.000711],
 [-0.011433],
 [-0.009049],
 [-0.008378],
 [-0.002606],
 [-0.007898],
 [-0.008704],
 [-0.014919],
 [-0.000541],
 [-0.000609],
 [ 0.330386]]
spherical_charges_l1: [[-0.004044,  1.028654,  0.599576],
 [ 0.008928,  0.014458,  0.010891],
 [-0.005485,  0.012733,  0.002907],
 [-0.038257,  0.114413,  0.048285],
 [ 0.035514,  0.00135 ,  0.02544 ],
 [ 0.034303,  0.015497,  0.045754],
 [ 0.006727,  0.0063  ,  0.030988],
 [-0.014667,  0.005262,  0.054419],
 [ 0.003051,  0.024039,  0.054078],
 [ 0.03895 , -0.093371,  0.06085 ],
 [ 0.015929, -0.008399,  0.004657],
 [ 0.003289, -0.015977,  0.007946],
 [ 0.588998, -0.816296,  0.615143]]
spherical_charges_l2: [[ 0.742659, -0.597844,  1.06081 ,  0.412841, -0.700613],
 [-0.026606,  0.002321, -0.028808, -0.00161 ,  0.01065 ],
 [-0.011258,  0.025695, -0.009296,  0.002258,  0.017859],
 [ 0.002435,  0.059626, -0.002878, -0.029661,  0.036992],
 [ 0.048757,  0.054829, -0.056346, -0.018078,  0.024861],
 [ 0.053189,  0.022752, -0.01939 , -0.056884,  0.013827],
 [ 0.047723, -0.002296,  0.00389 ,  0.018007,  0.028759],
 [ 0.013961,  0.0466  , -0.025691,  0.040739, -0.010362],
 [ 0.040089,  0.055463, -0.011144, -0.008016,  0.010252],
 [ 0.004665, -0.006454,  0.001563,  0.053731,  0.018058],
 [-0.028931, -0.016192,  0.005614,  0.004691,  0.021661],
 [ 0.001433, -0.028398,  0.012806,  0.016873,  0.015635],
 [ 0.680469,  0.795279, -0.195333, -0.831428, -0.942069]]
energy_short: [-0.887431,  0.876463,  0.871697, -0.47286 , -0.283324, -0.33107 , -0.575646, -0.519439, -0.519606, -0.63058 ,  0.881976,  0.879529, -0.621157]
energy_long: [-0.033037,  0.060711,  0.059812,  0.199152,  0.097662,  0.149367,  0.157031,  0.185293,  0.221776,  0.202283,  0.06509 ,  0.064461,  0.096502]