step=156195, graph_id=0, num_atoms=13
scalar_charges: [  6.831424, -26.195045, -26.156881,   6.872288,   6.893958,   6.885417,   6.875432,   6.891025,   6.895002,   6.887006, -26.293245, -26.235811,   6.857773]
spherical_charges_l0: [[ 3.651478],
 [ 0.038464],
 [ 0.025131],
 [-0.264177],
 [-0.11053 ],
 [-0.107789],
 [-0.166289],
 [-0.134304],
 [-0.139247],
 [-0.22891 ],
 [ 0.025988],
 [ 0.024393],
 [ 3.515785]]
spherical_charges_l1: [[ 0.215348,  5.557112,  3.241292],
 [ 0.096836,  0.07186 ,  0.076079],
 [-0.078467,  0.13112 ,  0.017279],
 [-0.183038,  0.648896,  0.224367],
 [ 0.111405, -0.053743,  0.06447 ],
 [ 0.072051,  0.101875,  0.137624],
 [ 0.012748,  0.024404,  0.09794 ],
 [-0.047603, -0.007144,  0.188502],
 [ 0.008099,  0.10065 ,  0.158394],
 [ 0.19087 , -0.542051,  0.28321 ],
 [ 0.170368, -0.036911,  0.023781],
 [-0.023406, -0.139797,  0.067711],
 [ 3.163605, -4.437454,  3.150241]]
spherical_charges_l2: [[ 3.348828e+00, -2.640010e+00,  4.584799e+00,  1.574626e+00, -2.981448e+00],
 [-1.176119e-01, -3.644709e-03, -1.450948e-01, -2.187356e-02,  4.559898e-02],
 [-3.658590e-02,  1.314437e-01, -2.775808e-02,  7.733812e-03,  8.209400e-02],
 [ 1.978361e-01,  2.500188e-01,  2.012777e-01, -1.836146e-01,  1.030869e-01],
 [ 2.586435e-01,  2.935722e-01, -2.483819e-01, -5.916969e-02,  9.343818e-02],
 [ 2.527429e-01,  8.482996e-02, -4.307790e-02, -2.205828e-01,  1.006506e-01],
 [ 2.186013e-01,  8.397519e-02,  1.834784e-02,  7.586443e-02,  1.866102e-01],
 [ 1.248630e-01,  2.376144e-01, -1.084544e-01,  1.777986e-01,  1.829961e-02],
 [ 1.979066e-01,  2.505223e-01, -7.049794e-02,  2.375960e-03,  6.589168e-02],
 [ 1.762093e-01,  1.482220e-01, -6.841463e-02,  2.461069e-01, -5.238844e-02],
 [-1.320866e-01, -6.306839e-02,  2.054471e-02,  1.747819e-02,  9.481436e-02],
 [ 1.766664e-02, -1.341351e-01,  6.090586e-02,  8.440984e-02,  7.169361e-02],
 [ 2.923085e+00,  3.525957e+00, -9.213488e-01, -3.364705e+00, -3.918173e+00]]
energy_short: [-0.562508,  0.307998,  0.29775 , -0.098726, -0.048923, -0.079423, -0.292803, -0.260572, -0.272297, -0.322988,  0.329948,  0.316622, -0.265334]
energy_long: [-0.03176 ,  0.070641,  0.070173,  0.179722,  0.073688,  0.118168,  0.121603,  0.132222,  0.203313,  0.175274,  0.072155,  0.071224,  0.062661]