step=1233540, graph_id=0, num_atoms=13
scalar_charges: [ 1.70708 , -5.420853, -5.418865,  1.638928,  1.613978,  1.622541,  1.66631 ,  1.658357,  1.659493,  1.671944, -5.419728, -5.421219,  1.665027]
spherical_charges_l0: [[ 1.062636e+00],
 [-1.893113e-03],
 [ 6.834248e-04],
 [-2.934430e-02],
 [-2.132087e-02],
 [-1.282129e-02],
 [-6.402180e-03],
 [-1.713723e-02],
 [-1.947486e-02],
 [-3.327274e-02],
 [-3.349807e-03],
 [-2.813826e-03],
 [ 9.773628e-01]]
spherical_charges_l1: [[ 0.032538,  2.915341,  1.689073],
 [ 0.033713,  0.03726 ,  0.03406 ],
 [-0.027657,  0.039773,  0.005337],
 [-0.098644,  0.299479,  0.123287],
 [ 0.070402,  0.004488,  0.051127],
 [ 0.091226,  0.034607,  0.119178],
 [ 0.014208,  0.016625,  0.072356],
 [-0.042191,  0.01819 ,  0.1413  ],
 [ 0.0106  ,  0.058056,  0.137789],
 [ 0.099718, -0.234515,  0.159338],
 [ 0.049789, -0.022121,  0.012543],
 [ 0.003409, -0.046798,  0.023079],
 [ 1.687462, -2.3413  ,  1.683763]]
spherical_charges_l2: [[ 1.739584e+00, -1.386065e+00,  2.497452e+00,  9.578451e-01, -1.659316e+00],
 [-6.751071e-02,  1.317567e-03, -7.267191e-02, -4.890945e-03,  2.415272e-02],
 [-2.416792e-02,  6.164599e-02, -1.905425e-02,  6.611589e-03,  4.043557e-02],
 [ 2.716684e-03,  1.355851e-01,  1.117590e-03, -7.058558e-02,  8.107474e-02],
 [ 1.114421e-01,  1.214524e-01, -1.246733e-01, -4.297765e-02,  4.731139e-02],
 [ 1.136240e-01,  5.016961e-02, -4.669521e-02, -1.214380e-01,  2.970098e-02],
 [ 1.066774e-01, -8.275205e-03,  1.031443e-02,  4.222218e-02,  6.763965e-02],
 [ 3.347023e-02,  1.066452e-01, -5.564547e-02,  8.810879e-02, -2.207829e-02],
 [ 9.131445e-02,  1.238472e-01, -2.787306e-02, -1.556226e-02,  2.312886e-02],
 [ 1.348010e-02, -9.410991e-03, -2.365890e-04,  1.170191e-01,  2.902297e-02],
 [-7.014114e-02, -3.809471e-02,  1.324506e-02,  8.581326e-03,  4.995664e-02],
 [ 6.189856e-03, -6.733216e-02,  3.059160e-02,  3.927681e-02,  3.481064e-02],
 [ 1.576196e+00,  1.858264e+00, -4.725601e-01, -1.920180e+00, -2.212113e+00]]
energy_short: [-0.775151,  0.645384,  0.639142, -0.345839, -0.231434, -0.27414 , -0.49466 , -0.458433, -0.464675, -0.54044 ,  0.651473,  0.649339, -0.479815]
energy_long: [-0.014153,  0.076896,  0.074601,  0.208658,  0.117554,  0.164751,  0.161925,  0.189562,  0.232191,  0.207905,  0.078649,  0.078156,  0.121892]