step=1285605, graph_id=0, num_atoms=13
scalar_charges: [ 1.588396, -4.972468, -4.973241,  1.522857,  1.495632,  1.503304,  1.545585,  1.537407,  1.538737,  1.552411, -4.967305, -4.970455,  1.546429]
spherical_charges_l0: [[ 0.945313],
 [-0.001499],
 [ 0.00173 ],
 [-0.029347],
 [-0.024165],
 [-0.017656],
 [-0.009949],
 [-0.019924],
 [-0.022035],
 [-0.032828],
 [-0.002387],
 [-0.002015],
 [ 0.860326]]
spherical_charges_l1: [[ 0.006711,  2.505602,  1.461525],
 [ 0.022229,  0.038181,  0.028657],
 [-0.0202  ,  0.033099,  0.005581],
 [-0.094515,  0.264769,  0.125271],
 [ 0.064325,  0.005368,  0.039983],
 [ 0.07688 ,  0.029607,  0.106732],
 [ 0.015972,  0.017047,  0.075753],
 [-0.033953,  0.015846,  0.125756],
 [ 0.005332,  0.050363,  0.119945],
 [ 0.087936, -0.207677,  0.156836],
 [ 0.039893, -0.023012,  0.012641],
 [ 0.009531, -0.039084,  0.019497],
 [ 1.420511, -1.967745,  1.457319]]
spherical_charges_l2: [[ 1.565275e+00, -1.241334e+00,  2.239254e+00,  8.629968e-01, -1.479962e+00],
 [-6.393816e-02,  5.206438e-03, -7.078699e-02, -5.590246e-03,  2.610484e-02],
 [-2.398654e-02,  5.625993e-02, -2.096791e-02,  4.432226e-03,  3.910007e-02],
 [ 1.542636e-02,  1.307160e-01,  6.174021e-03, -7.088970e-02,  7.541499e-02],
 [ 1.056288e-01,  1.136633e-01, -1.085885e-01, -3.730072e-02,  5.067459e-02],
 [ 1.079938e-01,  4.558351e-02, -3.955784e-02, -1.159301e-01,  3.274023e-02],
 [ 1.058107e-01,  1.105601e-03,  8.278925e-03,  4.022146e-02,  6.665629e-02],
 [ 3.152354e-02,  1.019321e-01, -5.110627e-02,  8.644318e-02, -1.677635e-02],
 [ 8.519248e-02,  1.176573e-01, -2.667129e-02, -1.265341e-02,  2.627872e-02],
 [ 1.848301e-02, -3.295406e-03, -4.764705e-03,  1.141747e-01,  2.702313e-02],
 [-6.195613e-02, -3.756550e-02,  1.331535e-02,  1.180860e-02,  4.810831e-02],
 [ 1.633573e-03, -6.165694e-02,  2.766142e-02,  3.722871e-02,  3.533084e-02],
 [ 1.409984e+00,  1.648001e+00, -4.133826e-01, -1.710555e+00, -1.958895e+00]]
energy_short: [-0.766193,  0.651059,  0.644597, -0.360549, -0.229805, -0.271128, -0.495105, -0.455069, -0.461712, -0.548432,  0.656962,  0.654527, -0.47757 ]
energy_long: [-0.001748,  0.077854,  0.074394,  0.21072 ,  0.11941 ,  0.159426,  0.156916,  0.188496,  0.230983,  0.209719,  0.078081,  0.07741 ,  0.119849]