step=2839545, graph_id=0, num_atoms=13
scalar_charges: [ 0.864792, -2.651   , -2.648138,  0.819418,  0.799268,  0.804279,  0.829704,  0.824131,  0.824313,  0.83622 , -2.659798, -2.656485,  0.837906]
spherical_charges_l0: [[ 0.346001],
 [-0.000608],
 [ 0.000708],
 [-0.009561],
 [-0.007819],
 [-0.00736 ],
 [-0.002001],
 [-0.006994],
 [-0.007744],
 [-0.013059],
 [-0.000453],
 [-0.00059 ],
 [ 0.319771]]
spherical_charges_l1: [[-0.004664,  0.984936,  0.571113],
 [ 0.008661,  0.015683,  0.011286],
 [-0.005225,  0.013637,  0.003498],
 [-0.034167,  0.107185,  0.047152],
 [ 0.036374,  0.001411,  0.028152],
 [ 0.035453,  0.01541 ,  0.04548 ],
 [ 0.006007,  0.005419,  0.028034],
 [-0.015414,  0.004732,  0.054687],
 [ 0.003954,  0.024405,  0.054631],
 [ 0.038272, -0.087567,  0.058494],
 [ 0.016341, -0.008745,  0.004842],
 [ 0.003641, -0.016718,  0.008322],
 [ 0.563583, -0.778956,  0.587883]]
spherical_charges_l2: [[ 7.077345e-01, -5.709585e-01,  1.017940e+00,  3.980628e-01, -6.738011e-01],
 [-2.549347e-02,  1.765418e-03, -2.782164e-02, -1.783055e-03,  1.010333e-02],
 [-1.092775e-02,  2.464036e-02, -8.799905e-03,  2.357171e-03,  1.696147e-02],
 [ 5.537826e-03,  5.463824e-02,  1.431108e-05, -2.803986e-02,  3.333494e-02],
 [ 4.595703e-02,  5.082569e-02, -5.262699e-02, -1.755121e-02,  2.311865e-02],
 [ 4.851807e-02,  2.157457e-02, -1.820000e-02, -5.237731e-02,  1.449261e-02],
 [ 4.471654e-02, -8.026180e-04,  3.361521e-03,  1.653539e-02,  2.647453e-02],
 [ 1.281453e-02,  4.357634e-02, -2.223972e-02,  3.838168e-02, -8.463063e-03],
 [ 3.745003e-02,  5.174146e-02, -1.177241e-02, -7.069556e-03,  9.868618e-03],
 [ 5.872569e-03, -3.478442e-03,  6.319741e-04,  4.903340e-02,  1.472148e-02],
 [-2.825049e-02, -1.598233e-02,  5.580462e-03,  4.344047e-03,  2.094931e-02],
 [ 1.377403e-03, -2.799352e-02,  1.264183e-02,  1.634721e-02,  1.517611e-02],
 [ 6.489176e-01,  7.598431e-01, -1.870196e-01, -7.979655e-01, -9.052604e-01]]
energy_short: [-0.905104,  0.873363,  0.869422, -0.475588, -0.283799, -0.332935, -0.578446, -0.521383, -0.521563, -0.633629,  0.880775,  0.877706, -0.638078]
energy_long: [-0.023206,  0.06708 ,  0.067016,  0.200187,  0.103043,  0.15272 ,  0.158899,  0.189029,  0.222747,  0.202239,  0.071963,  0.071617,  0.096483]