step=1541925, graph_id=0, num_atoms=13
scalar_charges: [ 1.290487, -3.902948, -3.903124,  1.234418,  1.207228,  1.214192,  1.250935,  1.243108,  1.243603,  1.258211, -3.901159, -3.902755,  1.253109]
spherical_charges_l0: [[ 7.079640e-01],
 [-3.013980e-03],
 [ 1.489234e-04],
 [-2.321487e-02],
 [-1.486626e-02],
 [-1.290784e-02],
 [-5.903234e-03],
 [-1.415731e-02],
 [-1.467216e-02],
 [-2.592210e-02],
 [-3.549425e-03],
 [-3.450265e-03],
 [ 6.529639e-01]]
spherical_charges_l1: [[ 1.248225e-02,  2.050357e+00,  1.179435e+00],
 [ 2.520423e-02,  2.802088e-02,  2.501221e-02],
 [-2.023540e-02,  3.048655e-02,  4.143359e-03],
 [-7.147582e-02,  2.292050e-01,  9.632501e-02],
 [ 5.708747e-02,  4.805009e-03,  4.357565e-02],
 [ 6.360274e-02,  2.734198e-02,  8.488040e-02],
 [ 1.023076e-02,  9.646773e-03,  4.912652e-02],
 [-2.602075e-02,  7.554876e-03,  9.852163e-02],
 [ 6.652881e-03,  4.271657e-02,  9.607499e-02],
 [ 7.983366e-02, -1.804614e-01,  1.200538e-01],
 [ 4.233547e-02, -1.640175e-02,  9.484591e-03],
 [ 1.402411e-03, -3.808807e-02,  1.873296e-02],
 [ 1.172569e+00, -1.625695e+00,  1.204837e+00]]
spherical_charges_l2: [[ 1.349028e+00, -1.062506e+00,  1.898129e+00,  7.073795e-01, -1.241759e+00],
 [-4.739615e-02,  8.484877e-03, -5.110191e-02, -2.561715e-03,  2.194521e-02],
 [-2.335706e-02,  4.331445e-02, -2.050506e-02,  4.181801e-03,  3.173582e-02],
 [ 5.155951e-03,  1.050901e-01, -7.527640e-03, -4.752446e-02,  5.879590e-02],
 [ 8.270135e-02,  9.455077e-02, -9.992030e-02, -3.265675e-02,  3.989682e-02],
 [ 9.056737e-02,  3.948908e-02, -4.291792e-02, -9.826278e-02,  1.917126e-02],
 [ 8.325548e-02, -3.848599e-03,  6.734472e-03,  3.172429e-02,  5.185713e-02],
 [ 2.639921e-02,  8.228116e-02, -4.361169e-02,  6.747862e-02, -2.162104e-02],
 [ 7.118012e-02,  9.630442e-02, -1.982056e-02, -1.463818e-02,  1.349225e-02],
 [ 6.261292e-03, -1.407067e-02,  6.030030e-04,  8.806848e-02,  2.885495e-02],
 [-4.842401e-02, -3.525677e-02,  1.307164e-02,  1.239530e-02,  4.072126e-02],
 [-3.615286e-03, -5.101588e-02,  2.265359e-02,  2.932936e-02,  3.078582e-02],
 [ 1.219128e+00,  1.439001e+00, -3.658438e-01, -1.446254e+00, -1.665464e+00]]
energy_short: [-0.805018,  0.718505,  0.714179, -0.405963, -0.241919, -0.288938, -0.523756, -0.47512 , -0.477361, -0.577348,  0.726557,  0.723393, -0.519834]
energy_long: [-0.03248 ,  0.061181,  0.059945,  0.20291 ,  0.111672,  0.156704,  0.153351,  0.196267,  0.224472,  0.203409,  0.063328,  0.06349 ,  0.105145]