step=3592485, graph_id=0, num_atoms=13
scalar_charges: [ 0.847634, -2.606271, -2.602345,  0.808607,  0.790296,  0.794802,  0.81758 ,  0.812716,  0.812793,  0.823429, -2.620603, -2.616206,  0.82463 ]
spherical_charges_l0: [[ 3.060574e-01],
 [-3.344232e-04],
 [ 9.094437e-04],
 [-9.540358e-03],
 [-7.682807e-03],
 [-7.042754e-03],
 [-2.168399e-03],
 [-6.527354e-03],
 [-7.253315e-03],
 [-1.264908e-02],
 [-2.335291e-04],
 [-3.267466e-04],
 [ 2.846835e-01]]
spherical_charges_l1: [[-0.007361,  0.896337,  0.523848],
 [ 0.008719,  0.013291,  0.010168],
 [-0.005745,  0.012005,  0.002468],
 [-0.033546,  0.099854,  0.042794],
 [ 0.031975,  0.002398,  0.023149],
 [ 0.031385,  0.012085,  0.039963],
 [ 0.005782,  0.005559,  0.027008],
 [-0.013547,  0.005093,  0.049013],
 [ 0.003448,  0.020904,  0.048641],
 [ 0.034162, -0.081242,  0.05347 ],
 [ 0.015263, -0.007016,  0.003956],
 [ 0.002075, -0.015348,  0.007597],
 [ 0.513463, -0.70889 ,  0.538094]]
spherical_charges_l2: [[ 6.378218e-01, -5.113203e-01,  9.171576e-01,  3.633865e-01, -6.043766e-01],
 [-2.439654e-02,  1.582103e-03, -2.639689e-02, -1.380938e-03,  9.275295e-03],
 [-1.032995e-02,  2.323088e-02, -7.959705e-03,  2.392563e-03,  1.579474e-02],
 [ 6.423606e-03,  4.980031e-02,  1.076507e-03, -2.555451e-02,  3.096271e-02],
 [ 4.350731e-02,  4.793350e-02, -4.990818e-02, -1.645312e-02,  2.046803e-02],
 [ 4.585762e-02,  2.157934e-02, -1.760664e-02, -4.900278e-02,  1.453039e-02],
 [ 4.174795e-02,  3.767980e-04,  2.799761e-03,  1.533111e-02,  2.495207e-02],
 [ 1.274912e-02,  4.191109e-02, -2.061916e-02,  3.564778e-02, -7.587914e-03],
 [ 3.516852e-02,  4.867623e-02, -1.146773e-02, -6.245767e-03,  9.032798e-03],
 [ 6.133445e-03, -1.640348e-03,  1.543625e-04,  4.530687e-02,  1.344437e-02],
 [-2.703240e-02, -1.531926e-02,  5.370514e-03,  3.880442e-03,  1.980095e-02],
 [ 1.301727e-03, -2.678401e-02,  1.211876e-02,  1.529727e-02,  1.422148e-02],
 [ 5.868902e-01,  6.831685e-01, -1.650721e-01, -7.228445e-01, -8.150327e-01]]
energy_short: [-0.908491,  0.882531,  0.878258, -0.475703, -0.282609, -0.330116, -0.573189, -0.519035, -0.519383, -0.632089,  0.88836 ,  0.885559, -0.642481]
energy_long: [-0.028096,  0.064977,  0.065007,  0.2     ,  0.102696,  0.14967 ,  0.156952,  0.18716 ,  0.221007,  0.202736,  0.070396,  0.070279,  0.094605]