step=817020, graph_id=0, num_atoms=13
scalar_charges: [  2.875838, -10.021759, -10.023157,   2.783873,   2.756417,   2.766644,   2.825888,   2.816402,   2.818758,   2.834435, -10.038498, -10.033516,   2.82107 ]
spherical_charges_l0: [[ 1.61538 ],
 [-0.005916],
 [-0.002626],
 [-0.067789],
 [-0.041159],
 [-0.025981],
 [-0.022828],
 [-0.033636],
 [-0.037746],
 [-0.062878],
 [-0.008597],
 [-0.006557],
 [ 1.521838]]
spherical_charges_l1: [[-1.061888e-02,  4.167359e+00,  2.370986e+00],
 [ 7.585763e-02,  4.739476e-02,  5.865743e-02],
 [-6.147957e-02,  7.327189e-02,  3.004916e-03],
 [-1.351932e-01,  4.403961e-01,  1.842283e-01],
 [ 1.045955e-01,  1.269268e-03,  7.058761e-02],
 [ 1.205065e-01,  6.072484e-02,  1.629419e-01],
 [ 1.981853e-02,  1.727046e-02,  1.003428e-01],
 [-5.740466e-02,  1.877028e-02,  2.069344e-01],
 [ 1.482510e-02,  8.795829e-02,  1.992215e-01],
 [ 1.435004e-01, -3.445436e-01,  2.299329e-01],
 [ 1.068923e-01, -2.980352e-02,  1.823769e-02],
 [-1.158372e-02, -9.103239e-02,  4.426509e-02],
 [ 2.433473e+00, -3.379809e+00,  2.476765e+00]]
spherical_charges_l2: [[ 2.509126e+00, -1.979065e+00,  3.669347e+00,  1.445094e+00, -2.410126e+00],
 [-1.238071e-01,  1.799584e-03, -1.254118e-01, -1.737672e-03,  3.714003e-02],
 [-3.821603e-02,  1.062752e-01, -2.169558e-02,  1.718822e-02,  6.321987e-02],
 [ 4.587052e-02,  1.921558e-01,  3.926075e-02, -1.047793e-01,  1.094958e-01],
 [ 1.923614e-01,  2.030371e-01, -1.960797e-01, -7.017733e-02,  8.218484e-02],
 [ 1.893589e-01,  8.094250e-02, -7.328024e-02, -2.014734e-01,  5.953911e-02],
 [ 1.848992e-01, -6.170524e-04,  1.405001e-02,  6.753159e-02,  1.176291e-01],
 [ 5.736664e-02,  1.793668e-01, -8.817144e-02,  1.512329e-01, -3.216811e-02],
 [ 1.501761e-01,  2.051888e-01, -4.886002e-02, -2.498885e-02,  4.479925e-02],
 [ 4.845912e-02,  8.119995e-03, -7.004405e-03,  1.673878e-01,  2.539480e-02],
 [-1.295814e-01, -6.329327e-02,  2.181171e-02,  3.921866e-03,  8.128874e-02],
 [ 1.812532e-02, -1.204630e-01,  5.570386e-02,  6.313866e-02,  5.182798e-02],
 [ 2.340326e+00,  2.719298e+00, -6.764249e-01, -2.845448e+00, -3.262955e+00]]
energy_short: [-0.745285,  0.569133,  0.563758, -0.291176, -0.203692, -0.238318, -0.448089, -0.419504, -0.429939, -0.501855,  0.580467,  0.575768, -0.434911]
energy_long: [0.00164 , 0.073404, 0.071955, 0.222809, 0.125965, 0.165   , 0.164922, 0.193619, 0.244785, 0.221838, 0.07485 , 0.074375, 0.126608]