step=1822275, graph_id=0, num_atoms=13
scalar_charges: [ 1.122879, -3.353117, -3.353502,  1.062589,  1.033544,  1.04061 ,  1.077444,  1.06903 ,  1.069188,  1.08638 , -3.361085, -3.35773 ,  1.08404 ]
spherical_charges_l0: [[ 5.694925e-01],
 [-1.919091e-03],
 [ 2.348921e-04],
 [-1.622438e-02],
 [-1.351676e-02],
 [-1.195311e-02],
 [-3.717718e-03],
 [-1.196475e-02],
 [-1.344134e-02],
 [-2.103928e-02],
 [-2.097893e-03],
 [-2.063321e-03],
 [ 5.293875e-01]]
spherical_charges_l1: [[-1.604149e-03,  1.586341e+00,  9.237833e-01],
 [ 1.241980e-02,  2.490256e-02,  1.727861e-02],
 [-8.255553e-03,  1.976713e-02,  4.774686e-03],
 [-5.254197e-02,  1.788765e-01,  8.099385e-02],
 [ 5.539956e-02,  9.662258e-04,  4.006863e-02],
 [ 5.323597e-02,  2.813197e-02,  7.383849e-02],
 [ 8.774885e-03,  8.215853e-03,  4.318252e-02],
 [-2.215309e-02,  5.315481e-03,  8.648907e-02],
 [ 4.513300e-03,  3.930325e-02,  8.380213e-02],
 [ 6.617868e-02, -1.435409e-01,  9.904730e-02],
 [ 2.336120e-02, -1.486623e-02,  8.081618e-03],
 [ 7.492042e-03, -2.439109e-02,  1.221672e-02],
 [ 9.129029e-01, -1.264991e+00,  9.447798e-01]]
spherical_charges_l2: [[ 1.107719e+00, -8.972403e-01,  1.590926e+00,  6.185786e-01, -1.054396e+00],
 [-3.739616e-02,  3.169879e-03, -4.046795e-02, -2.327634e-03,  1.533983e-02],
 [-1.581171e-02,  3.479281e-02, -1.252424e-02,  4.084229e-03,  2.398294e-02],
 [ 8.620633e-03,  8.921044e-02, -1.249563e-03, -4.723130e-02,  5.649002e-02],
 [ 7.074478e-02,  7.771380e-02, -7.605802e-02, -2.727655e-02,  3.770796e-02],
 [ 7.605357e-02,  3.289136e-02, -2.833674e-02, -8.003252e-02,  1.931180e-02],
 [ 7.018877e-02, -1.976375e-03,  6.175411e-03,  2.682527e-02,  4.372251e-02],
 [ 2.141833e-02,  6.788108e-02, -3.708064e-02,  5.847250e-02, -1.355238e-02],
 [ 5.813946e-02,  8.094657e-02, -1.595875e-02, -9.282023e-03,  1.565904e-02],
 [ 1.080826e-02, -3.761721e-03, -3.091581e-04,  7.919010e-02,  2.350864e-02],
 [-4.029929e-02, -2.242952e-02,  7.805573e-03,  5.904521e-03,  2.960659e-02],
 [ 2.275152e-03, -3.892118e-02,  1.759030e-02,  2.285739e-02,  2.101344e-02],
 [ 1.015538e+00,  1.190746e+00, -2.972652e-01, -1.247976e+00, -1.423432e+00]]
energy_short: [-0.831531,  0.779174,  0.773938, -0.426146, -0.237824, -0.287392, -0.532452, -0.474691, -0.474819, -0.585799,  0.784855,  0.782791, -0.561048]
energy_long: [-0.013691,  0.066562,  0.065001,  0.210658,  0.12167 ,  0.161876,  0.168979,  0.201908,  0.240358,  0.211471,  0.069592,  0.069132,  0.112608]