step=724905, graph_id=0, num_atoms=13
scalar_charges: [  3.33874 , -12.007661, -12.007723,   3.251778,   3.222721,   3.234594,   3.297626,   3.287008,   3.289018,   3.303369, -12.034094, -12.022552,   3.292568]
spherical_charges_l0: [[ 1.968578e+00],
 [-2.264661e-04],
 [ 6.725009e-05],
 [-7.602446e-02],
 [-6.378232e-02],
 [-4.501494e-02],
 [-3.680815e-02],
 [-5.071622e-02],
 [-5.721642e-02],
 [-7.033200e-02],
 [-1.109559e-02],
 [-5.907419e-03],
 [ 1.847881e+00]]
spherical_charges_l1: [[ 6.004344e-02,  5.022587e+00,  2.868876e+00],
 [ 8.801337e-02,  5.564146e-02,  6.227670e-02],
 [-6.701536e-02,  8.845392e-02,  1.840302e-03],
 [-1.840490e-01,  5.705629e-01,  2.368139e-01],
 [ 1.104431e-01,  5.755739e-03,  7.323895e-02],
 [ 1.389379e-01,  5.509313e-02,  1.812193e-01],
 [ 2.437734e-02,  2.887527e-02,  1.328544e-01],
 [-6.619968e-02,  3.097834e-02,  2.297036e-01],
 [ 1.753824e-02,  9.264962e-02,  2.217203e-01],
 [ 1.838923e-01, -4.397533e-01,  2.977051e-01],
 [ 1.156554e-01, -3.701123e-02,  2.198851e-02],
 [-7.310709e-03, -9.617021e-02,  4.685608e-02],
 [ 2.889202e+00, -3.994525e+00,  2.864721e+00]]
spherical_charges_l2: [[ 2.996423e+00, -2.483217e+00,  4.309944e+00,  1.708047e+00, -2.892900e+00],
 [-1.621934e-01,  7.060970e-03, -1.683879e-01, -2.643769e-03,  5.263320e-02],
 [-5.399840e-02,  1.453055e-01, -3.237320e-02,  2.320958e-02,  8.785728e-02],
 [ 3.060877e-02,  2.325322e-01,  6.034157e-02, -1.273946e-01,  1.120387e-01],
 [ 2.283099e-01,  2.611391e-01, -2.532925e-01, -7.034700e-02,  1.017707e-01],
 [ 2.397528e-01,  9.618352e-02, -9.139629e-02, -2.731290e-01,  6.813871e-02],
 [ 2.306955e-01,  7.101526e-03,  1.824144e-02,  8.402270e-02,  1.485403e-01],
 [ 6.788992e-02,  2.262689e-01, -1.152951e-01,  1.974683e-01, -4.421193e-02],
 [ 1.840476e-01,  2.607243e-01, -5.612268e-02, -4.409371e-02,  5.758870e-02],
 [ 2.756050e-02, -1.347234e-02, -2.834233e-03,  2.064837e-01,  2.272676e-02],
 [-1.679945e-01, -9.120104e-02,  3.234475e-02,  1.082013e-02,  1.109727e-01],
 [ 1.674460e-02, -1.629303e-01,  7.485331e-02,  8.499068e-02,  7.421695e-02],
 [ 2.769618e+00,  3.232516e+00, -7.955850e-01, -3.418254e+00, -3.884817e+00]]
energy_short: [-0.770805,  0.53873 ,  0.533162, -0.303597, -0.215521, -0.252668, -0.469817, -0.437173, -0.447502, -0.515807,  0.549848,  0.544612, -0.457456]
energy_long: [-0.014632,  0.078766,  0.075701,  0.226209,  0.132618,  0.175039,  0.164306,  0.209035,  0.24246 ,  0.225373,  0.080004,  0.078552,  0.140277]