step=708885, graph_id=0, num_atoms=13
scalar_charges: [  3.623337, -12.53167 , -12.528819,   3.524104,   3.497308,   3.509172,   3.574265,   3.565096,   3.567367,   3.581563, -12.559458, -12.548284,   3.577735]
spherical_charges_l0: [[ 1.931672],
 [-0.00794 ],
 [-0.006422],
 [-0.079484],
 [-0.053824],
 [-0.033489],
 [-0.031402],
 [-0.041938],
 [-0.04712 ],
 [-0.07154 ],
 [-0.013999],
 [-0.010396],
 [ 1.825571]]
spherical_charges_l1: [[ 4.572996e-02,  4.800544e+00,  2.715432e+00],
 [ 1.121953e-01,  5.497841e-02,  7.820886e-02],
 [-8.535761e-02,  1.024854e-01,  3.224500e-03],
 [-1.659967e-01,  6.337395e-01,  2.860039e-01],
 [ 1.357392e-01,  4.355466e-03,  9.057083e-02],
 [ 1.487034e-01,  6.743920e-02,  1.809411e-01],
 [ 2.079456e-02,  2.316016e-02,  1.173934e-01],
 [-7.504604e-02,  2.137683e-02,  2.401713e-01],
 [ 2.412499e-02,  1.068843e-01,  2.402610e-01],
 [ 2.231748e-01, -4.743359e-01,  3.340128e-01],
 [ 1.392775e-01, -3.546734e-02,  2.208670e-02],
 [-1.871901e-02, -1.205450e-01,  5.847663e-02],
 [ 2.792862e+00, -3.863726e+00,  2.819036e+00]]
spherical_charges_l2: [[ 3.064818e+00, -2.471011e+00,  4.391717e+00,  1.687373e+00, -2.898818e+00],
 [-1.400525e-01,  3.096909e-03, -1.439963e-01, -2.224337e-03,  4.280046e-02],
 [-4.158307e-02,  1.257830e-01, -2.257142e-02,  2.014317e-02,  7.360535e-02],
 [ 5.472577e-02,  2.311666e-01,  4.576283e-02, -1.333158e-01,  1.226076e-01],
 [ 2.295508e-01,  2.563407e-01, -2.587601e-01, -8.330806e-02,  9.436762e-02],
 [ 2.301496e-01,  9.648505e-02, -8.890376e-02, -2.440271e-01,  6.701536e-02],
 [ 2.259838e-01,  3.222479e-03,  1.991670e-02,  8.323356e-02,  1.511477e-01],
 [ 7.119762e-02,  2.169413e-01, -1.115633e-01,  1.826998e-01, -3.827808e-02],
 [ 1.794536e-01,  2.476416e-01, -5.834043e-02, -3.299285e-02,  5.029997e-02],
 [ 5.346917e-02,  1.354448e-02, -1.760890e-02,  1.972705e-01,  2.269814e-02],
 [-1.441296e-01, -6.992328e-02,  2.403655e-02,  4.240781e-03,  9.029312e-02],
 [ 2.229282e-02, -1.371077e-01,  6.344990e-02,  7.283048e-02,  5.889686e-02],
 [ 2.789443e+00,  3.296931e+00, -8.377914e-01, -3.378094e+00, -3.883651e+00]]
energy_short: [-0.793997,  0.54541 ,  0.540044, -0.291379, -0.218948, -0.252777, -0.457281, -0.432496, -0.442862, -0.503475,  0.55654 ,  0.551615, -0.479651]
energy_long: [0.000328, 0.07769 , 0.074653, 0.22195 , 0.112261, 0.174016, 0.16113 , 0.204909, 0.222798, 0.222012, 0.078319, 0.077614, 0.135932]