step=2290860, graph_id=0, num_atoms=13
scalar_charges: [ 0.941415, -2.938144, -2.937462,  0.898151,  0.87674 ,  0.881686,  0.908104,  0.902338,  0.902458,  0.915951, -2.945955, -2.942803,  0.912688]
spherical_charges_l0: [[ 0.419283],
 [-0.000931],
 [ 0.000856],
 [-0.012123],
 [-0.009817],
 [-0.008796],
 [-0.003413],
 [-0.008776],
 [-0.009572],
 [-0.015457],
 [-0.000693],
 [-0.000884],
 [ 0.384295]]
spherical_charges_l1: [[-3.457449e-04,  1.188318e+00,  6.896379e-01],
 [ 8.204601e-03,  1.949791e-02,  1.296673e-02],
 [-4.971283e-03,  1.603737e-02,  4.645769e-03],
 [-4.349475e-02,  1.258437e-01,  5.352784e-02],
 [ 3.814050e-02,  2.651592e-03,  2.854396e-02],
 [ 3.959624e-02,  1.609632e-02,  5.120825e-02],
 [ 6.771866e-03,  6.423149e-03,  3.228843e-02],
 [-1.769865e-02,  6.221764e-03,  6.134865e-02],
 [ 4.252926e-03,  2.672007e-02,  6.093149e-02],
 [ 4.321329e-02, -1.023214e-01,  6.905673e-02],
 [ 1.792041e-02, -1.254484e-02,  6.758791e-03],
 [ 7.120468e-03, -1.923068e-02,  9.672142e-03],
 [ 6.781920e-01, -9.396188e-01,  7.008442e-01]]
spherical_charges_l2: [[ 8.586187e-01, -6.888028e-01,  1.224204e+00,  4.662161e-01, -8.109868e-01],
 [-3.271499e-02,  1.530852e-03, -3.588683e-02, -2.811385e-03,  1.291728e-02],
 [-1.369015e-02,  3.125146e-02, -1.163887e-02,  2.558964e-03,  2.192466e-02],
 [ 5.035131e-03,  6.452343e-02,  5.013293e-04, -3.313468e-02,  3.899045e-02],
 [ 5.707975e-02,  6.134481e-02, -6.058444e-02, -2.213240e-02,  2.720320e-02],
 [ 5.989259e-02,  2.777491e-02, -2.302908e-02, -6.056749e-02,  1.870224e-02],
 [ 5.387642e-02,  1.281872e-03,  4.082644e-03,  2.013960e-02,  3.378963e-02],
 [ 1.841799e-02,  5.424166e-02, -2.638367e-02,  4.509062e-02, -8.386911e-03],
 [ 4.639592e-02,  6.273242e-02, -1.488697e-02, -5.585811e-03,  1.242792e-02],
 [ 6.543253e-03, -4.185232e-03,  4.364217e-04,  5.813216e-02,  1.729313e-02],
 [-3.522399e-02, -1.976793e-02,  6.864710e-03,  5.658531e-03,  2.633016e-02],
 [ 1.875900e-03, -3.459212e-02,  1.560928e-02,  2.055065e-02,  1.896843e-02],
 [ 7.775601e-01,  9.138250e-01, -2.289790e-01, -9.470426e-01, -1.082850e+00]]
energy_short: [-0.850424,  0.860596,  0.85677 , -0.461988, -0.271865, -0.320421, -0.564691, -0.508018, -0.507873, -0.622804,  0.867386,  0.864779, -0.581332]
energy_long: [-0.023214,  0.059219,  0.057733,  0.196414,  0.103408,  0.149223,  0.159653,  0.186734,  0.218525,  0.198261,  0.063204,  0.062322,  0.100615]