step=468585, graph_id=0, num_atoms=13
scalar_charges: [  4.938745, -19.867617, -19.843187,   5.091812,   5.071353,   5.081012,   5.120389,   5.116986,   5.117381,   5.117818, -19.916481, -19.888176,   5.110854]
spherical_charges_l0: [[ 2.918213],
 [ 0.015848],
 [ 0.009843],
 [-0.119493],
 [-0.085559],
 [-0.057123],
 [-0.063771],
 [-0.06871 ],
 [-0.075677],
 [-0.110624],
 [ 0.005289],
 [ 0.010536],
 [ 2.725908]]
spherical_charges_l1: [[ 6.205168e-02,  6.171068e+00,  3.597037e+00],
 [ 1.483888e-01,  6.988777e-02,  1.027194e-01],
 [-1.205023e-01,  1.556305e-01,  1.126624e-02],
 [-2.454897e-01,  7.643358e-01,  2.685220e-01],
 [ 1.328373e-01, -4.728987e-04,  6.345068e-02],
 [ 1.588948e-01,  9.065467e-02,  2.043718e-01],
 [ 2.926452e-02,  2.531225e-02,  1.566529e-01],
 [-8.289926e-02,  1.994863e-02,  3.032308e-01],
 [ 2.293742e-02,  1.268109e-01,  2.728272e-01],
 [ 2.348585e-01, -6.048934e-01,  3.619056e-01],
 [ 2.067161e-01, -5.331820e-02,  3.309288e-02],
 [-3.111780e-02, -1.780114e-01,  8.622798e-02],
 [ 3.523945e+00, -4.872858e+00,  3.544072e+00]]
spherical_charges_l2: [[ 3.720674e+00, -3.036122e+00,  5.262619e+00,  1.998009e+00, -3.532344e+00],
 [-2.282883e-01, -1.972486e-02, -2.391828e-01, -2.009928e-03,  5.440871e-02],
 [-5.654645e-02,  2.123020e-01, -1.367370e-02,  4.000288e-02,  1.176145e-01],
 [ 2.026289e-01,  3.368079e-01,  2.141540e-01, -1.383199e-01,  1.591940e-01],
 [ 2.962869e-01,  3.332571e-01, -3.051598e-01, -9.636392e-02,  1.336257e-01],
 [ 2.675421e-01,  8.421344e-02, -6.934299e-02, -3.235310e-01,  9.078085e-02],
 [ 3.091693e-01,  2.753214e-03,  2.255223e-02,  1.097670e-01,  1.832250e-01],
 [ 5.760457e-02,  2.500263e-01, -1.491626e-01,  2.565823e-01, -4.581011e-02],
 [ 2.106458e-01,  3.032204e-01, -6.081367e-02, -6.151654e-02,  8.318110e-02],
 [ 1.767621e-01,  9.712139e-02, -2.112169e-02,  2.432452e-01, -3.152973e-02],
 [-2.356003e-01, -9.746545e-02,  3.212225e-02, -8.936132e-03,  1.326097e-01],
 [ 5.359013e-02, -2.193554e-01,  1.029006e-01,  1.144656e-01,  8.202563e-02],
 [ 3.340373e+00,  3.964148e+00, -1.002308e+00, -4.065241e+00, -4.649010e+00]]
energy_short: [-0.881284,  0.468732,  0.459509, -0.235167, -0.161838, -0.194036, -0.406498, -0.376998, -0.389659, -0.45886 ,  0.480948,  0.473049, -0.562613]
energy_long: [0.029963, 0.076692, 0.072371, 0.232606, 0.134259, 0.164014, 0.150433, 0.19487 , 0.244039, 0.234539, 0.077355, 0.075332, 0.142243]