step=2242800, graph_id=0, num_atoms=13
scalar_charges: [ 0.977334, -2.901455, -2.900785,  0.926453,  0.902808,  0.90825 ,  0.937405,  0.931021,  0.931289,  0.945989, -2.90853 , -2.906122,  0.944538]
spherical_charges_l0: [[ 0.444004],
 [-0.000999],
 [ 0.000684],
 [-0.015087],
 [-0.012061],
 [-0.010452],
 [-0.003674],
 [-0.010208],
 [-0.01143 ],
 [-0.018949],
 [-0.001132],
 [-0.001287],
 [ 0.412243]]
spherical_charges_l1: [[-9.599709e-04,  1.215894e+00,  7.076111e-01],
 [ 1.295439e-02,  1.998403e-02,  1.523139e-02],
 [-7.929633e-03,  1.823483e-02,  4.160049e-03],
 [-4.585544e-02,  1.325622e-01,  5.617087e-02],
 [ 4.009162e-02,  3.257920e-03,  2.975582e-02],
 [ 4.199478e-02,  1.671631e-02,  5.463492e-02],
 [ 7.310627e-03,  7.009712e-03,  3.434651e-02],
 [-1.842260e-02,  6.682794e-03,  6.460132e-02],
 [ 4.527560e-03,  2.779737e-02,  6.425983e-02],
 [ 4.590700e-02, -1.089033e-01,  7.418414e-02],
 [ 2.142062e-02, -1.277037e-02,  6.987657e-03],
 [ 5.485340e-03, -2.184925e-02,  1.090083e-02],
 [ 7.027683e-01, -9.702049e-01,  7.269886e-01]]
spherical_charges_l2: [[ 8.886502e-01, -7.093939e-01,  1.266205e+00,  4.895641e-01, -8.305870e-01],
 [-3.419595e-02,  3.210797e-03, -3.614764e-02, -1.184765e-03,  1.370220e-02],
 [-1.495623e-02,  3.268038e-02, -1.158781e-02,  4.325454e-03,  2.228545e-02],
 [ 6.510735e-03,  6.581180e-02,  1.442582e-03, -3.139726e-02,  4.071928e-02],
 [ 5.542683e-02,  6.161432e-02, -6.413209e-02, -2.258348e-02,  2.735902e-02],
 [ 5.983964e-02,  2.726162e-02, -2.478130e-02, -6.200647e-02,  1.551444e-02],
 [ 5.406559e-02, -1.945050e-03,  4.554037e-03,  2.066047e-02,  3.330880e-02],
 [ 1.738845e-02,  5.386684e-02, -2.845695e-02,  4.476283e-02, -1.146600e-02],
 [ 4.659399e-02,  6.361388e-02, -1.361280e-02, -7.471658e-03,  1.048100e-02],
 [ 8.552911e-03, -3.497935e-03,  1.205564e-03,  5.858944e-02,  1.770926e-02],
 [-3.662457e-02, -2.196414e-02,  7.871526e-03,  5.296384e-03,  2.692306e-02],
 [ 1.310784e-03, -3.680545e-02,  1.666232e-02,  2.037771e-02,  1.925329e-02],
 [ 8.107941e-01,  9.500161e-01, -2.356352e-01, -9.858066e-01, -1.121764e+00]]
energy_short: [-0.874597,  0.863149,  0.858395, -0.471188, -0.275296, -0.324502, -0.569997, -0.512958, -0.513217, -0.631034,  0.867322,  0.865554, -0.603333]
energy_long: [-0.041503,  0.06037 ,  0.060008,  0.201392,  0.10599 ,  0.152533,  0.155609,  0.187352,  0.220056,  0.201972,  0.065004,  0.064574,  0.094637]