step=3540420, graph_id=0, num_atoms=13
scalar_charges: [ 0.843282, -2.615453, -2.61157 ,  0.805412,  0.787624,  0.792008,  0.814207,  0.809489,  0.809579,  0.819951, -2.628016, -2.623963,  0.820688]
spherical_charges_l0: [[ 3.089551e-01],
 [-3.214521e-04],
 [ 8.944031e-04],
 [-9.379801e-03],
 [-7.572282e-03],
 [-7.019308e-03],
 [-2.305330e-03],
 [-6.597328e-03],
 [-7.297352e-03],
 [-1.247599e-02],
 [-2.076620e-04],
 [-3.065397e-04],
 [ 2.872066e-01]]
spherical_charges_l1: [[-0.003794,  0.903997,  0.525862],
 [ 0.008938,  0.013252,  0.010219],
 [-0.00588 ,  0.012082,  0.002389],
 [-0.032787,  0.101032,  0.044028],
 [ 0.032832,  0.002422,  0.024666],
 [ 0.032391,  0.012351,  0.040472],
 [ 0.005612,  0.005425,  0.026199],
 [-0.01407 ,  0.004927,  0.049983],
 [ 0.00382 ,  0.021588,  0.049773],
 [ 0.035272, -0.082224,  0.05418 ],
 [ 0.01573 , -0.006905,  0.003917],
 [ 0.001842, -0.015589,  0.007707],
 [ 0.517876, -0.714019,  0.540089]]
spherical_charges_l2: [[ 6.483072e-01, -5.222051e-01,  9.333164e-01,  3.668489e-01, -6.165099e-01],
 [-2.492288e-02,  1.005093e-03, -2.707206e-02, -1.585529e-03,  9.207035e-03],
 [-1.030690e-02,  2.374862e-02, -7.958614e-03,  2.368019e-03,  1.609307e-02],
 [ 6.583878e-03,  4.983621e-02,  1.157245e-03, -2.608106e-02,  3.124914e-02],
 [ 4.412965e-02,  4.838768e-02, -5.052377e-02, -1.705080e-02,  2.066610e-02],
 [ 4.619287e-02,  2.193364e-02, -1.753175e-02, -4.901110e-02,  1.504917e-02],
 [ 4.258984e-02,  8.050516e-04,  2.773078e-03,  1.551973e-02,  2.532104e-02],
 [ 1.315881e-02,  4.258737e-02, -2.066951e-02,  3.622640e-02, -7.280979e-03],
 [ 3.586449e-02,  4.941738e-02, -1.191253e-02, -6.080205e-03,  9.210807e-03],
 [ 6.305358e-03, -1.393714e-03, -2.228282e-05,  4.587496e-02,  1.362902e-02],
 [-2.781992e-02, -1.527919e-02,  5.304597e-03,  3.775429e-03,  2.015823e-02],
 [ 1.724402e-03, -2.725142e-02,  1.234833e-02,  1.569049e-02,  1.435158e-02],
 [ 5.957521e-01,  6.953762e-01, -1.696026e-01, -7.339507e-01, -8.304100e-01]]
energy_short: [-0.903869,  0.880688,  0.876308, -0.478807, -0.286832, -0.334277, -0.576292, -0.522368, -0.522717, -0.635119,  0.886538,  0.883747, -0.638752]
energy_long: [-0.027925,  0.064804,  0.064701,  0.198967,  0.100522,  0.148217,  0.159257,  0.185086,  0.219607,  0.201855,  0.070022,  0.069765,  0.091503]