step=1529910, graph_id=0, num_atoms=13
scalar_charges: [ 1.281157, -3.917708, -3.917883,  1.219129,  1.192453,  1.199478,  1.237142,  1.229414,  1.230267,  1.245075, -3.914886, -3.917206,  1.241665]
spherical_charges_l0: [[ 7.549124e-01],
 [-2.177502e-04],
 [ 1.756871e-03],
 [-1.999579e-02],
 [-1.724654e-02],
 [-1.427366e-02],
 [-7.825588e-03],
 [-1.599221e-02],
 [-1.730028e-02],
 [-2.374128e-02],
 [-1.501014e-03],
 [-1.134594e-03],
 [ 6.902461e-01]]
spherical_charges_l1: [[ 0.027599,  2.094376,  1.206898],
 [ 0.01461 ,  0.03359 ,  0.022108],
 [-0.01198 ,  0.026282,  0.006057],
 [-0.072484,  0.21834 ,  0.099667],
 [ 0.066007,  0.003111,  0.049358],
 [ 0.071119,  0.030853,  0.09117 ],
 [ 0.00899 ,  0.010144,  0.048574],
 [-0.034023,  0.010021,  0.110873],
 [ 0.009921,  0.048835,  0.11039 ],
 [ 0.076268, -0.174402,  0.123367],
 [ 0.032179, -0.019367,  0.010589],
 [ 0.008792, -0.032226,  0.016103],
 [ 1.195878, -1.648031,  1.218284]]
spherical_charges_l2: [[ 1.416762e+00, -1.186785e+00,  2.076749e+00,  8.251508e-01, -1.383552e+00],
 [-4.275087e-02,  6.540508e-04, -4.848725e-02, -4.870546e-03,  1.749935e-02],
 [-1.818240e-02,  3.859263e-02, -1.446156e-02,  4.750485e-03,  2.690293e-02],
 [ 5.999347e-03,  1.108076e-01, -6.632954e-03, -6.043569e-02,  6.893767e-02],
 [ 9.195627e-02,  1.005487e-01, -1.035047e-01, -3.437392e-02,  4.314670e-02],
 [ 9.418558e-02,  4.161621e-02, -3.936427e-02, -1.014699e-01,  2.750638e-02],
 [ 8.970617e-02, -1.567319e-03,  7.277027e-03,  3.401120e-02,  5.612442e-02],
 [ 2.820063e-02,  8.859168e-02, -4.285008e-02,  7.408768e-02, -1.612317e-02],
 [ 7.572914e-02,  1.029836e-01, -2.482659e-02, -1.270023e-02,  1.888039e-02],
 [ 8.090710e-03, -1.044626e-02, -2.910267e-04,  9.903546e-02,  3.091579e-02],
 [-4.511140e-02, -2.648571e-02,  9.333165e-03,  7.708731e-03,  3.419353e-02],
 [ 1.364460e-03, -4.416849e-02,  1.987829e-02,  2.597254e-02,  2.457942e-02],
 [ 1.295331e+00,  1.520170e+00, -3.774377e-01, -1.621620e+00, -1.845230e+00]]
energy_short: [-0.798202,  0.709104,  0.703792, -0.380916, -0.225758, -0.270805, -0.503294, -0.45688 , -0.46139 , -0.559696,  0.717539,  0.714042, -0.513689]
energy_long: [-0.030283,  0.063902,  0.062005,  0.204858,  0.109963,  0.149599,  0.157439,  0.185511,  0.224031,  0.205621,  0.066886,  0.066314,  0.110453]