step=664830, graph_id=0, num_atoms=13
scalar_charges: [  3.468547, -13.326066, -13.321316,   3.436735,   3.4155  ,   3.424647,   3.471981,   3.464149,   3.465321,   3.47212 , -13.354233, -13.340974,   3.47231 ]
spherical_charges_l0: [[ 1.838625],
 [-0.004054],
 [-0.003444],
 [-0.070747],
 [-0.045781],
 [-0.028953],
 [-0.024225],
 [-0.037149],
 [-0.039606],
 [-0.066459],
 [-0.012646],
 [-0.00781 ],
 [ 1.74449 ]]
spherical_charges_l1: [[ 2.050399e-02,  4.707265e+00,  2.679055e+00],
 [ 1.247291e-01,  5.691417e-02,  8.309670e-02],
 [-9.238829e-02,  1.071367e-01, -8.829748e-04],
 [-1.841746e-01,  5.322499e-01,  2.415594e-01],
 [ 1.299106e-01,  1.508379e-02,  6.804918e-02],
 [ 1.387453e-01,  6.218011e-02,  1.850711e-01],
 [ 2.928297e-02,  2.590423e-02,  1.396651e-01],
 [-6.354495e-02,  2.073378e-02,  2.362544e-01],
 [ 1.368857e-02,  1.011342e-01,  2.313455e-01],
 [ 1.864812e-01, -4.292634e-01,  3.147523e-01],
 [ 1.481104e-01, -3.488137e-02,  2.206441e-02],
 [-2.166300e-02, -1.236891e-01,  5.988825e-02],
 [ 2.752295e+00, -3.804749e+00,  2.791177e+00]]
spherical_charges_l2: [[ 2.938739e+00, -2.392170e+00,  4.067486e+00,  1.516072e+00, -2.700530e+00],
 [-1.892761e-01,  1.643873e-02, -1.845323e-01,  9.500284e-03,  6.006466e-02],
 [-6.950455e-02,  1.661938e-01, -3.409180e-02,  3.796474e-02,  9.704502e-02],
 [ 6.854309e-02,  2.528726e-01,  6.814358e-02, -1.185091e-01,  1.175103e-01],
 [ 2.138857e-01,  2.539265e-01, -2.571751e-01, -6.743317e-02,  9.375563e-02],
 [ 2.252539e-01,  7.861610e-02, -7.399795e-02, -2.589681e-01,  5.897570e-02],
 [ 2.279219e-01, -5.302188e-03,  1.987774e-02,  8.290415e-02,  1.404658e-01],
 [ 5.606982e-02,  2.039546e-01, -1.172110e-01,  1.921596e-01, -4.218640e-02],
 [ 1.705893e-01,  2.402710e-01, -4.720496e-02, -4.737652e-02,  5.619858e-02],
 [ 6.090640e-02,  3.840724e-03, -9.086549e-03,  2.048704e-01,  1.518901e-02],
 [-1.833060e-01, -1.116008e-01,  4.192887e-02,  1.245639e-03,  1.122743e-01],
 [ 1.280025e-02, -1.888917e-01,  8.736940e-02,  8.352416e-02,  7.647268e-02],
 [ 2.643337e+00,  3.171096e+00, -8.058883e-01, -3.157594e+00, -3.609450e+00]]
energy_short: [-0.770476,  0.548491,  0.541718, -0.26953 , -0.195949, -0.229215, -0.439123, -0.411673, -0.423515, -0.487278,  0.560078,  0.554205, -0.461219]
energy_long: [0.006903, 0.076611, 0.073514, 0.222925, 0.116129, 0.161213, 0.161693, 0.194526, 0.23718 , 0.222196, 0.078758, 0.076433, 0.140678]