step=296370, graph_id=0, num_atoms=13
scalar_charges: [  6.70716 , -27.246994, -27.215704,   6.857381,   6.868305,   6.864625,   6.863389,   6.867274,   6.865148,   6.843964, -27.3107  , -27.274733,   6.857189]
spherical_charges_l0: [[ 3.66836 ],
 [ 0.056281],
 [ 0.029986],
 [-0.165442],
 [-0.117582],
 [-0.097172],
 [-0.102212],
 [-0.111758],
 [-0.114974],
 [-0.147419],
 [ 0.023549],
 [ 0.03328 ],
 [ 3.535243]]
spherical_charges_l1: [[ 5.628706e-04,  6.356815e+00,  3.628758e+00],
 [ 2.841108e-01,  1.471398e-01,  2.015380e-01],
 [-1.934640e-01,  3.117244e-01,  3.835813e-02],
 [-2.247257e-01,  7.387334e-01,  2.691503e-01],
 [ 1.610724e-01, -8.913552e-04,  9.871099e-02],
 [ 1.673374e-01,  8.850709e-02,  2.020998e-01],
 [ 2.775781e-02,  2.119014e-02,  1.625022e-01],
 [-1.072689e-01,  3.685127e-02,  2.977614e-01],
 [ 3.897293e-02,  1.177573e-01,  2.847298e-01],
 [ 2.088909e-01, -5.841209e-01,  3.326692e-01],
 [ 3.820491e-01, -1.069881e-01,  6.523674e-02],
 [-4.379057e-02, -3.403770e-01,  1.653500e-01],
 [ 3.648160e+00, -5.106456e+00,  3.739921e+00]]
spherical_charges_l2: [[ 3.935536, -3.411396,  5.812315,  2.353029, -3.899473],
 [-0.326378, -0.076329, -0.370425, -0.03784 ,  0.063064],
 [-0.046926,  0.346457, -0.006727,  0.03316 ,  0.190833],
 [ 0.253177,  0.292339,  0.303829, -0.169772,  0.129842],
 [ 0.356282,  0.36421 , -0.337116, -0.121821,  0.133227],
 [ 0.296302,  0.105231, -0.096767, -0.319444,  0.111295],
 [ 0.315189,  0.024625,  0.031286,  0.116573,  0.215857],
 [ 0.09825 ,  0.286069, -0.148151,  0.258061, -0.023463],
 [ 0.244206,  0.329252, -0.080188, -0.032862,  0.087431],
 [ 0.231962,  0.179408, -0.052965,  0.236699, -0.100275],
 [-0.37896 , -0.104929,  0.025983, -0.009417,  0.215104],
 [ 0.125772, -0.316617,  0.149079,  0.204654,  0.1256  ],
 [ 3.57229 ,  4.167762, -1.007003, -4.540733, -5.111301]]
energy_short: [-0.723498,  0.378568,  0.369293, -0.219448, -0.153884, -0.183879, -0.390548, -0.368568, -0.382603, -0.456095,  0.393223,  0.383766, -0.40002 ]
energy_long: [0.024619, 0.071673, 0.066573, 0.216362, 0.095201, 0.136   , 0.132297, 0.176382, 0.227855, 0.216641, 0.072071, 0.069573, 0.127077]