step=2695365, graph_id=0, num_atoms=13
scalar_charges: [ 0.885079, -2.6808  , -2.678533,  0.834287,  0.811373,  0.816805,  0.845308,  0.839195,  0.839443,  0.85341 , -2.689706, -2.686279,  0.854423]
spherical_charges_l0: [[ 3.580419e-01],
 [-2.119710e-04],
 [ 1.120190e-03],
 [-1.118045e-02],
 [-9.205942e-03],
 [-8.205932e-03],
 [-2.773415e-03],
 [-7.813143e-03],
 [-8.793258e-03],
 [-1.458317e-02],
 [ 4.521995e-05],
 [-8.054091e-05],
 [ 3.313384e-01]]
spherical_charges_l1: [[-0.001804,  1.01223 ,  0.592573],
 [ 0.007533,  0.015048,  0.010466],
 [-0.004953,  0.013069,  0.003317],
 [-0.03706 ,  0.111514,  0.047294],
 [ 0.032667,  0.002868,  0.023803],
 [ 0.033971,  0.013488,  0.044113],
 [ 0.006038,  0.005549,  0.028272],
 [-0.01481 ,  0.005476,  0.053178],
 [ 0.003499,  0.022747,  0.052418],
 [ 0.038772, -0.091255,  0.060149],
 [ 0.015327, -0.00874 ,  0.004804],
 [ 0.004111, -0.015755,  0.007865],
 [ 0.580418, -0.801398,  0.603777]]
spherical_charges_l2: [[ 7.252096e-01, -5.881174e-01,  1.046363e+00,  4.150244e-01, -6.917481e-01],
 [-2.810666e-02,  1.978824e-03, -3.031658e-02, -1.617650e-03,  1.099524e-02],
 [-1.207581e-02,  2.686936e-02, -9.498408e-03,  2.898689e-03,  1.839358e-02],
 [ 6.140594e-03,  5.725113e-02, -8.585216e-04, -2.936492e-02,  3.641688e-02],
 [ 4.780887e-02,  5.313013e-02, -5.542532e-02, -1.901001e-02,  2.383176e-02],
 [ 5.136281e-02,  2.395425e-02, -2.045055e-02, -5.379546e-02,  1.448305e-02],
 [ 4.650332e-02, -5.710444e-04,  3.839478e-03,  1.770035e-02,  2.882424e-02],
 [ 1.484098e-02,  4.672162e-02, -2.367104e-02,  3.894428e-02, -8.964793e-03],
 [ 3.996228e-02,  5.469337e-02, -1.230437e-02, -6.514076e-03,  9.391539e-03],
 [ 6.293542e-03, -2.710829e-03,  1.748169e-04,  5.214843e-02,  1.684724e-02],
 [-3.082977e-02, -1.715505e-02,  5.975014e-03,  4.379151e-03,  2.252571e-02],
 [ 1.672663e-03, -3.035310e-02,  1.374136e-02,  1.741007e-02,  1.607143e-02],
 [ 6.686356e-01,  7.783130e-01, -1.895624e-01, -8.271031e-01, -9.347205e-01]]
energy_short: [-0.896244,  0.87229 ,  0.868591, -0.475544, -0.284552, -0.331676, -0.572381, -0.518487, -0.519432, -0.632144,  0.880684,  0.87733 , -0.632542]
energy_long: [-0.028235,  0.066057,  0.065442,  0.19806 ,  0.101852,  0.153499,  0.160666,  0.187615,  0.218133,  0.201401,  0.070692,  0.070144,  0.094193]