step=1309635, graph_id=0, num_atoms=13
scalar_charges: [ 1.553106, -4.874252, -4.873638,  1.48793 ,  1.462335,  1.469525,  1.509533,  1.501681,  1.502835,  1.515541, -4.870833, -4.873648,  1.516363]
spherical_charges_l0: [[ 0.896027],
 [-0.002942],
 [ 0.001099],
 [-0.028906],
 [-0.017482],
 [-0.014621],
 [-0.009545],
 [-0.017551],
 [-0.018189],
 [-0.033751],
 [-0.003667],
 [-0.003345],
 [ 0.832622]]
spherical_charges_l1: [[ 3.066090e-03,  2.410044e+00,  1.404069e+00],
 [ 1.988035e-02,  4.408775e-02,  3.064393e-02],
 [-1.760564e-02,  3.671647e-02,  8.918943e-03],
 [-8.818699e-02,  2.941507e-01,  1.374225e-01],
 [ 7.581016e-02,  1.487552e-03,  5.075799e-02],
 [ 7.960577e-02,  4.028923e-02,  1.079796e-01],
 [ 1.206693e-02,  1.143177e-02,  6.138013e-02],
 [-3.708755e-02,  9.349965e-03,  1.328132e-01],
 [ 9.160209e-03,  5.978960e-02,  1.298351e-01],
 [ 1.066102e-01, -2.287638e-01,  1.629263e-01],
 [ 3.857472e-02, -2.869387e-02,  1.539007e-02],
 [ 1.462273e-02, -4.084403e-02,  2.053815e-02],
 [ 1.395808e+00, -1.928407e+00,  1.441781e+00]]
spherical_charges_l2: [[ 1.592073e+00, -1.276009e+00,  2.246121e+00,  8.488797e-01, -1.479108e+00],
 [-5.973902e-02,  7.832000e-03, -6.490646e-02, -3.873290e-03,  2.696848e-02],
 [-2.692375e-02,  5.198487e-02, -2.146124e-02,  7.810885e-03,  3.638739e-02],
 [ 1.876364e-02,  1.261065e-01,  4.758075e-03, -6.228049e-02,  7.087963e-02],
 [ 9.640712e-02,  1.065994e-01, -1.064113e-01, -3.472735e-02,  4.749182e-02],
 [ 1.025684e-01,  4.260127e-02, -3.662843e-02, -1.157976e-01,  2.388121e-02],
 [ 1.053703e-01, -3.178144e-03,  7.787140e-03,  3.909395e-02,  6.400827e-02],
 [ 2.624202e-02,  9.705474e-02, -5.535832e-02,  8.484229e-02, -1.978312e-02],
 [ 8.043305e-02,  1.152153e-01, -2.205124e-02, -1.580511e-02,  2.475894e-02],
 [ 2.019367e-02, -2.950625e-03, -2.138000e-03,  1.049425e-01,  2.735686e-02],
 [-6.132369e-02, -3.978446e-02,  1.446085e-02,  1.164623e-02,  4.771417e-02],
 [-8.566111e-04, -6.237270e-02,  2.797204e-02,  3.534636e-02,  3.513328e-02],
 [ 1.442482e+00,  1.703308e+00, -4.320207e-01, -1.744570e+00, -2.008920e+00]]
energy_short: [-0.808231,  0.664597,  0.659134, -0.358828, -0.230316, -0.272112, -0.497849, -0.457556, -0.463871, -0.54908 ,  0.671561,  0.669025, -0.513904]
energy_long: [-0.006543,  0.07118 ,  0.068934,  0.201547,  0.10933 ,  0.156321,  0.160722,  0.186971,  0.229053,  0.199837,  0.072591,  0.072358,  0.109751]