step=2086605, graph_id=0, num_atoms=13
scalar_charges: [ 1.010308, -3.120577, -3.120421,  0.959012,  0.932957,  0.939155,  0.970225,  0.96314 ,  0.963188,  0.979386, -3.129207, -3.126059,  0.976101]
spherical_charges_l0: [[ 0.468125],
 [-0.001083],
 [ 0.000489],
 [-0.013251],
 [-0.011218],
 [-0.009454],
 [-0.003422],
 [-0.009649],
 [-0.010789],
 [-0.01759 ],
 [-0.00128 ],
 [-0.001372],
 [ 0.435689]]
spherical_charges_l1: [[-1.182731e-03,  1.325114e+00,  7.611969e-01],
 [ 1.287731e-02,  1.705756e-02,  1.362146e-02],
 [-8.179449e-03,  1.602810e-02,  2.730229e-03],
 [-4.844004e-02,  1.490691e-01,  6.269750e-02],
 [ 4.504849e-02,  1.901504e-03,  3.442954e-02],
 [ 4.558907e-02,  1.997826e-02,  5.896324e-02],
 [ 7.903859e-03,  7.800277e-03,  3.756333e-02],
 [-1.997085e-02,  6.420219e-03,  6.951331e-02],
 [ 4.907063e-03,  3.100998e-02,  6.906325e-02],
 [ 5.193197e-02, -1.200229e-01,  7.987694e-02],
 [ 2.232427e-02, -9.997861e-03,  5.656655e-03],
 [ 2.802515e-03, -2.099610e-02,  1.039051e-02],
 [ 7.628886e-01, -1.058588e+00,  7.890165e-01]]
spherical_charges_l2: [[ 9.262929e-01, -7.470421e-01,  1.335945e+00,  5.205013e-01, -8.834211e-01],
 [-3.021293e-02,  1.424800e-03, -3.270555e-02, -2.243597e-03,  1.187737e-02],
 [-1.213619e-02,  2.801919e-02, -1.000935e-02,  2.992615e-03,  1.930137e-02],
 [ 1.563170e-03,  7.803039e-02, -4.862206e-03, -3.881035e-02,  4.786370e-02],
 [ 6.188995e-02,  6.786255e-02, -6.935725e-02, -2.354803e-02,  2.945480e-02],
 [ 6.473900e-02,  2.708543e-02, -2.533545e-02, -6.808536e-02,  1.918361e-02],
 [ 5.842020e-02, -2.155217e-03,  4.645873e-03,  2.166612e-02,  3.482856e-02],
 [ 1.804614e-02,  5.688147e-02, -2.899409e-02,  4.995464e-02, -1.197767e-02],
 [ 5.050106e-02,  6.729670e-02, -1.545944e-02, -9.035364e-03,  1.242280e-02],
 [ 5.864300e-03, -6.195945e-03,  6.266311e-04,  6.894405e-02,  2.102071e-02],
 [-3.305311e-02, -1.882393e-02,  6.601211e-03,  4.993289e-03,  2.443725e-02],
 [ 1.714103e-03, -3.223107e-02,  1.456813e-02,  1.872896e-02,  1.732207e-02],
 [ 8.521231e-01,  9.962474e-01, -2.468864e-01, -1.044369e+00, -1.188614e+00]]
energy_short: [-0.853137,  0.829493,  0.824678, -0.465016, -0.262831, -0.315202, -0.562456, -0.503422, -0.502345, -0.622812,  0.835569,  0.833134, -0.582421]
energy_long: [-0.026793,  0.061078,  0.060424,  0.203453,  0.110304,  0.15621 ,  0.156083,  0.192733,  0.226469,  0.204236,  0.065521,  0.064294,  0.103169]