step=2859570, graph_id=0, num_atoms=13
scalar_charges: [ 0.869096, -2.599785, -2.596399,  0.821691,  0.800988,  0.806151,  0.832555,  0.82688 ,  0.827117,  0.839498, -2.60821 , -2.605206,  0.840719]
spherical_charges_l0: [[ 0.332926],
 [-0.001005],
 [ 0.000466],
 [-0.011287],
 [-0.008453],
 [-0.008011],
 [-0.002252],
 [-0.007417],
 [-0.008077],
 [-0.014431],
 [-0.000817],
 [-0.00093 ],
 [ 0.307177]]
spherical_charges_l1: [[-0.006521,  0.956005,  0.557277],
 [ 0.009097,  0.015215,  0.0114  ],
 [-0.005265,  0.013616,  0.003517],
 [-0.035293,  0.107807,  0.046603],
 [ 0.034444,  0.002493,  0.025839],
 [ 0.035086,  0.013795,  0.044876],
 [ 0.005568,  0.005151,  0.026956],
 [-0.015543,  0.005432,  0.054123],
 [ 0.004154,  0.023207,  0.053836],
 [ 0.037939, -0.088024,  0.058411],
 [ 0.016458, -0.009031,  0.004987],
 [ 0.003755, -0.016727,  0.008331],
 [ 0.545863, -0.755356,  0.570757]]
spherical_charges_l2: [[ 6.971863e-01, -5.592958e-01,  9.946157e-01,  3.857594e-01, -6.555558e-01],
 [-2.611989e-02,  1.143873e-03, -2.864393e-02, -2.086550e-03,  1.007444e-02],
 [-1.016909e-02,  2.537622e-02, -8.494093e-03,  2.040920e-03,  1.730374e-02],
 [ 5.354988e-03,  5.488157e-02, -2.040458e-03, -2.774500e-02,  3.411728e-02],
 [ 4.664516e-02,  5.254191e-02, -5.573214e-02, -1.875587e-02,  2.301182e-02],
 [ 5.075864e-02,  2.373392e-02, -2.117940e-02, -5.357426e-02,  1.312152e-02],
 [ 4.454128e-02, -1.462882e-03,  3.736683e-03,  1.693354e-02,  2.749944e-02],
 [ 1.446002e-02,  4.526348e-02, -2.352933e-02,  3.740058e-02, -9.836831e-03],
 [ 3.885372e-02,  5.332448e-02, -1.149164e-02, -6.948596e-03,  8.130018e-03],
 [ 5.505550e-03, -3.434527e-03,  1.411343e-04,  4.968385e-02,  1.647002e-02],
 [-2.867294e-02, -1.543251e-02,  5.286183e-03,  4.325996e-03,  2.114791e-02],
 [ 2.080592e-03, -2.797934e-02,  1.265206e-02,  1.676837e-02,  1.514690e-02],
 [ 6.370365e-01,  7.469953e-01, -1.837892e-01, -7.777529e-01, -8.820781e-01]]
energy_short: [-0.898021,  0.875316,  0.871219, -0.474769, -0.285699, -0.334245, -0.577648, -0.522425, -0.523097, -0.633932,  0.881423,  0.878916, -0.633123]
energy_long: [-0.025413,  0.069001,  0.068724,  0.200926,  0.109224,  0.150513,  0.158944,  0.185518,  0.221635,  0.203418,  0.073621,  0.073167,  0.097528]