step=2479095, graph_id=0, num_atoms=13
scalar_charges: [ 0.929136, -2.827131, -2.825389,  0.873658,  0.849145,  0.854828,  0.884654,  0.87835 ,  0.878681,  0.894071, -2.833561, -2.831334,  0.895354]
spherical_charges_l0: [[ 0.383328],
 [-0.00111 ],
 [ 0.000476],
 [-0.012644],
 [-0.009388],
 [-0.008735],
 [-0.003219],
 [-0.008625],
 [-0.009423],
 [-0.015979],
 [-0.000844],
 [-0.001023],
 [ 0.353995]]
spherical_charges_l1: [[-0.003088,  1.082816,  0.631993],
 [ 0.009829,  0.017853,  0.012547],
 [-0.005942,  0.015296,  0.003598],
 [-0.039344,  0.123664,  0.052651],
 [ 0.035612,  0.002314,  0.02611 ],
 [ 0.036036,  0.014732,  0.048232],
 [ 0.006494,  0.006411,  0.031114],
 [-0.014998,  0.005631,  0.057076],
 [ 0.00301 ,  0.02453 ,  0.055747],
 [ 0.043832, -0.101158,  0.065936],
 [ 0.018816, -0.010107,  0.00559 ],
 [ 0.004285, -0.018654,  0.009291],
 [ 0.620222, -0.857633,  0.645243]]
spherical_charges_l2: [[ 7.991746e-01, -6.462930e-01,  1.147966e+00,  4.468042e-01, -7.585032e-01],
 [-3.019729e-02,  1.463216e-03, -3.265271e-02, -1.820027e-03,  1.172173e-02],
 [-1.224602e-02,  2.843804e-02, -9.879336e-03,  2.909040e-03,  1.962272e-02],
 [ 1.830902e-03,  6.449439e-02, -4.269117e-03, -3.080556e-02,  4.043069e-02],
 [ 5.086340e-02,  5.603632e-02, -5.555689e-02, -1.964757e-02,  2.501718e-02],
 [ 5.472318e-02,  2.549272e-02, -2.023533e-02, -5.724038e-02,  1.599940e-02],
 [ 5.090055e-02,  7.765840e-04,  3.191168e-03,  1.857355e-02,  3.066731e-02],
 [ 1.575376e-02,  5.033014e-02, -2.555433e-02,  4.229198e-02, -8.345160e-03],
 [ 4.189709e-02,  5.828442e-02, -1.302906e-02, -6.163898e-03,  1.170591e-02],
 [ 4.874493e-03, -7.033413e-03,  1.880151e-03,  5.630625e-02,  1.956830e-02],
 [-3.325472e-02, -1.859218e-02,  6.486184e-03,  4.783527e-03,  2.435582e-02],
 [ 2.096784e-03, -3.258880e-02,  1.476855e-02,  1.876304e-02,  1.714793e-02],
 [ 7.334225e-01,  8.586545e-01, -2.133770e-01, -8.998067e-01, -1.026195e+00]]
energy_short: [-0.904151,  0.856568,  0.851664, -0.474386, -0.278485, -0.32723 , -0.568465, -0.515071, -0.516289, -0.633422,  0.861143,  0.859035, -0.632783]
energy_long: [-0.037565,  0.058598,  0.058199,  0.194055,  0.099021,  0.146764,  0.149772,  0.185744,  0.216219,  0.195877,  0.063238,  0.062719,  0.092317]