step=2683350, graph_id=0, num_atoms=13
scalar_charges: [ 0.890117, -2.792618, -2.790202,  0.841914,  0.81999 ,  0.825227,  0.85197 ,  0.846236,  0.846398,  0.85968 , -2.800935, -2.798025,  0.861256]
spherical_charges_l0: [[ 0.345289],
 [-0.000484],
 [ 0.000879],
 [-0.011844],
 [-0.008935],
 [-0.008156],
 [-0.002348],
 [-0.007627],
 [-0.008644],
 [-0.015513],
 [-0.000513],
 [-0.000595],
 [ 0.320924]]
spherical_charges_l1: [[-0.002948,  0.993386,  0.577564],
 [ 0.009868,  0.015421,  0.011614],
 [-0.006049,  0.014374,  0.003277],
 [-0.037913,  0.115711,  0.0497  ],
 [ 0.034302,  0.002314,  0.025396],
 [ 0.03472 ,  0.013487,  0.045052],
 [ 0.006566,  0.00647 ,  0.030567],
 [-0.015077,  0.006004,  0.054029],
 [ 0.003369,  0.023306,  0.053802],
 [ 0.040866, -0.095256,  0.062808],
 [ 0.018279, -0.008882,  0.004973],
 [ 0.003138, -0.017746,  0.008808],
 [ 0.569989, -0.787138,  0.595277]]
spherical_charges_l2: [[ 7.217981e-01, -5.793212e-01,  1.028438e+00,  3.974925e-01, -6.788979e-01],
 [-2.676112e-02,  2.769996e-03, -2.859318e-02, -1.236062e-03,  1.086904e-02],
 [-1.200301e-02,  2.544466e-02, -9.700944e-03,  2.763003e-03,  1.768699e-02],
 [ 3.037282e-03,  5.803934e-02, -2.384142e-03, -2.920906e-02,  3.618634e-02],
 [ 4.694267e-02,  5.227472e-02, -5.445901e-02, -1.824643e-02,  2.311668e-02],
 [ 5.066758e-02,  2.311765e-02, -2.035116e-02, -5.402279e-02,  1.463350e-02],
 [ 4.652056e-02, -3.630742e-04,  3.461720e-03,  1.731766e-02,  2.792702e-02],
 [ 1.415790e-02,  4.620084e-02, -2.310424e-02,  3.947081e-02, -9.225322e-03],
 [ 3.937710e-02,  5.410770e-02, -1.222594e-02, -7.363947e-03,  9.525620e-03],
 [ 4.573976e-03, -5.401168e-03,  1.155158e-03,  5.246201e-02,  1.724320e-02],
 [-2.947538e-02, -1.771595e-02,  6.314867e-03,  4.790686e-03,  2.214046e-02],
 [ 6.375925e-04, -2.985991e-02,  1.347318e-02,  1.678016e-02,  1.608348e-02],
 [ 6.626287e-01,  7.782174e-01, -1.925135e-01, -8.060628e-01, -9.158350e-01]]
energy_short: [-0.909626,  0.866769,  0.862942, -0.478726, -0.282665, -0.331693, -0.575937, -0.520302, -0.520351, -0.63575 ,  0.873261,  0.870639, -0.641075]
energy_long: [-0.017535,  0.064494,  0.063951,  0.198269,  0.104064,  0.152461,  0.158649,  0.189512,  0.217837,  0.200269,  0.069362,  0.068698,  0.096402]