step=2018520, graph_id=0, num_atoms=13
scalar_charges: [ 1.017486, -3.088188, -3.087624,  0.964945,  0.939692,  0.945472,  0.976675,  0.969882,  0.970215,  0.985852, -3.095957, -3.092782,  0.982346]
spherical_charges_l0: [[ 4.912764e-01],
 [-1.790063e-03],
 [ 1.635919e-04],
 [-1.415384e-02],
 [-1.021608e-02],
 [-9.158734e-03],
 [-3.616935e-03],
 [-9.787081e-03],
 [-1.072026e-02],
 [-1.825008e-02],
 [-1.775598e-03],
 [-1.865030e-03],
 [ 4.492722e-01]]
spherical_charges_l1: [[ 0.004227,  1.415266,  0.813357],
 [ 0.013179,  0.017542,  0.014147],
 [-0.009001,  0.016674,  0.00288 ],
 [-0.04461 ,  0.154097,  0.071682],
 [ 0.05049 ,  0.002267,  0.039519],
 [ 0.050071,  0.02209 ,  0.064436],
 [ 0.007874,  0.007932,  0.037838],
 [-0.021884,  0.005776,  0.076195],
 [ 0.005632,  0.034814,  0.076777],
 [ 0.058357, -0.124447,  0.087158],
 [ 0.02308 , -0.009839,  0.005605],
 [ 0.002273, -0.021248,  0.010496],
 [ 0.806334, -1.113717,  0.830738]]
spherical_charges_l2: [[ 9.901789e-01, -7.918816e-01,  1.425592e+00,  5.537564e-01, -9.383357e-01],
 [-2.995217e-02,  2.815543e-03, -3.202225e-02, -1.484093e-03,  1.227185e-02],
 [-1.330795e-02,  2.790566e-02, -1.079945e-02,  3.248605e-03,  1.951758e-02],
 [ 4.388325e-03,  7.797715e-02, -3.939825e-03, -3.859520e-02,  4.814886e-02],
 [ 6.455745e-02,  6.952178e-02, -7.076997e-02, -2.519366e-02,  3.039518e-02],
 [ 6.816319e-02,  3.036427e-02, -2.716836e-02, -7.072040e-02,  1.842824e-02],
 [ 6.366595e-02,  4.647819e-04,  4.748507e-03,  2.346824e-02,  3.912385e-02],
 [ 2.039107e-02,  6.218695e-02, -3.222920e-02,  5.239812e-02, -1.171896e-02],
 [ 5.334223e-02,  7.257812e-02, -1.602029e-02, -7.901123e-03,  1.345024e-02],
 [ 6.956095e-03, -8.042379e-03,  2.310477e-03,  6.874690e-02,  2.257457e-02],
 [-3.210846e-02, -2.008621e-02,  7.223744e-03,  5.834214e-03,  2.470892e-02],
 [ 5.484020e-04, -3.261766e-02,  1.469217e-02,  1.854888e-02,  1.785336e-02],
 [ 9.034269e-01,  1.055821e+00, -2.633744e-01, -1.106135e+00, -1.263489e+00]]
energy_short: [-0.843152,  0.820924,  0.815717, -0.459166, -0.265489, -0.314886, -0.557944, -0.50222 , -0.503282, -0.617694,  0.826209,  0.823819, -0.573104]
energy_long: [-0.024753,  0.06142 ,  0.060564,  0.201055,  0.113574,  0.15519 ,  0.157918,  0.188177,  0.224799,  0.203296,  0.065631,  0.065004,  0.102508]