step=3007755, graph_id=0, num_atoms=13
scalar_charges: [ 0.86275 , -2.62082 , -2.617689,  0.817806,  0.797638,  0.802712,  0.828226,  0.822774,  0.822951,  0.83496 , -2.630052, -2.626631,  0.835613]
spherical_charges_l0: [[ 3.294459e-01],
 [-4.176032e-04],
 [ 7.798605e-04],
 [-1.020712e-02],
 [-7.787382e-03],
 [-7.420854e-03],
 [-2.281667e-03],
 [-7.144413e-03],
 [-7.831782e-03],
 [-1.334238e-02],
 [-3.153387e-04],
 [-4.040706e-04],
 [ 3.064752e-01]]
spherical_charges_l1: [[-0.002875,  0.958941,  0.556918],
 [ 0.008299,  0.013887,  0.010253],
 [-0.005279,  0.012517,  0.002908],
 [-0.034174,  0.105044,  0.045844],
 [ 0.036168,  0.001881,  0.027777],
 [ 0.03496 ,  0.014388,  0.044412],
 [ 0.005772,  0.005353,  0.027234],
 [-0.015372,  0.004958,  0.053598],
 [ 0.004105,  0.023696,  0.053729],
 [ 0.036896, -0.085604,  0.057007],
 [ 0.015683, -0.007806,  0.004358],
 [ 0.00293 , -0.015605,  0.007752],
 [ 0.551669, -0.762258,  0.572836]]
spherical_charges_l2: [[ 6.813198e-01, -5.488634e-01,  9.837493e-01,  3.877080e-01, -6.502621e-01],
 [-2.636075e-02,  1.880312e-03, -2.821337e-02, -1.401562e-03,  1.004742e-02],
 [-1.108922e-02,  2.531828e-02, -8.775092e-03,  2.589908e-03,  1.716168e-02],
 [ 3.909247e-03,  5.323046e-02, -1.493943e-04, -2.665598e-02,  3.344031e-02],
 [ 4.744514e-02,  5.141765e-02, -5.331489e-02, -1.915462e-02,  2.232168e-02],
 [ 4.895493e-02,  2.314897e-02, -2.033451e-02, -5.039702e-02,  1.470956e-02],
 [ 4.312953e-02,  2.549227e-04,  3.026304e-03,  1.607142e-02,  2.628703e-02],
 [ 1.477617e-02,  4.426241e-02, -2.143794e-02,  3.646899e-02, -8.078249e-03],
 [ 3.824785e-02,  5.167049e-02, -1.234751e-02, -5.529610e-03,  8.893009e-03],
 [ 5.161514e-03, -3.594774e-03,  8.602730e-04,  4.823364e-02,  1.488738e-02],
 [-2.892253e-02, -1.649925e-02,  5.801103e-03,  4.160246e-03,  2.119705e-02],
 [ 1.369258e-03, -2.882737e-02,  1.304490e-02,  1.638195e-02,  1.525331e-02],
 [ 6.292375e-01,  7.338558e-01, -1.793815e-01, -7.763498e-01, -8.790894e-01]]
energy_short: [-0.897955,  0.879637,  0.875222, -0.471321, -0.280511, -0.3293  , -0.572843, -0.518386, -0.5191  , -0.631396,  0.885672,  0.883099, -0.629865]
energy_long: [-0.030721,  0.062318,  0.061967,  0.195569,  0.09862 ,  0.149025,  0.153803,  0.182965,  0.217298,  0.198769,  0.067164,  0.066781,  0.091983]