step=164205, graph_id=0, num_atoms=13
scalar_charges: [  6.896788, -26.362366, -26.330837,   6.90238 ,   6.917805,   6.916684,   6.930701,   6.943705,   6.948393,   6.941085, -26.441418, -26.392872,   6.917932]
spherical_charges_l0: [[ 3.386436],
 [ 0.089663],
 [ 0.060625],
 [-0.25358 ],
 [-0.116762],
 [-0.10807 ],
 [-0.130957],
 [-0.121143],
 [-0.130535],
 [-0.205123],
 [ 0.056973],
 [ 0.059023],
 [ 3.241115]]
spherical_charges_l1: [[ 0.083115,  5.125425,  3.011421],
 [ 0.11876 ,  0.102606,  0.095642],
 [-0.09466 ,  0.173476,  0.023772],
 [-0.190903,  0.70004 ,  0.21327 ],
 [ 0.083467, -0.033343,  0.024214],
 [ 0.062785,  0.085405,  0.128825],
 [ 0.016394,  0.013675,  0.107049],
 [-0.055904,  0.011974,  0.186025],
 [ 0.014161,  0.076638,  0.153791],
 [ 0.191032, -0.58873 ,  0.270491],
 [ 0.187738, -0.046898,  0.02921 ],
 [-0.018218, -0.16076 ,  0.078112],
 [ 2.865127, -4.050443,  2.956211]]
spherical_charges_l2: [[ 3.423795, -2.605042,  4.636238,  1.568755, -2.919344],
 [-0.154494, -0.008543, -0.187286, -0.030491,  0.060392],
 [-0.048677,  0.165322, -0.043341,  0.008804,  0.106452],
 [ 0.163447,  0.249584,  0.211817, -0.147859,  0.135509],
 [ 0.265493,  0.318533, -0.312876, -0.067415,  0.082279],
 [ 0.250828,  0.084206, -0.081458, -0.256351,  0.102996],
 [ 0.230032,  0.063909,  0.019325,  0.083732,  0.187513],
 [ 0.118043,  0.250013, -0.107872,  0.196209, -0.005199],
 [ 0.211255,  0.264798, -0.076653, -0.030222,  0.053662],
 [ 0.18285 ,  0.137581, -0.039323,  0.215538, -0.060231],
 [-0.164038, -0.086489,  0.029244,  0.025804,  0.121815],
 [ 0.012732, -0.172164,  0.077581,  0.106992,  0.096587],
 [ 2.961221,  3.548071, -0.923974, -3.327174, -3.899155]]
energy_short: [-0.644834,  0.313098,  0.303651, -0.163365, -0.110046, -0.140606, -0.355607, -0.324503, -0.337833, -0.390787,  0.330862,  0.319225, -0.328905]
energy_long: [-0.01982 ,  0.066045,  0.064682,  0.187308,  0.061993,  0.131283,  0.107056,  0.163874,  0.210555,  0.183823,  0.066483,  0.065432,  0.075876]