step=104130, graph_id=0, num_atoms=13
scalar_charges: [  6.112167, -23.48757 , -23.477615,   6.12562 ,   6.171205,   6.166217,   6.163181,   6.17248 ,   6.176454,   6.145297, -23.54489 , -23.514814,   6.122372]
spherical_charges_l0: [[ 3.383292],
 [-0.003849],
 [-0.008804],
 [-0.165439],
 [-0.079508],
 [-0.076256],
 [-0.14941 ],
 [-0.106893],
 [-0.10677 ],
 [-0.139023],
 [-0.008705],
 [-0.009163],
 [ 3.374798]]
spherical_charges_l1: [[ 2.726541e-01,  4.387647e+00,  2.591275e+00],
 [ 5.506297e-02,  4.963395e-02,  4.661070e-02],
 [-5.343995e-02,  9.095931e-02,  1.206655e-02],
 [-4.185740e-03,  7.632455e-01,  3.710379e-01],
 [ 1.488673e-01, -6.697232e-02,  1.090590e-01],
 [ 7.939357e-02,  1.221300e-01,  1.800419e-01],
 [-9.912805e-03, -9.763545e-04,  2.541315e-02],
 [-3.781191e-02, -2.408968e-02,  2.171393e-01],
 [ 5.101014e-03,  1.273281e-01,  1.851422e-01],
 [ 3.568361e-01, -6.184806e-01,  3.584156e-01],
 [ 1.055053e-01, -1.812571e-02,  1.238838e-02],
 [-1.798408e-02, -8.409978e-02,  4.058981e-02],
 [ 2.664318e+00, -3.686214e+00,  2.523958e+00]]
spherical_charges_l2: [[ 2.380126, -2.12534 ,  4.139649,  1.868893, -2.794603],
 [-0.039271,  0.042759, -0.060476, -0.01428 ,  0.050366],
 [-0.041007,  0.034799, -0.052181, -0.009475,  0.039663],
 [ 0.141261,  0.142226,  0.130892, -0.142695,  0.064418],
 [ 0.239926,  0.19192 , -0.100847, -0.074434,  0.097731],
 [ 0.202848,  0.126953, -0.012775, -0.097966,  0.13937 ],
 [ 0.151672,  0.14528 ,  0.004878,  0.046348,  0.162911],
 [ 0.135384,  0.213747, -0.055937,  0.119233,  0.089451],
 [ 0.155342,  0.197036, -0.083204,  0.068893,  0.074619],
 [ 0.102391,  0.100846, -0.051539,  0.15856 , -0.037001],
 [-0.02654 , -0.05444 ,  0.02241 ,  0.033752,  0.048122],
 [-0.03912 , -0.05617 ,  0.022674,  0.030776,  0.052761],
 [ 2.433844,  2.637205, -0.566288, -3.500638, -3.882112]]
energy_short: [-0.558588,  0.195154,  0.185192, -0.063622,  0.005148, -0.029037, -0.243283, -0.209894, -0.219959, -0.271426,  0.220852,  0.206521, -0.285193]
energy_long: [-0.046792,  0.109287,  0.110085,  0.179304,  0.048927,  0.083088,  0.14626 ,  0.112212,  0.178703,  0.172997,  0.110839,  0.110181,  0.039299]