step=3087855, graph_id=0, num_atoms=13
scalar_charges: [ 0.861974, -2.649516, -2.646463,  0.819519,  0.800226,  0.805021,  0.829439,  0.824163,  0.824281,  0.835642, -2.659693, -2.655914,  0.836346]
spherical_charges_l0: [[ 3.140454e-01],
 [-3.494309e-04],
 [ 8.791985e-04],
 [-9.745914e-03],
 [-7.487928e-03],
 [-6.913894e-03],
 [-2.063963e-03],
 [-6.643749e-03],
 [-7.356024e-03],
 [-1.287853e-02],
 [-2.675603e-04],
 [-3.380282e-04],
 [ 2.932639e-01]]
spherical_charges_l1: [[-0.004428,  0.92299 ,  0.538742],
 [ 0.008657,  0.014102,  0.010422],
 [-0.005643,  0.012573,  0.002709],
 [-0.034129,  0.106835,  0.045858],
 [ 0.033797,  0.002047,  0.025771],
 [ 0.033126,  0.013371,  0.042028],
 [ 0.005803,  0.005384,  0.027105],
 [-0.014208,  0.004673,  0.051084],
 [ 0.00369 ,  0.022481,  0.050798],
 [ 0.03781 , -0.087157,  0.057299],
 [ 0.015735, -0.00773 ,  0.004322],
 [ 0.002713, -0.015847,  0.007862],
 [ 0.532732, -0.735833,  0.556411]]
spherical_charges_l2: [[ 6.686531e-01, -5.372009e-01,  9.572440e-01,  3.751111e-01, -6.297056e-01],
 [-2.555116e-02,  1.473975e-03, -2.749381e-02, -1.392662e-03,  9.604258e-03],
 [-1.064945e-02,  2.444544e-02, -8.197527e-03,  2.598219e-03,  1.654196e-02],
 [ 5.685017e-03,  5.422806e-02,  8.854625e-04, -2.753888e-02,  3.370802e-02],
 [ 4.481701e-02,  4.970849e-02, -5.169593e-02, -1.739018e-02,  2.155373e-02],
 [ 4.762056e-02,  2.176758e-02, -1.830737e-02, -5.072325e-02,  1.416847e-02],
 [ 4.392758e-02, -4.590161e-04,  3.008461e-03,  1.612812e-02,  2.592897e-02],
 [ 1.312643e-02,  4.319818e-02, -2.187209e-02,  3.702452e-02, -8.310943e-03],
 [ 3.661159e-02,  5.048843e-02, -1.147103e-02, -6.577884e-03,  9.237261e-03],
 [ 5.944082e-03, -3.275254e-03,  8.530008e-04,  4.876893e-02,  1.425665e-02],
 [-2.818817e-02, -1.589172e-02,  5.570104e-03,  3.912869e-03,  2.052375e-02],
 [ 1.520191e-03, -2.785598e-02,  1.261896e-02,  1.583946e-02,  1.463342e-02],
 [ 6.192719e-01,  7.235004e-01, -1.766185e-01, -7.571634e-01, -8.566772e-01]]
energy_short: [-0.892748,  0.876478,  0.872295, -0.466165, -0.276721, -0.324447, -0.566882, -0.512119, -0.512601, -0.623284,  0.882689,  0.879996, -0.624829]
energy_long: [-0.020805,  0.065466,  0.065412,  0.198416,  0.102389,  0.149537,  0.155398,  0.186304,  0.216638,  0.200918,  0.070386,  0.070175,  0.097791]