step=2483100, graph_id=0, num_atoms=13
scalar_charges: [ 0.922818, -2.804215, -2.802287,  0.870834,  0.845785,  0.851523,  0.881381,  0.875089,  0.875417,  0.89097 , -2.811626, -2.808961,  0.889079]
spherical_charges_l0: [[ 0.375198],
 [-0.000772],
 [ 0.000918],
 [-0.011483],
 [-0.008815],
 [-0.008325],
 [-0.003226],
 [-0.008455],
 [-0.009217],
 [-0.015219],
 [-0.000466],
 [-0.000632],
 [ 0.348289]]
spherical_charges_l1: [[-0.003728,  1.065771,  0.61691 ],
 [ 0.01065 ,  0.016566,  0.012748],
 [-0.006778,  0.015137,  0.003499],
 [-0.037492,  0.120833,  0.054212],
 [ 0.0398  ,  0.002052,  0.031205],
 [ 0.040292,  0.017141,  0.050993],
 [ 0.006244,  0.006028,  0.029833],
 [-0.018201,  0.005121,  0.061963],
 [ 0.00496 ,  0.028154,  0.062428],
 [ 0.043639, -0.099045,  0.066024],
 [ 0.018788, -0.009723,  0.005405],
 [ 0.00358 , -0.018672,  0.00928 ],
 [ 0.612381, -0.846759,  0.635152]]
spherical_charges_l2: [[ 7.752778e-01, -6.301727e-01,  1.126719e+00,  4.471900e-01, -7.476906e-01],
 [-2.846708e-02,  2.682218e-03, -3.013381e-02, -1.037089e-03,  1.124998e-02],
 [-1.239252e-02,  2.683311e-02, -9.602380e-03,  3.163455e-03,  1.837639e-02],
 [ 6.466997e-03,  6.283976e-02, -7.305830e-04, -3.224820e-02,  3.823697e-02],
 [ 5.356167e-02,  5.819218e-02, -6.006781e-02, -2.123419e-02,  2.617472e-02],
 [ 5.679919e-02,  2.594195e-02, -2.214671e-02, -5.930632e-02,  1.641816e-02],
 [ 5.249136e-02,  3.912989e-04,  3.878700e-03,  1.927753e-02,  3.185292e-02],
 [ 1.679965e-02,  5.188080e-02, -2.608254e-02,  4.402352e-02, -9.281468e-03],
 [ 4.458244e-02,  6.078740e-02, -1.394521e-02, -6.629487e-03,  1.136268e-02],
 [ 7.700566e-03, -2.868538e-03, -6.139791e-04,  5.732258e-02,  1.732591e-02],
 [-3.083504e-02, -1.777760e-02,  6.279399e-03,  4.396470e-03,  2.257396e-02],
 [ 1.448587e-03, -3.069074e-02,  1.389848e-02,  1.728602e-02,  1.610784e-02],
 [ 7.146127e-01,  8.334316e-01, -2.034025e-01, -8.872017e-01, -1.002762e+00]]
energy_short: [-0.866917,  0.860767,  0.856147, -0.470113, -0.269517, -0.318564, -0.560894, -0.506336, -0.507199, -0.626693,  0.867329,  0.864566, -0.599474]
energy_long: [-0.027174,  0.056015,  0.055712,  0.194813,  0.102695,  0.14707 ,  0.158398,  0.183214,  0.220245,  0.197024,  0.060559,  0.060276,  0.094828]