step=2158695, graph_id=0, num_atoms=13
scalar_charges: [ 0.985601, -2.948122, -2.948744,  0.934225,  0.909668,  0.915227,  0.944759,  0.938184,  0.938341,  0.953636, -2.956336, -2.953318,  0.953254]
spherical_charges_l0: [[ 0.458632],
 [-0.000782],
 [ 0.000847],
 [-0.013934],
 [-0.011713],
 [-0.010587],
 [-0.003395],
 [-0.010422],
 [-0.011546],
 [-0.017477],
 [-0.000825],
 [-0.00098 ],
 [ 0.420653]]
spherical_charges_l1: [[-6.592101e-04,  1.270582e+00,  7.400850e-01],
 [ 1.364308e-02,  1.783508e-02,  1.445367e-02],
 [-8.740003e-03,  1.682045e-02,  3.027297e-03],
 [-4.694404e-02,  1.401406e-01,  5.821381e-02],
 [ 4.251879e-02,  4.230171e-03,  3.202933e-02],
 [ 4.430787e-02,  1.579948e-02,  5.689086e-02],
 [ 8.187251e-03,  8.315024e-03,  3.874851e-02],
 [-1.944962e-02,  8.309765e-03,  6.617289e-02],
 [ 4.651047e-03,  2.790255e-02,  6.688530e-02],
 [ 4.728922e-02, -1.134206e-01,  7.479884e-02],
 [ 2.220471e-02, -1.036242e-02,  5.830830e-03],
 [ 2.953782e-03, -2.094555e-02,  1.037018e-02],
 [ 7.297069e-01, -1.008826e+00,  7.516676e-01]]
spherical_charges_l2: [[ 8.954638e-01, -7.205100e-01,  1.295764e+00,  5.135235e-01, -8.537293e-01],
 [-3.234757e-02,  3.301621e-03, -3.406066e-02, -1.407881e-03,  1.308054e-02],
 [-1.424254e-02,  3.052867e-02, -1.184698e-02,  3.430592e-03,  2.115547e-02],
 [ 2.244806e-03,  7.181506e-02, -1.791470e-03, -3.546240e-02,  4.483488e-02],
 [ 5.907329e-02,  6.585556e-02, -6.791788e-02, -2.365330e-02,  2.936232e-02],
 [ 6.328600e-02,  2.827523e-02, -2.523937e-02, -6.675820e-02,  1.701391e-02],
 [ 5.786451e-02, -2.253907e-03,  5.090574e-03,  2.223294e-02,  3.552220e-02],
 [ 1.814456e-02,  5.741996e-02, -2.986781e-02,  4.846371e-02, -1.153902e-02],
 [ 4.919010e-02,  6.755687e-02, -1.464750e-02, -8.250209e-03,  1.198345e-02],
 [ 4.730161e-03, -8.092034e-03,  1.975195e-03,  6.492199e-02,  2.140669e-02],
 [-3.434770e-02, -2.107324e-02,  7.552839e-03,  5.864121e-03,  2.607164e-02],
 [ 6.714512e-04, -3.451804e-02,  1.555770e-02,  1.954227e-02,  1.876310e-02],
 [ 8.239548e-01,  9.588951e-01, -2.336605e-01, -1.018008e+00, -1.151539e+00]]
energy_short: [-0.870053,  0.844687,  0.839383, -0.457934, -0.258099, -0.307517, -0.554256, -0.496477, -0.496323, -0.616956,  0.849731,  0.847431, -0.600081]
energy_long: [-0.033107,  0.055523,  0.055223,  0.192764,  0.104397,  0.14883 ,  0.151453,  0.181478,  0.214187,  0.194306,  0.059968,  0.059525,  0.093805]