step=532665, graph_id=0, num_atoms=13
scalar_charges: [  4.695578, -17.892857, -17.879988,   4.658562,   4.636141,   4.648123,   4.702217,   4.696083,   4.697242,   4.703866, -17.94547 , -17.918665,   4.686445]
spherical_charges_l0: [[ 2.412572],
 [-0.004369],
 [-0.00638 ],
 [-0.086779],
 [-0.064743],
 [-0.039674],
 [-0.045175],
 [-0.050527],
 [-0.055155],
 [-0.078117],
 [-0.010215],
 [-0.006974],
 [ 2.266814]]
spherical_charges_l1: [[ 3.718794e-02,  5.523137e+00,  3.111458e+00],
 [ 1.023988e-01,  7.047181e-02,  7.620269e-02],
 [-7.279811e-02,  1.136787e-01,  1.061270e-02],
 [-2.013635e-01,  6.978394e-01,  2.971658e-01],
 [ 1.242215e-01,  1.475678e-02,  6.476661e-02],
 [ 1.420378e-01,  6.970631e-02,  1.895887e-01],
 [ 2.634020e-02,  2.116521e-02,  1.430764e-01],
 [-6.915057e-02,  2.201784e-02,  2.559069e-01],
 [ 1.942008e-02,  1.042286e-01,  2.427850e-01],
 [ 2.300782e-01, -5.182676e-01,  3.616089e-01],
 [ 1.409131e-01, -5.333740e-02,  3.084482e-02],
 [-4.043117e-03, -1.260754e-01,  6.163386e-02],
 [ 3.152728e+00, -4.359169e+00,  3.146975e+00]]
spherical_charges_l2: [[ 3.366237, -2.78351 ,  4.96504 ,  1.984616, -3.304332],
 [-0.191701, -0.020665, -0.205121, -0.009653,  0.045366],
 [-0.043867,  0.182961, -0.012684,  0.029625,  0.099635],
 [ 0.113401,  0.288615,  0.133644, -0.152141,  0.142792],
 [ 0.289483,  0.308385, -0.292981, -0.101979,  0.117481],
 [ 0.26735 ,  0.101632, -0.09095 , -0.276487,  0.101613],
 [ 0.276234,  0.031037,  0.024591,  0.101055,  0.190113],
 [ 0.092591,  0.256248, -0.120058,  0.225639, -0.024087],
 [ 0.21901 ,  0.290977, -0.078264, -0.026871,  0.071423],
 [ 0.096001,  0.03926 , -0.020777,  0.242046, -0.007981],
 [-0.215829, -0.080911,  0.025157, -0.005572,  0.123369],
 [ 0.05326 , -0.190201,  0.089223,  0.105597,  0.072855],
 [ 3.051115,  3.534148, -0.887317, -3.826048, -4.398225]]
energy_short: [-0.723148,  0.500878,  0.494547, -0.286725, -0.226034, -0.259514, -0.465745, -0.440232, -0.45091 , -0.503878,  0.514336,  0.507009, -0.405772]
energy_long: [0.023047, 0.081944, 0.077508, 0.234711, 0.13525 , 0.168991, 0.170975, 0.196154, 0.240225, 0.230854, 0.08295 , 0.080955, 0.134573]