step=3544425, graph_id=0, num_atoms=13
scalar_charges: [ 0.842669, -2.602859, -2.598629,  0.805645,  0.788225,  0.79253 ,  0.814255,  0.809603,  0.809687,  0.819822, -2.6155  , -2.611392,  0.820888]
spherical_charges_l0: [[ 3.059544e-01],
 [-4.200666e-04],
 [ 8.729536e-04],
 [-9.667546e-03],
 [-7.435405e-03],
 [-6.897500e-03],
 [-2.166095e-03],
 [-6.490211e-03],
 [-7.171572e-03],
 [-1.281483e-02],
 [-2.844269e-04],
 [-3.760282e-04],
 [ 2.852393e-01]]
spherical_charges_l1: [[-0.004851,  0.89575 ,  0.522412],
 [ 0.009434,  0.013246,  0.010481],
 [-0.00633 ,  0.012277,  0.002295],
 [-0.032928,  0.100796,  0.043385],
 [ 0.032998,  0.002326,  0.024558],
 [ 0.032053,  0.012535,  0.040351],
 [ 0.00569 ,  0.005506,  0.026473],
 [-0.013809,  0.00484 ,  0.049766],
 [ 0.003652,  0.021606,  0.049631],
 [ 0.034996, -0.08205 ,  0.053825],
 [ 0.016274, -0.006815,  0.003892],
 [ 0.001533, -0.01593 ,  0.007864],
 [ 0.515067, -0.710301,  0.538196]]
spherical_charges_l2: [[ 6.445974e-01, -5.176808e-01,  9.261822e-01,  3.657197e-01, -6.103207e-01],
 [-2.543399e-02,  1.216617e-03, -2.745759e-02, -1.414037e-03,  9.357683e-03],
 [-1.038961e-02,  2.414165e-02, -7.953082e-03,  2.457676e-03,  1.627365e-02],
 [ 6.907372e-03,  4.939440e-02,  8.227571e-04, -2.594943e-02,  3.094646e-02],
 [ 4.307514e-02,  4.761807e-02, -4.992593e-02, -1.662809e-02,  2.040714e-02],
 [ 4.552191e-02,  2.134792e-02, -1.730474e-02, -4.859767e-02,  1.408511e-02],
 [ 4.197017e-02,  2.345772e-04,  2.806999e-03,  1.541128e-02,  2.494105e-02],
 [ 1.265512e-02,  4.160578e-02, -2.089247e-02,  3.547050e-02, -7.741893e-03],
 [ 3.503493e-02,  4.845942e-02, -1.116068e-02, -6.323811e-03,  8.804101e-03],
 [ 6.261367e-03, -1.437916e-03,  7.746043e-05,  4.535696e-02,  1.373153e-02],
 [-2.839487e-02, -1.565216e-02,  5.450244e-03,  3.738077e-03,  2.047457e-02],
 [ 1.787278e-03, -2.781983e-02,  1.261592e-02,  1.589653e-02,  1.452721e-02],
 [ 5.935636e-01,  6.922523e-01, -1.678995e-01, -7.305431e-01, -8.248963e-01]]
energy_short: [-0.907148,  0.879286,  0.874958, -0.476352, -0.28426 , -0.331775, -0.574411, -0.520012, -0.520434, -0.63272 ,  0.884863,  0.882171, -0.641398]
energy_long: [-0.02693 ,  0.06485 ,  0.064854,  0.198886,  0.101047,  0.14837 ,  0.156954,  0.185831,  0.219105,  0.201748,  0.070272,  0.069957,  0.09292 ]