step=1385730, graph_id=0, num_atoms=13
scalar_charges: [ 1.451083, -4.543643, -4.544159,  1.384525,  1.356997,  1.364467,  1.405054,  1.396599,  1.397568,  1.41236 , -4.541172, -4.543341,  1.410325]
spherical_charges_l0: [[ 0.821075],
 [-0.001523],
 [ 0.001213],
 [-0.027171],
 [-0.017452],
 [-0.013122],
 [-0.00733 ],
 [-0.015301],
 [-0.01709 ],
 [-0.031359],
 [-0.002609],
 [-0.002282],
 [ 0.776227]]
spherical_charges_l1: [[ 0.011927,  2.314131,  1.345722],
 [ 0.024559,  0.032214,  0.026018],
 [-0.019732,  0.029969,  0.003587],
 [-0.079743,  0.244165,  0.114258],
 [ 0.059343,  0.003505,  0.031425],
 [ 0.060793,  0.033672,  0.087211],
 [ 0.013398,  0.013   ,  0.061174],
 [-0.026261,  0.004908,  0.106187],
 [ 0.003711,  0.04834 ,  0.101088],
 [ 0.090711, -0.198092,  0.145641],
 [ 0.037212, -0.01919 ,  0.010666],
 [ 0.004927, -0.035704,  0.017676],
 [ 1.35447 , -1.87033 ,  1.380802]]
spherical_charges_l2: [[ 1.500589e+00, -1.226998e+00,  2.138726e+00,  8.223112e-01, -1.412619e+00],
 [-5.851683e-02,  5.131799e-03, -6.077795e-02, -1.860535e-03,  2.301918e-02],
 [-2.461995e-02,  5.406092e-02, -1.799904e-02,  8.702029e-03,  3.570116e-02],
 [ 9.808069e-03,  1.166282e-01, -9.591664e-03, -5.931111e-02,  7.073281e-02],
 [ 8.837835e-02,  1.012342e-01, -1.039189e-01, -3.505212e-02,  3.946518e-02],
 [ 9.584203e-02,  3.984246e-02, -4.567800e-02, -9.935453e-02,  1.818722e-02],
 [ 8.666917e-02, -4.241734e-03,  7.388349e-03,  3.425784e-02,  5.630038e-02],
 [ 3.136787e-02,  8.589224e-02, -4.636823e-02,  6.736887e-02, -2.197415e-02],
 [ 7.616883e-02,  9.949593e-02, -2.013534e-02, -1.140285e-02,  1.380247e-02],
 [ 8.054475e-03, -1.372894e-02, -2.171742e-04,  1.037298e-01,  3.487057e-02],
 [-6.198495e-02, -3.780555e-02,  1.368646e-02,  8.192918e-03,  4.491194e-02],
 [ 2.474546e-03, -6.144055e-02,  2.791037e-02,  3.286334e-02,  3.094894e-02],
 [ 1.371591e+00,  1.627921e+00, -4.061176e-01, -1.673459e+00, -1.906178e+00]]
energy_short: [-0.791939,  0.687691,  0.681084, -0.363565, -0.220995, -0.26444 , -0.491693, -0.448149, -0.453252, -0.548423,  0.693532,  0.69141 , -0.494661]
energy_long: [-0.020764,  0.070293,  0.068795,  0.207024,  0.122762,  0.159367,  0.173469,  0.19101 ,  0.237736,  0.20559 ,  0.071973,  0.072075,  0.123396]