step=1898370, graph_id=0, num_atoms=13
scalar_charges: [ 1.054599, -3.174534, -3.173039,  1.005632,  0.981173,  0.987045,  1.01737 ,  1.010745,  1.01106 ,  1.02545 , -3.182129, -3.178939,  1.021137]
spherical_charges_l0: [[ 5.216073e-01],
 [-1.516818e-03],
 [ 2.649031e-04],
 [-1.410150e-02],
 [-1.062441e-02],
 [-9.453367e-03],
 [-3.500957e-03],
 [-1.045225e-02],
 [-1.092629e-02],
 [-1.885992e-02],
 [-1.776750e-03],
 [-1.795845e-03],
 [ 4.804174e-01]]
spherical_charges_l1: [[ 5.471581e-04,  1.465497e+00,  8.512446e-01],
 [ 1.547694e-02,  1.986891e-02,  1.577096e-02],
 [-1.125257e-02,  1.847644e-02,  2.101172e-03],
 [-5.198241e-02,  1.686389e-01,  7.743773e-02],
 [ 5.302563e-02,  1.108985e-03,  3.771985e-02],
 [ 5.165187e-02,  2.428211e-02,  6.844198e-02],
 [ 9.368502e-03,  9.180306e-03,  4.325414e-02],
 [-2.239247e-02,  6.218808e-03,  8.112363e-02],
 [ 4.361420e-03,  3.721622e-02,  8.031408e-02],
 [ 6.082505e-02, -1.358696e-01,  9.459838e-02],
 [ 2.600423e-02, -9.467239e-03,  5.518615e-03],
 [ 1.229509e-03, -2.398504e-02,  1.180070e-02],
 [ 8.429157e-01, -1.167459e+00,  8.655891e-01]]
spherical_charges_l2: [[ 1.003698, -0.814449,  1.450731,  0.569025, -0.962922],
 [-0.031833,  0.001831, -0.035548, -0.003334,  0.013353],
 [-0.012507,  0.028994, -0.011466,  0.001963,  0.020779],
 [-0.00221 ,  0.086594, -0.00728 , -0.042329,  0.054668],
 [ 0.066373,  0.072855, -0.075186, -0.026408,  0.032438],
 [ 0.07054 ,  0.031079, -0.026391, -0.07335 ,  0.018385],
 [ 0.067354, -0.002758,  0.006338,  0.025917,  0.041679],
 [ 0.020014,  0.063982, -0.034785,  0.054909, -0.012412],
 [ 0.054639,  0.074941, -0.015759, -0.008633,  0.014382],
 [ 0.004011, -0.012436,  0.003514,  0.075906,  0.027343],
 [-0.034455, -0.019237,  0.00661 ,  0.006406,  0.026529],
 [ 0.001719, -0.033195,  0.014901,  0.020748,  0.019169],
 [ 0.92612 ,  1.080162, -0.26648 , -1.142229, -1.296922]]
energy_short: [-0.820204,  0.794418,  0.789904, -0.453942, -0.262449, -0.312497, -0.555193, -0.498637, -0.499026, -0.611338,  0.800641,  0.798164, -0.553958]
energy_long: [-0.017266,  0.063642,  0.062495,  0.201708,  0.11058 ,  0.153261,  0.156929,  0.186228,  0.224489,  0.202073,  0.0672  ,  0.0665  ,  0.104622]