step=3520395, graph_id=0, num_atoms=13
scalar_charges: [ 0.851715, -2.626255, -2.622413,  0.813211,  0.794916,  0.799452,  0.822246,  0.817393,  0.817471,  0.828109, -2.639896, -2.6356  ,  0.828596]
spherical_charges_l0: [[ 3.087733e-01],
 [-4.192379e-04],
 [ 8.723807e-04],
 [-9.607539e-03],
 [-7.626859e-03],
 [-7.079595e-03],
 [-2.251285e-03],
 [-6.647407e-03],
 [-7.328711e-03],
 [-1.273492e-02],
 [-2.600657e-04],
 [-3.592645e-04],
 [ 2.878864e-01]]
spherical_charges_l1: [[-0.005467,  0.901158,  0.525944],
 [ 0.008973,  0.013046,  0.010205],
 [-0.0059  ,  0.011897,  0.00237 ],
 [-0.032596,  0.10004 ,  0.044312],
 [ 0.033814,  0.002394,  0.025552],
 [ 0.032767,  0.012541,  0.040882],
 [ 0.005539,  0.005371,  0.026078],
 [-0.014337,  0.005046,  0.050278],
 [ 0.003987,  0.021795,  0.050427],
 [ 0.034961, -0.081021,  0.054202],
 [ 0.015433, -0.006788,  0.003851],
 [ 0.001807, -0.015317,  0.007573],
 [ 0.51854 , -0.7149  ,  0.542015]]
spherical_charges_l2: [[ 6.449053e-01, -5.177320e-01,  9.296935e-01,  3.684215e-01, -6.122902e-01],
 [-2.470154e-02,  1.493696e-03, -2.651114e-02, -1.187645e-03,  9.262452e-03],
 [-1.044666e-02,  2.350170e-02, -7.966412e-03,  2.563982e-03,  1.591553e-02],
 [ 5.519826e-03,  4.938694e-02,  6.063688e-04, -2.562247e-02,  3.116987e-02],
 [ 4.407850e-02,  4.844822e-02, -5.099251e-02, -1.741899e-02,  2.099653e-02],
 [ 4.607262e-02,  2.193417e-02, -1.767522e-02, -4.852749e-02,  1.453334e-02],
 [ 4.163663e-02,  2.449844e-04,  3.030574e-03,  1.545563e-02,  2.517333e-02],
 [ 1.309455e-02,  4.202950e-02, -2.062757e-02,  3.538708e-02, -7.388349e-03],
 [ 3.556923e-02,  4.898617e-02, -1.168977e-02, -5.919865e-03,  8.713862e-03],
 [ 5.802359e-03, -1.769768e-03,  1.521704e-04,  4.543872e-02,  1.367098e-02],
 [-2.749271e-02, -1.558113e-02,  5.481180e-03,  3.685182e-03,  1.990472e-02],
 [ 1.384885e-03, -2.721069e-02,  1.233161e-02,  1.531151e-02,  1.420801e-02],
 [ 5.946742e-01,  6.926497e-01, -1.674799e-01, -7.340111e-01, -8.277794e-01]]
energy_short: [-0.905986,  0.87535 ,  0.87114 , -0.481731, -0.289686, -0.337404, -0.579627, -0.525805, -0.526196, -0.638138,  0.881357,  0.878549, -0.640313]
energy_long: [-0.026012,  0.064021,  0.064006,  0.198805,  0.102527,  0.149001,  0.157666,  0.185284,  0.220061,  0.201893,  0.069516,  0.069159,  0.091781]