step=3332160, graph_id=0, num_atoms=13
scalar_charges: [ 0.856833, -2.632827, -2.629659,  0.817608,  0.798997,  0.803601,  0.826838,  0.821871,  0.821972,  0.832837, -2.643697, -2.639897,  0.833217]
spherical_charges_l0: [[ 0.313405],
 [-0.000468],
 [ 0.000796],
 [-0.010262],
 [-0.00788 ],
 [-0.007285],
 [-0.002205],
 [-0.006762],
 [-0.007486],
 [-0.013453],
 [-0.000399],
 [-0.000463],
 [ 0.292721]]
spherical_charges_l1: [[-0.003697,  0.921655,  0.53607 ],
 [ 0.009699,  0.013444,  0.010689],
 [-0.006349,  0.012472,  0.002358],
 [-0.033557,  0.102676,  0.044358],
 [ 0.033191,  0.00218 ,  0.025107],
 [ 0.032636,  0.013054,  0.041336],
 [ 0.005485,  0.005236,  0.025983],
 [-0.014049,  0.004701,  0.050564],
 [ 0.003738,  0.022093,  0.05021 ],
 [ 0.036172, -0.083995,  0.055439],
 [ 0.016446, -0.007115,  0.004045],
 [ 0.001822, -0.016124,  0.007969],
 [ 0.530663, -0.731952,  0.553336]]
spherical_charges_l2: [[ 6.511022e-01, -5.244925e-01,  9.432847e-01,  3.761145e-01, -6.213240e-01],
 [-2.505927e-02,  2.075191e-03, -2.679336e-02, -1.053412e-03,  9.649869e-03],
 [-1.077838e-02,  2.370204e-02, -8.328585e-03,  2.593431e-03,  1.621648e-02],
 [ 5.989239e-03,  5.080230e-02,  3.818369e-04, -2.624156e-02,  3.198764e-02],
 [ 4.423733e-02,  4.877864e-02, -5.114676e-02, -1.742550e-02,  2.103253e-02],
 [ 4.668107e-02,  2.228358e-02, -1.862026e-02, -4.946789e-02,  1.440808e-02],
 [ 4.242571e-02,  1.801535e-04,  2.967272e-03,  1.571904e-02,  2.554600e-02],
 [ 1.315220e-02,  4.267652e-02, -2.091236e-02,  3.587396e-02, -7.987281e-03],
 [ 3.596796e-02,  4.960591e-02, -1.170994e-02, -6.326626e-03,  8.711641e-03],
 [ 6.251753e-03, -1.835747e-03,  2.995278e-04,  4.629512e-02,  1.414337e-02],
 [-2.738442e-02, -1.596280e-02,  5.651675e-03,  4.030885e-03,  2.017038e-02],
 [ 1.011296e-03, -2.744407e-02,  1.241134e-02,  1.544265e-02,  1.455269e-02],
 [ 6.015334e-01,  6.997086e-01, -1.685621e-01, -7.444310e-01, -8.387074e-01]]
energy_short: [-0.90101 ,  0.877698,  0.873543, -0.47697 , -0.28453 , -0.332338, -0.575646, -0.52131 , -0.521884, -0.634291,  0.883336,  0.880747, -0.635028]
energy_long: [-0.023616,  0.064262,  0.064433,  0.198428,  0.103213,  0.149613,  0.15648 ,  0.186559,  0.218743,  0.201193,  0.069555,  0.069279,  0.092537]