step=961200, graph_id=0, num_atoms=13
scalar_charges: [ 2.229589, -7.470701, -7.470237,  2.159411,  2.136786,  2.144593,  2.188184,  2.181482,  2.183253,  2.196024, -7.471668, -7.474131,  2.192589]
spherical_charges_l0: [[ 1.238153e+00],
 [-1.558933e-03],
 [ 8.638509e-04],
 [-4.781274e-02],
 [-2.802698e-02],
 [-1.634503e-02],
 [-1.316312e-02],
 [-2.336079e-02],
 [-2.469976e-02],
 [-5.061786e-02],
 [-5.357776e-03],
 [-3.219421e-03],
 [ 1.154966e+00]]
spherical_charges_l1: [[ 6.368436e-03,  3.456743e+00,  1.973993e+00],
 [ 6.297765e-02,  5.413661e-02,  5.464470e-02],
 [-4.930730e-02,  6.572147e-02,  4.681117e-03],
 [-1.342005e-01,  4.695836e-01,  2.189862e-01],
 [ 1.240534e-01,  9.545271e-03,  8.517279e-02],
 [ 1.363199e-01,  5.573227e-02,  1.628651e-01],
 [ 1.997481e-02,  2.309159e-02,  9.799236e-02],
 [-7.064722e-02,  1.824422e-02,  2.129776e-01],
 [ 2.176159e-02,  9.656115e-02,  2.186131e-01],
 [ 1.683956e-01, -3.639192e-01,  2.611435e-01],
 [ 7.843975e-02, -3.322994e-02,  1.893503e-02],
 [ 2.420201e-03, -7.296426e-02,  3.586141e-02],
 [ 2.025060e+00, -2.797910e+00,  2.056997e+00]]
spherical_charges_l2: [[ 2.156372e+00, -1.737159e+00,  3.094903e+00,  1.209529e+00, -2.050939e+00],
 [-1.017416e-01,  1.018620e-02, -1.025550e-01,  4.018951e-04,  3.693361e-02],
 [-4.155156e-02,  8.830778e-02, -2.682585e-02,  1.681834e-02,  5.629695e-02],
 [ 1.891142e-02,  1.977054e-01,  2.689092e-02, -9.562330e-02,  1.011368e-01],
 [ 1.706910e-01,  1.883001e-01, -1.938209e-01, -6.247703e-02,  6.829484e-02],
 [ 1.718388e-01,  7.014691e-02, -7.445924e-02, -1.832796e-01,  4.784317e-02],
 [ 1.656939e-01, -7.886309e-04,  1.116720e-02,  6.029237e-02,  1.023789e-01],
 [ 5.486327e-02,  1.604540e-01, -7.768369e-02,  1.350313e-01, -3.646618e-02],
 [ 1.412820e-01,  1.853370e-01, -4.649194e-02, -2.672854e-02,  3.210450e-02],
 [ 3.245139e-02, -1.230469e-02, -6.066661e-03,  1.554110e-01,  1.701132e-02],
 [-1.004618e-01, -6.383421e-02,  2.369745e-02,  9.262622e-03,  6.932333e-02],
 [ 3.541652e-03, -1.039307e-01,  4.744083e-02,  5.165685e-02,  4.919031e-02],
 [ 1.965693e+00,  2.316661e+00, -5.732871e-01, -2.424071e+00, -2.748918e+00]]
energy_short: [-0.806814,  0.563577,  0.559314, -0.316307, -0.217587, -0.255447, -0.467585, -0.438925, -0.448197, -0.527305,  0.573406,  0.569713, -0.491533]
energy_long: [0.011581, 0.079179, 0.077105, 0.215255, 0.141018, 0.163763, 0.18315 , 0.184814, 0.231605, 0.215465, 0.079808, 0.079622, 0.130761]