step=973215, graph_id=0, num_atoms=13
scalar_charges: [ 2.287023, -8.044658, -8.043056,  2.197351,  2.17085 ,  2.18012 ,  2.231489,  2.222698,  2.224607,  2.239625, -8.051587, -8.051905,  2.240992]
spherical_charges_l0: [[ 1.298876],
 [-0.004723],
 [-0.002424],
 [-0.04897 ],
 [-0.030376],
 [-0.020307],
 [-0.015949],
 [-0.025634],
 [-0.028071],
 [-0.052051],
 [-0.008962],
 [-0.006864],
 [ 1.230186]]
spherical_charges_l1: [[-1.160596e-03,  3.401555e+00,  1.932257e+00],
 [ 4.727504e-02,  6.119354e-02,  5.017058e-02],
 [-3.080097e-02,  6.080786e-02,  1.120880e-02],
 [-1.244369e-01,  4.122973e-01,  1.805821e-01],
 [ 8.196944e-02,  8.962742e-03,  4.730365e-02],
 [ 9.662560e-02,  3.871186e-02,  1.317255e-01],
 [ 1.804196e-02,  2.133506e-02,  9.125680e-02],
 [-4.434345e-02,  2.154363e-02,  1.605045e-01],
 [ 8.311184e-03,  6.648567e-02,  1.560327e-01],
 [ 1.441864e-01, -3.229233e-01,  2.261405e-01],
 [ 6.977666e-02, -4.496989e-02,  2.440610e-02],
 [ 1.769017e-02, -6.855158e-02,  3.421287e-02],
 [ 1.982560e+00, -2.735165e+00,  2.051096e+00]]
spherical_charges_l2: [[ 2.129827, -1.766418,  3.048819,  1.202858, -2.026508],
 [-0.094762,  0.008682, -0.104069, -0.007748,  0.036935],
 [-0.033156,  0.08691 , -0.026389,  0.007739,  0.056668],
 [ 0.03519 ,  0.192422,  0.003966, -0.100756,  0.107966],
 [ 0.141829,  0.153251, -0.143334, -0.046985,  0.063834],
 [ 0.149519,  0.059283, -0.05404 , -0.16005 ,  0.037638],
 [ 0.143097, -0.004385,  0.011109,  0.053504,  0.089204],
 [ 0.041208,  0.135261, -0.075316,  0.116894, -0.028303],
 [ 0.112888,  0.157638, -0.031509, -0.019206,  0.035501],
 [ 0.032575, -0.007541, -0.00798 ,  0.159399,  0.038386],
 [-0.103171, -0.053434,  0.018118,  0.01377 ,  0.074379],
 [ 0.008753, -0.097183,  0.044038,  0.058282,  0.051752],
 [ 1.944285,  2.298643, -0.571884, -2.40993 , -2.731451]]
energy_short: [-0.802608,  0.585627,  0.58134 , -0.306414, -0.203046, -0.241672, -0.457433, -0.423865, -0.432694, -0.510443,  0.595836,  0.592185, -0.496393]
energy_long: [0.011255, 0.081258, 0.079724, 0.215655, 0.119375, 0.16691 , 0.180643, 0.189982, 0.232676, 0.214783, 0.082019, 0.082374, 0.130435]