step=2002500, graph_id=0, num_atoms=13
scalar_charges: [ 1.044089, -3.146727, -3.146883,  0.985959,  0.957806,  0.964101,  0.997982,  0.990438,  0.990671,  1.008766, -3.153857, -3.151086,  1.005936]
spherical_charges_l0: [[ 4.591777e-01],
 [-4.161552e-04],
 [ 1.373625e-03],
 [-1.530487e-02],
 [-1.116162e-02],
 [-1.000756e-02],
 [-3.250817e-03],
 [-1.032091e-02],
 [-1.139375e-02],
 [-1.985280e-02],
 [-5.991859e-04],
 [-6.670415e-04],
 [ 4.261784e-01]]
spherical_charges_l1: [[-5.910512e-03,  1.282499e+00,  7.347319e-01],
 [ 1.221325e-02,  2.454695e-02,  1.666961e-02],
 [-8.478660e-03,  2.066148e-02,  4.784315e-03],
 [-5.165065e-02,  1.662446e-01,  7.369774e-02],
 [ 4.393951e-02,  6.971809e-04,  3.337110e-02],
 [ 4.540856e-02,  2.171410e-02,  6.062119e-02],
 [ 7.901760e-03,  7.594789e-03,  3.683048e-02],
 [-1.924224e-02,  5.615432e-03,  7.140394e-02],
 [ 4.267579e-03,  3.220309e-02,  7.018517e-02],
 [ 5.867387e-02, -1.322833e-01,  9.055441e-02],
 [ 2.463572e-02, -1.404363e-02,  7.720544e-03],
 [ 6.240807e-03, -2.483625e-02,  1.239033e-02],
 [ 7.397084e-01, -1.022913e+00,  7.707238e-01]]
spherical_charges_l2: [[ 9.090639e-01, -7.355173e-01,  1.312268e+00,  5.241501e-01, -8.588259e-01],
 [-3.416318e-02,  4.507279e-03, -3.762418e-02, -2.584993e-03,  1.528730e-02],
 [-1.605570e-02,  3.183831e-02, -1.360985e-02,  3.141957e-03,  2.307701e-02],
 [-2.872781e-03,  8.711907e-02, -9.402510e-03, -4.233064e-02,  5.661171e-02],
 [ 6.291893e-02,  7.242557e-02, -7.540907e-02, -2.189554e-02,  3.112885e-02],
 [ 6.910240e-02,  2.805758e-02, -2.821036e-02, -7.704974e-02,  1.758717e-02],
 [ 6.269680e-02, -3.236212e-03,  5.844202e-03,  2.413795e-02,  3.897163e-02],
 [ 1.889860e-02,  6.274475e-02, -3.227402e-02,  5.441135e-02, -1.473954e-02],
 [ 5.420406e-02,  7.382596e-02, -1.585446e-02, -1.216801e-02,  1.271358e-02],
 [ 1.896439e-03, -1.345473e-02,  2.529076e-03,  7.883424e-02,  2.940145e-02],
 [-3.745392e-02, -2.227646e-02,  7.817404e-03,  7.400768e-03,  2.929738e-02],
 [ 3.525115e-04, -3.690354e-02,  1.652236e-02,  2.220789e-02,  2.144039e-02],
 [ 8.418965e-01,  9.834887e-01, -2.372623e-01, -1.042486e+00, -1.170489e+00]]
energy_short: [-0.84082 ,  0.802294,  0.797861, -0.446921, -0.250242, -0.300208, -0.542669, -0.487316, -0.488015, -0.606317,  0.809263,  0.806423, -0.571441]
energy_long: [-0.018838,  0.055819,  0.054786,  0.199212,  0.11334 ,  0.154468,  0.160478,  0.186423,  0.2203  ,  0.200054,  0.059527,  0.058683,  0.096112]