step=1561950, graph_id=0, num_atoms=13
scalar_charges: [ 1.315497, -3.938339, -3.940064,  1.247205,  1.217405,  1.225285,  1.267341,  1.258866,  1.25963 ,  1.276401, -3.936927, -3.937831,  1.27103 ]
spherical_charges_l0: [[ 6.668557e-01],
 [-2.545917e-03],
 [-1.928824e-04],
 [-2.322477e-02],
 [-1.469377e-02],
 [-1.088336e-02],
 [-5.318670e-03],
 [-1.286247e-02],
 [-1.417117e-02],
 [-2.677075e-02],
 [-3.154002e-03],
 [-3.067354e-03],
 [ 6.138233e-01]]
spherical_charges_l1: [[ 1.279099e-02,  1.934595e+00,  1.120088e+00],
 [ 2.129707e-02,  2.377117e-02,  2.177003e-02],
 [-1.918440e-02,  2.485633e-02,  2.500791e-03],
 [-7.285875e-02,  2.136486e-01,  9.224796e-02],
 [ 6.012189e-02, -7.121774e-05,  4.314686e-02],
 [ 6.243981e-02,  3.274832e-02,  8.691301e-02],
 [ 1.192126e-02,  1.112575e-02,  5.477798e-02],
 [-2.686539e-02,  7.790932e-03,  9.936328e-02],
 [ 5.323630e-03,  4.537679e-02,  9.805368e-02],
 [ 7.568442e-02, -1.743387e-01,  1.192190e-01],
 [ 3.304181e-02, -1.258732e-02,  7.298221e-03],
 [ 2.474615e-04, -3.132200e-02,  1.537827e-02],
 [ 1.117706e+00, -1.538968e+00,  1.142584e+00]]
spherical_charges_l2: [[ 1.320755e+00, -1.053626e+00,  1.869644e+00,  7.045735e-01, -1.230206e+00],
 [-4.611129e-02,  5.097011e-03, -4.771562e-02, -1.169780e-03,  1.800609e-02],
 [-1.925043e-02,  4.313289e-02, -1.462367e-02,  5.843937e-03,  2.848076e-02],
 [-2.208175e-03,  1.021248e-01, -8.110031e-03, -5.007012e-02,  6.454918e-02],
 [ 7.948335e-02,  8.985078e-02, -8.969670e-02, -2.902094e-02,  4.419066e-02],
 [ 8.461974e-02,  3.475174e-02, -2.701348e-02, -9.452663e-02,  2.344779e-02],
 [ 8.564540e-02, -1.720076e-03,  6.423838e-03,  3.205471e-02,  5.142616e-02],
 [ 2.155506e-02,  7.882883e-02, -4.226642e-02,  7.038009e-02, -1.340980e-02],
 [ 6.679323e-02,  9.385553e-02, -1.996313e-02, -1.262005e-02,  2.060756e-02],
 [ 2.887909e-03, -1.607708e-02,  4.509507e-03,  9.379479e-02,  3.318376e-02],
 [-4.679194e-02, -2.806013e-02,  1.003480e-02,  7.096312e-03,  3.468830e-02],
 [ 1.518602e-03, -4.658305e-02,  2.102357e-02,  2.653463e-02,  2.511089e-02],
 [ 1.186462e+00,  1.407941e+00, -3.570777e-01, -1.432498e+00, -1.643732e+00]]
energy_short: [-0.813988,  0.722795,  0.718075, -0.411868, -0.254746, -0.2996  , -0.531077, -0.485993, -0.490106, -0.586151,  0.730313,  0.727932, -0.537771]
energy_long: [-0.007677,  0.067314,  0.065232,  0.205153,  0.106064,  0.156879,  0.169916,  0.192856,  0.223549,  0.206007,  0.069713,  0.068993,  0.103182]