step=2571210, graph_id=0, num_atoms=13
scalar_charges: [ 0.933684, -2.793042, -2.792001,  0.877531,  0.852826,  0.858798,  0.889426,  0.882987,  0.883261,  0.898468, -2.800271, -2.797662,  0.898417]
spherical_charges_l0: [[ 0.376314],
 [-0.000983],
 [ 0.000597],
 [-0.010616],
 [-0.007603],
 [-0.007179],
 [-0.002327],
 [-0.007267],
 [-0.008002],
 [-0.01438 ],
 [-0.000824],
 [-0.000869],
 [ 0.350427]]
spherical_charges_l1: [[-0.003442,  1.073049,  0.623529],
 [ 0.010661,  0.014697,  0.011811],
 [-0.006874,  0.013328,  0.002582],
 [-0.037777,  0.119398,  0.050728],
 [ 0.0377  ,  0.001112,  0.028811],
 [ 0.037179,  0.016596,  0.048764],
 [ 0.006386,  0.006213,  0.030553],
 [-0.01591 ,  0.005116,  0.058085],
 [ 0.003536,  0.026104,  0.057539],
 [ 0.042459, -0.098664,  0.063564],
 [ 0.018051, -0.007943,  0.004505],
 [ 0.00205 , -0.017131,  0.008471],
 [ 0.618281, -0.853448,  0.643351]]
spherical_charges_l2: [[ 7.851275e-01, -6.234830e-01,  1.110671e+00,  4.231150e-01, -7.286533e-01],
 [-2.790179e-02,  1.784400e-03, -3.000981e-02, -1.350626e-03,  1.071399e-02],
 [-1.128421e-02,  2.679098e-02, -8.874468e-03,  2.798499e-03,  1.816614e-02],
 [ 5.981890e-03,  6.122727e-02,  1.154734e-03, -3.044199e-02,  3.634839e-02],
 [ 4.990747e-02,  5.561664e-02, -5.696961e-02, -1.883875e-02,  2.431555e-02],
 [ 5.376082e-02,  2.338692e-02, -1.993662e-02, -5.762613e-02,  1.527752e-02],
 [ 5.004526e-02, -4.800865e-04,  3.553672e-03,  1.843607e-02,  2.980318e-02],
 [ 1.473093e-02,  4.850002e-02, -2.529858e-02,  4.276849e-02, -9.238949e-03],
 [ 4.154985e-02,  5.720493e-02, -1.261938e-02, -7.550226e-03,  1.156877e-02],
 [ 7.832464e-03, -2.887307e-03,  7.536006e-05,  5.403424e-02,  1.526668e-02],
 [-3.046648e-02, -1.702354e-02,  5.965979e-03,  3.976209e-03,  2.194919e-02],
 [ 2.120174e-03, -3.001019e-02,  1.362214e-02,  1.713085e-02,  1.554902e-02],
 [ 7.152483e-01,  8.418152e-01, -2.100029e-01, -8.648196e-01, -9.866766e-01]]
energy_short: [-0.891473,  0.851998,  0.846822, -0.468379, -0.274792, -0.324092, -0.566641, -0.512741, -0.513247, -0.627629,  0.855035,  0.853381, -0.616242]
energy_long: [-0.028538,  0.062641,  0.062463,  0.196863,  0.105873,  0.150467,  0.154746,  0.185348,  0.217243,  0.199384,  0.066934,  0.066661,  0.094873]