step=1886355, graph_id=0, num_atoms=13
scalar_charges: [ 1.074946, -3.223132, -3.222239,  1.02763 ,  1.001591,  1.007537,  1.037856,  1.031399,  1.031674,  1.047798, -3.232191, -3.228317,  1.041911]
spherical_charges_l0: [[ 0.527454],
 [-0.001367],
 [ 0.000784],
 [-0.015087],
 [-0.012287],
 [-0.010515],
 [-0.003992],
 [-0.010803],
 [-0.011896],
 [-0.018889],
 [-0.001149],
 [-0.001267],
 [ 0.48506 ]]
spherical_charges_l1: [[-0.004214,  1.490154,  0.873823],
 [ 0.013524,  0.018631,  0.015052],
 [-0.009996,  0.017137,  0.002867],
 [-0.053311,  0.162038,  0.074957],
 [ 0.047404,  0.003693,  0.031285],
 [ 0.048836,  0.019394,  0.067335],
 [ 0.009703,  0.009877,  0.046026],
 [-0.021055,  0.009276,  0.077327],
 [ 0.004053,  0.03213 ,  0.076542],
 [ 0.05675 , -0.129499,  0.092507],
 [ 0.021814, -0.010565,  0.005919],
 [ 0.002901, -0.021363,  0.010576],
 [ 0.854552, -1.179768,  0.883453]]
spherical_charges_l2: [[ 1.013020e+00, -8.051190e-01,  1.443574e+00,  5.640595e-01, -9.503502e-01],
 [-3.332685e-02,  3.406900e-03, -3.519182e-02, -1.272578e-03,  1.363739e-02],
 [-1.482919e-02,  3.008085e-02, -1.202231e-02,  3.580854e-03,  2.124474e-02],
 [ 3.467128e-03,  8.519797e-02, -3.654552e-03, -4.300172e-02,  5.318806e-02],
 [ 6.539044e-02,  7.245243e-02, -7.071804e-02, -2.369143e-02,  3.372005e-02],
 [ 6.953413e-02,  2.895520e-02, -2.457016e-02, -7.427114e-02,  1.949743e-02],
 [ 6.585389e-02,  4.220449e-04,  4.852111e-03,  2.424685e-02,  3.989038e-02],
 [ 1.921769e-02,  6.244414e-02, -3.340094e-02,  5.513321e-02, -1.097044e-02],
 [ 5.345871e-02,  7.382247e-02, -1.541877e-02, -8.561512e-03,  1.626930e-02],
 [ 6.192908e-03, -8.213826e-03,  1.845378e-03,  7.520662e-02,  2.449005e-02],
 [-3.417356e-02, -2.076179e-02,  7.428338e-03,  5.609849e-03,  2.573211e-02],
 [ 6.881150e-04, -3.446358e-02,  1.553391e-02,  1.955458e-02,  1.876116e-02],
 [ 9.258453e-01,  1.084794e+00, -2.672169e-01, -1.128779e+00, -1.279388e+00]]
energy_short: [-0.824956,  0.776207,  0.771343, -0.458418, -0.257872, -0.306921, -0.548351, -0.492983, -0.493414, -0.617757,  0.782473,  0.780013, -0.558015]
energy_long: [-0.015038,  0.063337,  0.062392,  0.203001,  0.113859,  0.161186,  0.15596 ,  0.194085,  0.22113 ,  0.203614,  0.066998,  0.066413,  0.1017  ]