step=3131910, graph_id=0, num_atoms=13
scalar_charges: [ 0.867826, -2.610479, -2.60585 ,  0.824411,  0.804724,  0.809554,  0.83431 ,  0.829149,  0.829336,  0.841039, -2.62148 , -2.617323,  0.842085]
spherical_charges_l0: [[ 0.31852 ],
 [-0.000509],
 [ 0.000832],
 [-0.009879],
 [-0.007488],
 [-0.006916],
 [-0.00196 ],
 [-0.006537],
 [-0.007265],
 [-0.013131],
 [-0.000352],
 [-0.000447],
 [ 0.295499]]
spherical_charges_l1: [[-0.005637,  0.934146,  0.542455],
 [ 0.008994,  0.014059,  0.010719],
 [-0.005968,  0.012806,  0.002767],
 [-0.034081,  0.104496,  0.045628],
 [ 0.034647,  0.002782,  0.026676],
 [ 0.034919,  0.013015,  0.043576],
 [ 0.005618,  0.005474,  0.026718],
 [-0.015415,  0.005426,  0.053283],
 [ 0.004212,  0.023078,  0.053353],
 [ 0.036932, -0.085645,  0.057029],
 [ 0.016415, -0.007617,  0.004291],
 [ 0.002421, -0.016284,  0.008068],
 [ 0.536196, -0.741064,  0.559764]]
spherical_charges_l2: [[ 6.777973e-01, -5.444193e-01,  9.712068e-01,  3.795230e-01, -6.407482e-01],
 [-2.616685e-02,  1.242998e-03, -2.805146e-02, -1.404130e-03,  9.620014e-03],
 [-1.081394e-02,  2.474290e-02, -8.301337e-03,  2.627303e-03,  1.671282e-02],
 [ 5.891873e-03,  5.266124e-02,  8.036327e-04, -2.686832e-02,  3.286064e-02],
 [ 4.574574e-02,  5.007361e-02, -5.207695e-02, -1.812487e-02,  2.135062e-02],
 [ 4.788756e-02,  2.248319e-02, -1.912968e-02, -4.997043e-02,  1.420090e-02],
 [ 4.329356e-02, -2.207772e-04,  3.046076e-03,  1.608830e-02,  2.609943e-02],
 [ 1.384183e-02,  4.336704e-02, -2.168746e-02,  3.636868e-02, -8.335358e-03],
 [ 3.714535e-02,  5.067772e-02, -1.176524e-02, -5.991446e-03,  8.910740e-03],
 [ 6.453725e-03, -1.988313e-03,  1.680984e-04,  4.760220e-02,  1.402711e-02],
 [-2.871630e-02, -1.589553e-02,  5.545802e-03,  3.770411e-03,  2.070012e-02],
 [ 1.683341e-03, -2.830757e-02,  1.283448e-02,  1.606993e-02,  1.476682e-02],
 [ 6.226467e-01,  7.297475e-01, -1.789600e-01, -7.638379e-01, -8.651435e-01]]
energy_short: [-0.910434,  0.873848,  0.86947 , -0.47869 , -0.288578, -0.335981, -0.577304, -0.524572, -0.525599, -0.637394,  0.880189,  0.877438, -0.642405]
energy_long: [-0.028828,  0.064309,  0.064512,  0.200208,  0.102809,  0.151578,  0.160391,  0.186929,  0.225114,  0.202884,  0.069347,  0.069146,  0.092929]