step=680850, graph_id=0, num_atoms=13
scalar_charges: [  3.512198, -13.489995, -13.483589,   3.488225,   3.466655,   3.476545,   3.520001,   3.512833,   3.513416,   3.520642, -13.526141, -13.510979,   3.515028]
spherical_charges_l0: [[ 2.023311e+00],
 [-3.230644e-03],
 [-1.878204e-03],
 [-7.776647e-02],
 [-5.578062e-02],
 [-3.533040e-02],
 [-3.140870e-02],
 [-4.241984e-02],
 [-4.894565e-02],
 [-7.778630e-02],
 [-9.162086e-03],
 [-5.497031e-03],
 [ 1.889626e+00]]
spherical_charges_l1: [[ 0.008688,  5.268868,  2.965124],
 [ 0.115791,  0.060796,  0.083754],
 [-0.091351,  0.112818,  0.006608],
 [-0.180299,  0.628147,  0.286658],
 [ 0.116588,  0.011606,  0.068621],
 [ 0.136254,  0.056225,  0.171803],
 [ 0.024053,  0.026832,  0.126943],
 [-0.066775,  0.023045,  0.224229],
 [ 0.017869,  0.09557 ,  0.223219],
 [ 0.229449, -0.504858,  0.350658],
 [ 0.155759, -0.03777 ,  0.023788],
 [-0.022269, -0.131233,  0.063613],
 [ 3.066832, -4.304174,  3.032414]]
spherical_charges_l2: [[ 2.816953, -2.349778,  4.305864,  1.810925, -2.89024 ],
 [-0.137457, -0.004428, -0.145025, -0.004396,  0.041324],
 [-0.03929 ,  0.120641, -0.020723,  0.020017,  0.072061],
 [ 0.060065,  0.26686 ,  0.075763, -0.137222,  0.149786],
 [ 0.22399 ,  0.245152, -0.235688, -0.071756,  0.091509],
 [ 0.216547,  0.084014, -0.081324, -0.248094,  0.083394],
 [ 0.223639,  0.017756,  0.012149,  0.073818,  0.133426],
 [ 0.066137,  0.214385, -0.089423,  0.195198, -0.031162],
 [ 0.181535,  0.244614, -0.070606, -0.038056,  0.057076],
 [ 0.066615,  0.019646, -0.012571,  0.227904,  0.021066],
 [-0.139647, -0.065413,  0.022061,  0.00536 ,  0.088498],
 [ 0.022311, -0.130765,  0.060414,  0.072095,  0.057923],
 [ 2.661193,  3.0576  , -0.736879, -3.427773, -3.858935]]
energy_short: [-0.742515,  0.535779,  0.529057, -0.267945, -0.187872, -0.226942, -0.441292, -0.409458, -0.418235, -0.483463,  0.548153,  0.542279, -0.431479]
energy_long: [0.023639, 0.072282, 0.070062, 0.21957 , 0.129216, 0.165682, 0.159272, 0.183285, 0.230961, 0.22145 , 0.074248, 0.073161, 0.130702]