step=764955, graph_id=0, num_atoms=13
scalar_charges: [  3.05306 , -10.971819, -10.967515,   2.957715,   2.934065,   2.943935,   3.00118 ,   2.991653,   2.994089,   3.007789, -11.001951, -10.989586,   3.004175]
spherical_charges_l0: [[ 1.678928e+00],
 [-1.330945e-03],
 [-2.299352e-05],
 [-6.005515e-02],
 [-4.060212e-02],
 [-1.921032e-02],
 [-2.650928e-02],
 [-3.053591e-02],
 [-3.524723e-02],
 [-5.600639e-02],
 [-7.154032e-03],
 [-3.851980e-03],
 [ 1.560284e+00]]
spherical_charges_l1: [[-1.736891e-02,  4.337685e+00,  2.471761e+00],
 [ 7.938994e-02,  4.820878e-02,  5.916793e-02],
 [-6.331200e-02,  7.616467e-02,  2.683467e-03],
 [-1.591168e-01,  5.295739e-01,  2.434193e-01],
 [ 8.835209e-02,  2.291818e-02,  5.162242e-02],
 [ 1.259964e-01,  3.127184e-02,  1.705316e-01],
 [ 2.450208e-02,  2.612569e-02,  1.261392e-01],
 [-5.672312e-02,  3.555750e-02,  2.049072e-01],
 [ 1.424100e-02,  7.133967e-02,  2.001113e-01],
 [ 1.775060e-01, -3.994049e-01,  2.911918e-01],
 [ 1.030771e-01, -2.796615e-02,  1.718384e-02],
 [-1.217092e-02, -8.856437e-02,  4.301431e-02],
 [ 2.468532e+00, -3.447433e+00,  2.518588e+00]]
spherical_charges_l2: [[ 2.552890e+00, -2.179003e+00,  3.829968e+00,  1.623079e+00, -2.597381e+00],
 [-1.246433e-01,  1.041787e-02, -1.255164e-01,  2.603857e-03,  3.934002e-02],
 [-4.147936e-02,  1.095217e-01, -2.147228e-02,  1.959565e-02,  6.385925e-02],
 [ 2.945258e-02,  2.234195e-01,  4.784093e-02, -1.067559e-01,  1.195996e-01],
 [ 1.944110e-01,  2.085428e-01, -1.962655e-01, -7.174463e-02,  8.905797e-02],
 [ 1.913602e-01,  7.733177e-02, -6.072203e-02, -1.998527e-01,  6.507043e-02],
 [ 1.982383e-01,  1.576729e-02,  1.549328e-02,  7.313262e-02,  1.295749e-01],
 [ 5.864332e-02,  1.830328e-01, -9.077325e-02,  1.596304e-01, -1.659714e-02],
 [ 1.528914e-01,  2.095605e-01, -5.073369e-02, -1.836026e-02,  5.455035e-02],
 [ 3.638528e-02, -1.386251e-02,  1.761569e-03,  1.888068e-01,  2.684770e-02],
 [-1.220902e-01, -6.617319e-02,  2.378166e-02,  3.018892e-03,  7.631069e-02],
 [ 1.346250e-02, -1.214712e-01,  5.611017e-02,  5.988812e-02,  5.165235e-02],
 [ 2.361068e+00,  2.722076e+00, -6.458621e-01, -3.063040e+00, -3.426132e+00]]
energy_short: [-0.794519,  0.560296,  0.553526, -0.291651, -0.212337, -0.247183, -0.457561, -0.43038 , -0.442792, -0.511173,  0.573207,  0.567116, -0.486003]
energy_long: [0.019055, 0.079495, 0.075991, 0.222587, 0.11707 , 0.17685 , 0.168458, 0.205962, 0.236233, 0.220829, 0.081014, 0.079496, 0.141858]