step=2178720, graph_id=0, num_atoms=13
scalar_charges: [ 1.020482, -2.926944, -2.927617,  0.962497,  0.934903,  0.941507,  0.976096,  0.968195,  0.968376,  0.985314, -2.934426, -2.931382,  0.982813]
spherical_charges_l0: [[ 4.552267e-01],
 [-4.928357e-04],
 [ 1.147239e-03],
 [-1.286299e-02],
 [-1.002587e-02],
 [-8.814374e-03],
 [-2.660121e-03],
 [-8.686248e-03],
 [-9.783645e-03],
 [-1.643801e-02],
 [-4.324508e-04],
 [-6.173519e-04],
 [ 4.186877e-01]]
spherical_charges_l1: [[-7.859157e-04,  1.264894e+00,  7.336558e-01],
 [ 1.168705e-02,  2.033648e-02,  1.472487e-02],
 [-7.616193e-03,  1.818595e-02,  4.223648e-03],
 [-4.382605e-02,  1.364858e-01,  6.039360e-02],
 [ 4.309359e-02,  2.043958e-03,  3.200955e-02],
 [ 4.397659e-02,  1.874510e-02,  5.724983e-02],
 [ 7.643577e-03,  7.454291e-03,  3.656669e-02],
 [-1.955771e-02,  6.658358e-03,  6.805627e-02],
 [ 4.739272e-03,  2.982846e-02,  6.775922e-02],
 [ 4.771274e-02, -1.094297e-01,  7.578459e-02],
 [ 2.206278e-02, -1.271080e-02,  6.978788e-03],
 [ 5.612694e-03, -2.179510e-02,  1.087712e-02],
 [ 7.207671e-01, -9.987555e-01,  7.498322e-01]]
spherical_charges_l2: [[ 8.915870e-01, -7.174260e-01,  1.290619e+00,  5.104403e-01, -8.508340e-01],
 [-3.368590e-02,  2.069706e-03, -3.665791e-02, -2.541672e-03,  1.361237e-02],
 [-1.440206e-02,  3.190665e-02, -1.212711e-02,  3.272894e-03,  2.229553e-02],
 [ 3.830633e-03,  7.195573e-02,  9.782640e-04, -3.407960e-02,  4.529436e-02],
 [ 5.546399e-02,  6.299976e-02, -6.433196e-02, -2.164378e-02,  2.837948e-02],
 [ 6.123711e-02,  2.619238e-02, -2.276733e-02, -6.560302e-02,  1.521336e-02],
 [ 5.792230e-02, -2.833145e-03,  4.977649e-03,  2.211118e-02,  3.503173e-02],
 [ 1.596599e-02,  5.437300e-02, -3.070784e-02,  4.791977e-02, -1.183921e-02],
 [ 4.671471e-02,  6.507728e-02, -1.273197e-02, -8.780876e-03,  1.255766e-02],
 [ 7.948776e-03, -5.021868e-03,  1.855741e-03,  6.282032e-02,  1.809115e-02],
 [-3.597561e-02, -2.097646e-02,  7.355466e-03,  6.413778e-03,  2.749726e-02],
 [ 1.428378e-03, -3.558886e-02,  1.602929e-02,  2.105698e-02,  1.973122e-02],
 [ 8.173111e-01,  9.501213e-01, -2.329175e-01, -1.006163e+00, -1.140435e+00]]
energy_short: [-0.870762,  0.851954,  0.84706 , -0.468708, -0.273179, -0.324103, -0.57175 , -0.513371, -0.513374, -0.628372,  0.858993,  0.855877, -0.601624]
energy_long: [-0.037129,  0.058568,  0.058004,  0.197528,  0.096654,  0.148301,  0.153876,  0.178102,  0.220326,  0.198226,  0.063321,  0.062646,  0.090151]