step=2042550, graph_id=0, num_atoms=13
scalar_charges: [ 1.040616, -3.115154, -3.113908,  0.985146,  0.958371,  0.964509,  0.997063,  0.989754,  0.989984,  1.006385, -3.124811, -3.121506,  1.004401]
spherical_charges_l0: [[ 4.872038e-01],
 [-1.719262e-03],
 [ 1.239792e-04],
 [-1.585540e-02],
 [-1.207878e-02],
 [-1.077181e-02],
 [-3.072803e-03],
 [-1.045100e-02],
 [-1.160394e-02],
 [-2.009705e-02],
 [-1.846631e-03],
 [-1.854280e-03],
 [ 4.494302e-01]]
spherical_charges_l1: [[-0.004555,  1.365023,  0.792569],
 [ 0.013284,  0.018227,  0.014585],
 [-0.009612,  0.017083,  0.002806],
 [-0.054098,  0.158982,  0.066064],
 [ 0.042761,  0.002873,  0.031382],
 [ 0.045683,  0.01829 ,  0.060696],
 [ 0.008651,  0.008752,  0.04125 ],
 [-0.019857,  0.008654,  0.070471],
 [ 0.00446 ,  0.029423,  0.069813],
 [ 0.054252, -0.129078,  0.085092],
 [ 0.021683, -0.010451,  0.005858],
 [ 0.003133, -0.021443,  0.010622],
 [ 0.784231, -1.08622 ,  0.812089]]
spherical_charges_l2: [[ 9.460407e-01, -7.432771e-01,  1.346950e+00,  5.172686e-01, -8.824709e-01],
 [-3.171546e-02,  3.162116e-03, -3.466797e-02, -2.143323e-03,  1.321451e-02],
 [-1.316497e-02,  3.026485e-02, -1.107863e-02,  2.758449e-03,  2.100425e-02],
 [ 5.568989e-03,  8.026001e-02, -4.161796e-03, -3.839470e-02,  4.726509e-02],
 [ 6.261957e-02,  6.993677e-02, -7.157802e-02, -2.383970e-02,  3.133766e-02],
 [ 6.783862e-02,  2.995963e-02, -2.805992e-02, -7.303521e-02,  1.850397e-02],
 [ 6.183383e-02, -1.483127e-03,  5.006911e-03,  2.332510e-02,  3.817152e-02],
 [ 1.882139e-02,  6.146939e-02, -3.121434e-02,  5.234553e-02, -1.297888e-02],
 [ 5.268024e-02,  7.247894e-02, -1.604340e-02, -9.749824e-03,  1.281705e-02],
 [ 6.968401e-03, -7.486950e-03,  2.909955e-04,  6.860173e-02,  2.191848e-02],
 [-3.477550e-02, -1.943939e-02,  6.740741e-03,  5.609245e-03,  2.601006e-02],
 [ 1.754693e-03, -3.356303e-02,  1.513214e-02,  2.003276e-02,  1.852616e-02],
 [ 8.641325e-01,  1.011682e+00, -2.530801e-01, -1.046573e+00, -1.196643e+00]]
energy_short: [-0.860334,  0.816536,  0.811989, -0.462313, -0.263532, -0.313606, -0.562704, -0.502802, -0.50275 , -0.619105,  0.821654,  0.819779, -0.589996]
energy_long: [-0.037224,  0.058641,  0.057613,  0.197085,  0.104726,  0.152408,  0.153277,  0.185314,  0.216394,  0.198289,  0.062237,  0.061227,  0.090141]