step=2507130, graph_id=0, num_atoms=13
scalar_charges: [ 0.935899, -2.793569, -2.791668,  0.879661,  0.855527,  0.861115,  0.891286,  0.885091,  0.885549,  0.900603, -2.80061 , -2.798102,  0.900461]
spherical_charges_l0: [[ 0.368549],
 [-0.000479],
 [ 0.000857],
 [-0.01108 ],
 [-0.009548],
 [-0.008843],
 [-0.003067],
 [-0.008551],
 [-0.00946 ],
 [-0.014378],
 [-0.00048 ],
 [-0.000506],
 [ 0.341755]]
spherical_charges_l1: [[-7.078989e-05,  1.077237e+00,  6.238206e-01],
 [ 9.092765e-03,  1.483408e-02,  1.094133e-02],
 [-5.368495e-03,  1.271389e-02,  2.806145e-03],
 [-4.039200e-02,  1.203529e-01,  5.353710e-02],
 [ 3.948380e-02,  3.120203e-03,  2.976245e-02],
 [ 3.903880e-02,  1.474693e-02,  4.857009e-02],
 [ 6.375092e-03,  5.945655e-03,  2.995568e-02],
 [-1.805353e-02,  6.159550e-03,  5.906770e-02],
 [ 5.086355e-03,  2.590663e-02,  6.045886e-02],
 [ 4.183921e-02, -9.642816e-02,  6.602550e-02],
 [ 1.581847e-02, -8.699834e-03,  4.799700e-03],
 [ 3.638102e-03, -1.565992e-02,  7.801176e-03],
 [ 6.195917e-01, -8.585206e-01,  6.421990e-01]]
spherical_charges_l2: [[ 7.768820e-01, -6.212284e-01,  1.104137e+00,  4.244376e-01, -7.275706e-01],
 [-2.579139e-02,  1.949595e-03, -2.742451e-02, -1.134744e-03,  1.021765e-02],
 [-1.113124e-02,  2.456120e-02, -8.768295e-03,  2.945605e-03,  1.698392e-02],
 [ 5.005616e-03,  6.494285e-02, -1.401600e-03, -3.013706e-02,  3.801101e-02],
 [ 5.184429e-02,  5.727442e-02, -5.954118e-02, -2.036569e-02,  2.473613e-02],
 [ 5.598335e-02,  2.603562e-02, -2.265636e-02, -5.917052e-02,  1.562225e-02],
 [ 5.182140e-02, -3.410159e-04,  3.636590e-03,  1.913431e-02,  3.132305e-02],
 [ 1.594787e-02,  5.130009e-02, -2.622630e-02,  4.295813e-02, -1.001905e-02],
 [ 4.290852e-02,  5.965643e-02, -1.323691e-02, -7.413075e-03,  1.060204e-02],
 [ 7.681490e-03, -4.792931e-03,  4.066089e-04,  5.491205e-02,  1.646028e-02],
 [-2.795262e-02, -1.656607e-02,  5.919012e-03,  3.929595e-03,  2.043839e-02],
 [ 1.087194e-03, -2.800200e-02,  1.268190e-02,  1.552387e-02,  1.461470e-02],
 [ 7.129081e-01,  8.373054e-01, -2.081389e-01, -8.657169e-01, -9.862812e-01]]
energy_short: [-0.880312,  0.852542,  0.847354, -0.464757, -0.274279, -0.320899, -0.561575, -0.508963, -0.510786, -0.624896,  0.856852,  0.85498 , -0.607654]
energy_long: [-0.02947 ,  0.053938,  0.053878,  0.195911,  0.103747,  0.146708,  0.156589,  0.18107 ,  0.216617,  0.197854,  0.058959,  0.058429,  0.09583 ]