step=1537920, graph_id=0, num_atoms=13
scalar_charges: [ 1.236575, -3.894472, -3.894182,  1.184131,  1.160627,  1.167006,  1.201132,  1.193846,  1.194502,  1.206528, -3.895078, -3.895939,  1.202247]
spherical_charges_l0: [[ 6.774532e-01],
 [-2.931274e-03],
 [-1.540465e-04],
 [-2.219848e-02],
 [-1.345251e-02],
 [-1.066405e-02],
 [-5.189301e-03],
 [-1.301163e-02],
 [-1.356016e-02],
 [-2.503924e-02],
 [-3.272998e-03],
 [-3.038648e-03],
 [ 6.246005e-01]]
spherical_charges_l1: [[-1.343429e-02,  1.911665e+00,  1.121956e+00],
 [ 2.290563e-02,  2.973159e-02,  2.406121e-02],
 [-1.692500e-02,  2.745350e-02,  3.756134e-03],
 [-7.401290e-02,  2.295390e-01,  9.737950e-02],
 [ 5.711178e-02,  3.189723e-04,  3.619121e-02],
 [ 5.803219e-02,  3.276693e-02,  8.333758e-02],
 [ 1.178022e-02,  1.000872e-02,  5.494144e-02],
 [-2.466143e-02,  5.719030e-03,  9.842473e-02],
 [ 3.956045e-03,  4.488222e-02,  9.469861e-02],
 [ 7.956092e-02, -1.818734e-01,  1.229263e-01],
 [ 3.563711e-02, -1.658147e-02,  9.333517e-03],
 [ 4.224939e-03, -3.381993e-02,  1.672681e-02],
 [ 1.104834e+00, -1.538833e+00,  1.145125e+00]]
spherical_charges_l2: [[ 1.268837e+00, -1.016169e+00,  1.799983e+00,  6.922486e-01, -1.185208e+00],
 [-4.542006e-02,  4.333807e-03, -5.042389e-02, -4.029368e-03,  1.969882e-02],
 [-2.024448e-02,  4.172879e-02, -1.786358e-02,  3.770052e-03,  2.991924e-02],
 [ 5.483844e-03,  1.122850e-01, -7.071719e-03, -5.462044e-02,  7.124496e-02],
 [ 7.391630e-02,  8.772048e-02, -8.654562e-02, -2.543310e-02,  4.039412e-02],
 [ 8.528580e-02,  3.315405e-02, -2.800523e-02, -9.171256e-02,  1.728950e-02],
 [ 8.096562e-02, -5.663462e-03,  7.638772e-03,  3.178254e-02,  5.128454e-02],
 [ 2.326797e-02,  7.619243e-02, -4.549750e-02,  6.522582e-02, -1.668000e-02],
 [ 6.483449e-02,  9.016440e-02, -1.545114e-02, -1.173122e-02,  1.744869e-02],
 [ 7.267298e-03, -1.420537e-02,  1.892250e-03,  9.666754e-02,  3.219739e-02],
 [-4.756874e-02, -3.078098e-02,  1.108039e-02,  1.043592e-02,  3.825572e-02],
 [-3.554506e-04, -4.819049e-02,  2.156193e-02,  2.832755e-02,  2.787389e-02],
 [ 1.159576e+00,  1.364638e+00, -3.408380e-01, -1.401865e+00, -1.599186e+00]]
energy_short: [-0.792133,  0.717925,  0.712667, -0.385195, -0.236214, -0.28227 , -0.516638, -0.468841, -0.472599, -0.562186,  0.723026,  0.721134, -0.506233]
energy_long: [0.001544, 0.062487, 0.060129, 0.20485 , 0.110054, 0.153842, 0.164245, 0.192404, 0.236009, 0.204469, 0.064589, 0.06409 , 0.116793]