step=1986480, graph_id=0, num_atoms=13
scalar_charges: [ 1.084856, -3.151783, -3.152497,  1.025262,  0.996464,  1.003258,  1.038928,  1.030906,  1.031085,  1.048773, -3.1592  , -3.156302,  1.044364]
spherical_charges_l0: [[ 5.032475e-01],
 [-1.597314e-03],
 [ 4.294478e-04],
 [-1.498035e-02],
 [-8.663278e-03],
 [-7.281671e-03],
 [-2.310700e-03],
 [-8.065545e-03],
 [-8.686616e-03],
 [-1.859986e-02],
 [-1.439877e-03],
 [-1.533215e-03],
 [ 4.649157e-01]]
spherical_charges_l1: [[ 0.009197,  1.427221,  0.829105],
 [ 0.01252 ,  0.019563,  0.014897],
 [-0.008877,  0.016908,  0.00325 ],
 [-0.051119,  0.155587,  0.070401],
 [ 0.042272,  0.004502,  0.030171],
 [ 0.045338,  0.017356,  0.061776],
 [ 0.008592,  0.008175,  0.040611],
 [-0.018826,  0.008241,  0.071158],
 [ 0.003798,  0.029648,  0.069981],
 [ 0.055662, -0.127356,  0.088785],
 [ 0.022539, -0.010782,  0.00605 ],
 [ 0.003346, -0.021598,  0.010706],
 [ 0.825996, -1.143347,  0.844608]]
spherical_charges_l2: [[ 9.846933e-01, -7.936416e-01,  1.408761e+00,  5.449843e-01, -9.308478e-01],
 [-3.233797e-02,  2.978053e-03, -3.458172e-02, -1.911588e-03,  1.319264e-02],
 [-1.402601e-02,  3.027357e-02, -1.167286e-02,  3.339899e-03,  2.085509e-02],
 [ 1.729804e-03,  8.093926e-02, -2.359392e-03, -3.869068e-02,  4.982131e-02],
 [ 6.310479e-02,  7.069269e-02, -7.416736e-02, -2.522755e-02,  2.907305e-02],
 [ 6.610081e-02,  2.847307e-02, -2.929644e-02, -7.012355e-02,  1.774865e-02],
 [ 6.046208e-02, -4.966243e-04,  4.592559e-03,  2.283660e-02,  3.734716e-02],
 [ 1.976708e-02,  5.991828e-02, -2.979506e-02,  5.024520e-02, -1.331694e-02],
 [ 5.277859e-02,  7.006910e-02, -1.610400e-02, -9.560349e-03,  1.080457e-02],
 [ 6.935108e-03, -7.860699e-03,  1.213068e-03,  7.124176e-02,  2.104373e-02],
 [-3.509683e-02, -2.023479e-02,  7.100532e-03,  5.731579e-03,  2.634245e-02],
 [ 1.506248e-03, -3.449382e-02,  1.555782e-02,  2.018732e-02,  1.885471e-02],
 [ 9.025151e-01,  1.056995e+00, -2.609915e-01, -1.104850e+00, -1.256207e+00]]
energy_short: [-0.832212,  0.803955,  0.798852, -0.448492, -0.256125, -0.305583, -0.549602, -0.492096, -0.491818, -0.605143,  0.809414,  0.807094, -0.561054]
energy_long: [-0.030711,  0.058915,  0.057525,  0.20176 ,  0.117851,  0.154272,  0.159922,  0.188858,  0.224797,  0.202204,  0.062823,  0.061852,  0.107215]