step=1573965, graph_id=0, num_atoms=13
scalar_charges: [ 1.271261, -3.865138, -3.864337,  1.212037,  1.183611,  1.190943,  1.22874 ,  1.220435,  1.221012,  1.237091, -3.86528 , -3.866193,  1.232308]
spherical_charges_l0: [[ 6.683881e-01],
 [-1.791395e-03],
 [ 2.506477e-04],
 [-2.150278e-02],
 [-1.731877e-02],
 [-1.435363e-02],
 [-7.568981e-03],
 [-1.550582e-02],
 [-1.659145e-02],
 [-2.518387e-02],
 [-3.270351e-03],
 [-2.672400e-03],
 [ 6.208717e-01]]
spherical_charges_l1: [[ 0.008156,  1.922879,  1.12359 ],
 [ 0.018771,  0.028393,  0.021752],
 [-0.013551,  0.02453 ,  0.004038],
 [-0.064934,  0.2224  ,  0.101826],
 [ 0.054639,  0.003566,  0.03327 ],
 [ 0.055518,  0.025103,  0.076228],
 [ 0.010945,  0.01171 ,  0.052403],
 [-0.024671,  0.009245,  0.090153],
 [ 0.004242,  0.039395,  0.087923],
 [ 0.081429, -0.176165,  0.125201],
 [ 0.032307, -0.016742,  0.009301],
 [ 0.00584 , -0.030903,  0.015353],
 [ 1.10837 , -1.529395,  1.14369 ]]
spherical_charges_l2: [[ 1.314203e+00, -1.056972e+00,  1.857638e+00,  7.116646e-01, -1.222624e+00],
 [-4.569117e-02,  1.952744e-03, -4.947734e-02, -4.090456e-03,  1.827313e-02],
 [-1.781668e-02,  4.217842e-02, -1.525904e-02,  4.476162e-03,  2.887540e-02],
 [ 4.276249e-03,  1.083739e-01, -7.109879e-03, -5.955864e-02,  7.070702e-02],
 [ 7.926466e-02,  8.851814e-02, -8.619048e-02, -3.094170e-02,  4.239856e-02],
 [ 8.528198e-02,  3.915134e-02, -3.022077e-02, -8.751627e-02,  2.311319e-02],
 [ 7.928684e-02,  7.354775e-04,  8.009613e-03,  3.201559e-02,  5.327895e-02],
 [ 2.578127e-02,  7.901722e-02, -4.142397e-02,  6.363592e-02, -1.079357e-02],
 [ 6.642198e-02,  9.159979e-02, -1.928931e-02, -7.039869e-03,  1.839565e-02],
 [ 5.984390e-03, -1.233158e-02,  1.613260e-03,  9.835635e-02,  3.278404e-02],
 [-4.741169e-02, -2.763484e-02,  9.722825e-03,  8.067052e-03,  3.589199e-02],
 [ 2.162162e-03, -4.631328e-02,  2.085492e-02,  2.768858e-02,  2.576327e-02],
 [ 1.184541e+00,  1.395399e+00, -3.519623e-01, -1.440503e+00, -1.648187e+00]]
energy_short: [-0.818398,  0.733379,  0.728214, -0.41359 , -0.243562, -0.291844, -0.52985 , -0.478467, -0.481362, -0.587537,  0.739777,  0.73745 , -0.535062]
energy_long: [-0.026297,  0.064874,  0.062596,  0.203064,  0.107788,  0.149088,  0.15685 ,  0.188043,  0.231564,  0.201763,  0.066827,  0.065895,  0.105964]