step=3768705, graph_id=0, num_atoms=13
scalar_charges: [ 0.846993, -2.632648, -2.629318,  0.811048,  0.793849,  0.798119,  0.819483,  0.81496 ,  0.81502 ,  0.824872, -2.647875, -2.644058,  0.825671]
spherical_charges_l0: [[ 3.055856e-01],
 [-3.569096e-04],
 [ 9.247194e-04],
 [-9.461428e-03],
 [-7.662558e-03],
 [-7.084848e-03],
 [-2.314342e-03],
 [-6.566653e-03],
 [-7.297134e-03],
 [-1.265593e-02],
 [-2.326775e-04],
 [-3.365305e-04],
 [ 2.852845e-01]]
spherical_charges_l1: [[-0.007126,  0.897627,  0.523661],
 [ 0.00931 ,  0.012993,  0.010292],
 [-0.006181,  0.011919,  0.00221 ],
 [-0.032709,  0.100824,  0.044124],
 [ 0.033314,  0.00233 ,  0.024727],
 [ 0.032039,  0.012453,  0.040256],
 [ 0.005675,  0.00548 ,  0.026524],
 [-0.013818,  0.004876,  0.049679],
 [ 0.003724,  0.02152 ,  0.049519],
 [ 0.035033, -0.081692,  0.054062],
 [ 0.01599 , -0.006589,  0.003771],
 [ 0.001389, -0.015663,  0.007728],
 [ 0.515694, -0.711021,  0.540352]]
spherical_charges_l2: [[ 6.387167e-01, -5.115776e-01,  9.189073e-01,  3.639480e-01, -6.049527e-01],
 [-2.496037e-02,  1.420185e-03, -2.706334e-02, -1.402571e-03,  9.361872e-03],
 [-1.041600e-02,  2.372458e-02, -8.000974e-03,  2.410057e-03,  1.608786e-02],
 [ 6.557034e-03,  4.918972e-02,  1.278082e-03, -2.560966e-02,  3.075169e-02],
 [ 4.357333e-02,  4.800224e-02, -5.016477e-02, -1.671923e-02,  2.028022e-02],
 [ 4.582167e-02,  2.167858e-02, -1.741063e-02, -4.862943e-02,  1.474095e-02],
 [ 4.184365e-02,  5.703950e-04,  2.797991e-03,  1.535738e-02,  2.497742e-02],
 [ 1.286870e-02,  4.187385e-02, -2.053553e-02,  3.559625e-02, -7.414905e-03],
 [ 3.527249e-02,  4.858932e-02, -1.156473e-02, -6.114268e-03,  8.970778e-03],
 [ 6.013156e-03, -1.633568e-03,  1.972712e-04,  4.511625e-02,  1.332609e-02],
 [-2.781796e-02, -1.558764e-02,  5.449844e-03,  3.856019e-03,  2.024473e-02],
 [ 1.510128e-03, -2.742573e-02,  1.241823e-02,  1.570543e-02,  1.449698e-02],
 [ 5.888218e-01,  6.861513e-01, -1.657618e-01, -7.246727e-01, -8.169857e-01]]
energy_short: [-0.905717,  0.888937,  0.8843  , -0.476489, -0.28385 , -0.331393, -0.574056, -0.520128, -0.520339, -0.632406,  0.89413 ,  0.89142 , -0.63921 ]
energy_long: [-0.028611,  0.063192,  0.063234,  0.196139,  0.098388,  0.145424,  0.15344 ,  0.183008,  0.217362,  0.199102,  0.068788,  0.068484,  0.089318]