step=1722150, graph_id=0, num_atoms=13
scalar_charges: [ 1.257139, -3.700547, -3.699656,  1.188743,  1.153043,  1.161261,  1.204401,  1.19545 ,  1.196064,  1.217103, -3.704533, -3.703967,  1.208699]
spherical_charges_l0: [[ 0.609601],
 [-0.001685],
 [ 0.000689],
 [-0.017684],
 [-0.014797],
 [-0.011904],
 [-0.0043  ],
 [-0.012707],
 [-0.013916],
 [-0.021871],
 [-0.002255],
 [-0.002041],
 [ 0.562905]]
spherical_charges_l1: [[-0.012998,  1.74861 ,  1.021027],
 [ 0.017606,  0.023793,  0.01876 ],
 [-0.011058,  0.020874,  0.003455],
 [-0.061912,  0.194905,  0.088269],
 [ 0.043646,  0.009154,  0.026401],
 [ 0.050602,  0.01715 ,  0.069108],
 [ 0.010536,  0.010465,  0.049306],
 [-0.021953,  0.009924,  0.081072],
 [ 0.004295,  0.032483,  0.079197],
 [ 0.069518, -0.156811,  0.110941],
 [ 0.028106, -0.015168,  0.008384],
 [ 0.005282, -0.026775,  0.013305],
 [ 1.011141, -1.407815,  1.047826]]
spherical_charges_l2: [[ 1.139163e+00, -8.962811e-01,  1.613688e+00,  6.233013e-01, -1.049571e+00],
 [-3.609958e-02,  4.522456e-03, -3.967605e-02, -2.955489e-03,  1.637359e-02],
 [-1.618980e-02,  3.298014e-02, -1.449624e-02,  3.131490e-03,  2.380734e-02],
 [ 9.372956e-03,  9.157495e-02, -5.506219e-03, -5.118880e-02,  5.787173e-02],
 [ 6.954946e-02,  8.106019e-02, -7.994330e-02, -2.462421e-02,  4.269758e-02],
 [ 7.705736e-02,  2.933573e-02, -2.288231e-02, -8.365981e-02,  1.974893e-02],
 [ 7.155887e-02, -4.639819e-03,  7.261802e-03,  2.805747e-02,  4.432153e-02],
 [ 1.887342e-02,  6.782217e-02, -3.815628e-02,  6.137167e-02, -1.258607e-02],
 [ 5.905480e-02,  8.244033e-02, -1.623956e-02, -1.135221e-02,  1.739264e-02],
 [ 6.278780e-03, -7.812623e-03, -2.240008e-04,  8.606055e-02,  3.091859e-02],
 [-3.858462e-02, -2.587451e-02,  9.407624e-03,  8.822523e-03,  3.139545e-02],
 [-1.455212e-03, -3.936668e-02,  1.756359e-02,  2.272201e-02,  2.307082e-02],
 [ 1.037814e+00,  1.217423e+00, -2.997375e-01, -1.259396e+00, -1.428526e+00]]
energy_short: [-0.816924,  0.767302,  0.762548, -0.440349, -0.250131, -0.29641 , -0.53195 , -0.481955, -0.483958, -0.601051,  0.774631,  0.771991, -0.539936]
energy_long: [-0.023148,  0.068448,  0.065841,  0.202064,  0.115729,  0.160496,  0.157182,  0.195708,  0.233724,  0.201754,  0.071162,  0.07008 ,  0.101021]