step=3920895, graph_id=0, num_atoms=13
scalar_charges: [ 0.847557, -2.622676, -2.619358,  0.811815,  0.794227,  0.798558,  0.820199,  0.815585,  0.815626,  0.825709, -2.638084, -2.634435,  0.826064]
spherical_charges_l0: [[ 3.071999e-01],
 [-3.864068e-04],
 [ 9.157258e-04],
 [-9.466032e-03],
 [-7.759491e-03],
 [-7.140986e-03],
 [-2.311974e-03],
 [-6.575376e-03],
 [-7.315218e-03],
 [-1.266607e-02],
 [-2.108282e-04],
 [-3.459547e-04],
 [ 2.863955e-01]]
spherical_charges_l1: [[-0.00748 ,  0.898876,  0.524177],
 [ 0.009454,  0.012934,  0.010349],
 [-0.006351,  0.011948,  0.002152],
 [-0.033004,  0.100849,  0.043469],
 [ 0.033244,  0.002108,  0.024597],
 [ 0.032003,  0.012614,  0.040259],
 [ 0.005702,  0.005529,  0.026674],
 [-0.013713,  0.004791,  0.049738],
 [ 0.00368 ,  0.021543,  0.049455],
 [ 0.034739, -0.08177 ,  0.053593],
 [ 0.015905, -0.006469,  0.00371 ],
 [ 0.00129 , -0.015653,  0.00772 ],
 [ 0.515647, -0.71081 ,  0.540353]]
spherical_charges_l2: [[ 6.397963e-01, -5.122660e-01,  9.224730e-01,  3.668775e-01, -6.072183e-01],
 [-2.503625e-02,  1.695135e-03, -2.702570e-02, -1.247414e-03,  9.434081e-03],
 [-1.060788e-02,  2.371708e-02, -8.102724e-03,  2.459690e-03,  1.611642e-02],
 [ 7.374031e-03,  4.892813e-02,  1.913537e-03, -2.553835e-02,  3.050802e-02],
 [ 4.384453e-02,  4.833137e-02, -5.060230e-02, -1.664496e-02,  2.013356e-02],
 [ 4.614395e-02,  2.181927e-02, -1.765316e-02, -4.914166e-02,  1.492426e-02],
 [ 4.212381e-02,  6.111605e-04,  2.767181e-03,  1.539291e-02,  2.509151e-02],
 [ 1.295270e-02,  4.216651e-02, -2.063041e-02,  3.593786e-02, -7.556771e-03],
 [ 3.546478e-02,  4.883126e-02, -1.167164e-02, -6.303428e-03,  9.049804e-03],
 [ 6.614406e-03, -9.635754e-04, -7.681455e-05,  4.484096e-02,  1.284753e-02],
 [-2.780958e-02, -1.573777e-02,  5.523127e-03,  3.859822e-03,  2.025096e-02],
 [ 1.364329e-03, -2.750039e-02,  1.244870e-02,  1.565272e-02,  1.453737e-02],
 [ 5.890042e-01,  6.854382e-01, -1.650827e-01, -7.267846e-01, -8.186723e-01]]
energy_short: [-0.901396,  0.889153,  0.884598, -0.479284, -0.28451 , -0.332114, -0.575178, -0.520845, -0.520865, -0.63438 ,  0.894535,  0.891725, -0.636606]
energy_long: [-0.031636,  0.062295,  0.062318,  0.194889,  0.097839,  0.144186,  0.152115,  0.181709,  0.216321,  0.197792,  0.067995,  0.067679,  0.087876]