step=3079845, graph_id=0, num_atoms=13
scalar_charges: [ 0.861919, -2.627238, -2.624222,  0.819136,  0.799452,  0.804221,  0.828681,  0.823594,  0.823801,  0.83554 , -2.636789, -2.633122,  0.835981]
spherical_charges_l0: [[ 3.242451e-01],
 [-3.697665e-04],
 [ 9.907853e-04],
 [-9.747077e-03],
 [-8.035792e-03],
 [-7.375380e-03],
 [-2.344364e-03],
 [-7.064433e-03],
 [-7.795289e-03],
 [-1.295036e-02],
 [-1.367048e-04],
 [-2.505242e-04],
 [ 3.019775e-01]]
spherical_charges_l1: [[-0.003967,  0.948418,  0.550988],
 [ 0.008805,  0.013713,  0.010414],
 [-0.005767,  0.012375,  0.002617],
 [-0.034416,  0.105774,  0.046163],
 [ 0.035115,  0.002492,  0.027209],
 [ 0.035365,  0.013657,  0.0441  ],
 [ 0.00545 ,  0.005337,  0.026369],
 [-0.01576 ,  0.005269,  0.053928],
 [ 0.00447 ,  0.023597,  0.054089],
 [ 0.036971, -0.08616 ,  0.057134],
 [ 0.015643, -0.007498,  0.004206],
 [ 0.002556, -0.015536,  0.007705],
 [ 0.545647, -0.753165,  0.567849]]
spherical_charges_l2: [[ 6.852002e-01, -5.511355e-01,  9.829677e-01,  3.842233e-01, -6.485146e-01],
 [-2.558204e-02,  1.586568e-03, -2.754268e-02, -1.466481e-03,  9.768016e-03],
 [-1.063511e-02,  2.426247e-02, -8.403917e-03,  2.499014e-03,  1.651483e-02],
 [ 5.393035e-03,  5.370703e-02, -5.002846e-05, -2.684691e-02,  3.310495e-02],
 [ 4.575689e-02,  5.099503e-02, -5.415470e-02, -1.809924e-02,  2.184339e-02],
 [ 4.869774e-02,  2.263743e-02, -1.959864e-02, -5.222579e-02,  1.384448e-02],
 [ 4.455730e-02, -6.194338e-04,  3.325469e-03,  1.662276e-02,  2.686841e-02],
 [ 1.372059e-02,  4.459380e-02, -2.259668e-02,  3.767245e-02, -9.089923e-03],
 [ 3.773934e-02,  5.214617e-02, -1.179073e-02, -7.104618e-03,  8.825399e-03],
 [ 6.098550e-03, -3.023279e-03,  5.236191e-04,  4.798192e-02,  1.480140e-02],
 [-2.815319e-02, -1.587681e-02,  5.561862e-03,  3.973512e-03,  2.055673e-02],
 [ 1.516000e-03, -2.782993e-02,  1.260121e-02,  1.590295e-02,  1.469197e-02],
 [ 6.286569e-01,  7.354940e-01, -1.797249e-01, -7.736067e-01, -8.758634e-01]]
energy_short: [-0.900755,  0.866192,  0.862286, -0.479323, -0.286252, -0.333726, -0.574458, -0.521641, -0.522551, -0.63721 ,  0.872335,  0.869639, -0.633258]
energy_long: [-0.027779,  0.064631,  0.064575,  0.198224,  0.10059 ,  0.14861 ,  0.160146,  0.183217,  0.219934,  0.201554,  0.069506,  0.069175,  0.092891]