step=2110635, graph_id=0, num_atoms=13
scalar_charges: [ 1.034235, -3.054609, -3.054364,  0.976788,  0.94757 ,  0.95445 ,  0.990085,  0.982213,  0.982471,  1.000235, -3.06165 , -3.058985,  0.993822]
spherical_charges_l0: [[ 4.566401e-01],
 [-1.738854e-03],
 [ 2.938559e-04],
 [-1.419562e-02],
 [-1.164046e-02],
 [-1.105348e-02],
 [-4.225634e-03],
 [-1.105224e-02],
 [-1.180747e-02],
 [-1.841216e-02],
 [-1.789255e-03],
 [-1.804670e-03],
 [ 4.175812e-01]]
spherical_charges_l1: [[ 0.003571,  1.278868,  0.743288],
 [ 0.013571,  0.018679,  0.014992],
 [-0.00904 ,  0.017233,  0.003215],
 [-0.046291,  0.14954 ,  0.068833],
 [ 0.049555,  0.003193,  0.036016],
 [ 0.046164,  0.019314,  0.059055],
 [ 0.00749 ,  0.007263,  0.03596 ],
 [-0.020986,  0.006294,  0.07113 ],
 [ 0.005452,  0.03194 ,  0.072313],
 [ 0.054308, -0.118867,  0.083602],
 [ 0.022223, -0.010906,  0.006101],
 [ 0.003383, -0.021791,  0.010802],
 [ 0.733722, -1.012409,  0.755503]]
spherical_charges_l2: [[ 9.261005e-01, -7.476857e-01,  1.319507e+00,  5.052772e-01, -8.752604e-01],
 [-3.099013e-02,  2.796372e-03, -3.371494e-02, -2.055908e-03,  1.264317e-02],
 [-1.333077e-02,  2.908980e-02, -1.092753e-02,  2.854869e-03,  2.018580e-02],
 [ 1.574849e-03,  7.524396e-02, -5.752625e-03, -3.820493e-02,  4.528796e-02],
 [ 6.420550e-02,  6.968989e-02, -7.207388e-02, -2.612853e-02,  2.920367e-02],
 [ 6.827054e-02,  3.214409e-02, -3.195217e-02, -6.954943e-02,  1.758401e-02],
 [ 5.991833e-02, -3.760848e-04,  4.745796e-03,  2.248953e-02,  3.780531e-02],
 [ 2.175883e-02,  6.178687e-02, -3.078114e-02,  4.893690e-02, -1.346915e-02],
 [ 5.319998e-02,  7.125352e-02, -1.590152e-02, -7.548368e-03,  1.051427e-02],
 [ 4.209756e-03, -8.659249e-03,  2.544934e-04,  6.772234e-02,  2.163482e-02],
 [-3.403781e-02, -1.906808e-02,  6.615093e-03,  5.505864e-03,  2.547338e-02],
 [ 1.570067e-03, -3.307365e-02,  1.491291e-02,  1.956945e-02,  1.819267e-02],
 [ 8.355683e-01,  9.874834e-01, -2.474695e-01, -1.021835e+00, -1.165922e+00]]
energy_short: [-0.844497,  0.83181 ,  0.827316, -0.476462, -0.276415, -0.326604, -0.573645, -0.515875, -0.515951, -0.633178,  0.838593,  0.835937, -0.57485 ]
energy_long: [-0.031527,  0.057988,  0.057293,  0.202373,  0.112826,  0.155446,  0.156619,  0.191122,  0.22544 ,  0.203846,  0.062589,  0.061734,  0.100016]