step=2046555, graph_id=0, num_atoms=13
scalar_charges: [ 1.061642, -3.196494, -3.196938,  1.006681,  0.977597,  0.984094,  1.018955,  1.011188,  1.011443,  1.029884, -3.203633, -3.200952,  1.021637]
spherical_charges_l0: [[ 0.473059],
 [-0.001313],
 [ 0.000516],
 [-0.013232],
 [-0.011073],
 [-0.009561],
 [-0.0035  ],
 [-0.009926],
 [-0.01083 ],
 [-0.017056],
 [-0.001616],
 [-0.001558],
 [ 0.433366]]
spherical_charges_l1: [[ 0.00201 ,  1.347342,  0.778867],
 [ 0.013092,  0.017429,  0.013813],
 [-0.009633,  0.016198,  0.002038],
 [-0.051174,  0.146118,  0.062887],
 [ 0.043597,  0.002356,  0.032274],
 [ 0.046078,  0.019212,  0.060709],
 [ 0.008266,  0.008249,  0.038767],
 [-0.019399,  0.007079,  0.070541],
 [ 0.004283,  0.030297,  0.069631],
 [ 0.049198, -0.118217,  0.081424],
 [ 0.021805, -0.008496,  0.0049  ],
 [ 0.00166 , -0.02059 ,  0.010151],
 [ 0.770273, -1.064565,  0.789002]]
spherical_charges_l2: [[ 9.538685e-01, -7.604355e-01,  1.357784e+00,  5.223019e-01, -8.945318e-01],
 [-3.154499e-02,  3.057683e-03, -3.391365e-02, -2.002134e-03,  1.300825e-02],
 [-1.368222e-02,  2.899606e-02, -1.137220e-02,  3.048443e-03,  2.025203e-02],
 [-2.597910e-04,  7.667927e-02, -5.716781e-03, -3.713120e-02,  4.532613e-02],
 [ 6.022912e-02,  6.832116e-02, -6.885690e-02, -2.374330e-02,  3.016057e-02],
 [ 6.600603e-02,  2.875216e-02, -2.629038e-02, -6.845714e-02,  1.710572e-02],
 [ 6.023795e-02, -1.605294e-03,  4.655343e-03,  2.265129e-02,  3.689633e-02],
 [ 1.939144e-02,  5.934142e-02, -3.107749e-02,  4.956894e-02, -1.270893e-02],
 [ 5.155783e-02,  6.978433e-02, -1.489794e-02, -8.816483e-03,  1.164162e-02],
 [ 2.562283e-03, -1.231480e-02,  1.695266e-03,  6.934588e-02,  2.301077e-02],
 [-3.331417e-02, -1.989449e-02,  7.052789e-03,  5.744443e-03,  2.531306e-02],
 [ 8.772123e-04, -3.307295e-02,  1.488840e-02,  1.924385e-02,  1.830432e-02],
 [ 8.638370e-01,  1.013598e+00, -2.524072e-01, -1.051033e+00, -1.197759e+00]]
energy_short: [-0.822835,  0.836544,  0.832502, -0.463596, -0.261621, -0.311213, -0.5569  , -0.499609, -0.499762, -0.621572,  0.842861,  0.840272, -0.552474]
energy_long: [-0.028631,  0.058923,  0.05776 ,  0.197696,  0.103451,  0.152056,  0.15461 ,  0.188507,  0.221232,  0.198754,  0.063006,  0.062011,  0.1067  ]