step=3256065, graph_id=0, num_atoms=13
scalar_charges: [ 0.854783, -2.61282 , -2.609795,  0.815196,  0.796869,  0.801381,  0.824464,  0.819612,  0.819736,  0.83056 , -2.622992, -2.619229,  0.831165]
spherical_charges_l0: [[ 3.126147e-01],
 [-3.112767e-04],
 [ 9.634611e-04],
 [-1.000014e-02],
 [-7.852143e-03],
 [-7.396142e-03],
 [-2.298124e-03],
 [-6.866114e-03],
 [-7.552353e-03],
 [-1.321729e-02],
 [-1.520135e-04],
 [-2.632070e-04],
 [ 2.921598e-01]]
spherical_charges_l1: [[-0.00437 ,  0.924768,  0.539343],
 [ 0.008786,  0.013699,  0.010311],
 [-0.005648,  0.012547,  0.002677],
 [-0.033278,  0.104253,  0.04545 ],
 [ 0.034703,  0.001978,  0.02626 ],
 [ 0.03376 ,  0.013624,  0.042699],
 [ 0.005596,  0.005288,  0.026446],
 [-0.014574,  0.004717,  0.052055],
 [ 0.003814,  0.022898,  0.051814],
 [ 0.037014, -0.085347,  0.056256],
 [ 0.015657, -0.007698,  0.004304],
 [ 0.002659, -0.015833,  0.007854],
 [ 0.531949, -0.73532 ,  0.555138]]
spherical_charges_l2: [[ 6.605234e-01, -5.326999e-01,  9.509726e-01,  3.755417e-01, -6.281055e-01],
 [-2.522834e-02,  1.620561e-03, -2.713400e-02, -1.447857e-03,  9.551806e-03],
 [-1.058785e-02,  2.399720e-02, -8.341791e-03,  2.363448e-03,  1.631638e-02],
 [ 6.656901e-03,  5.171007e-02,  5.432834e-04, -2.743461e-02,  3.189455e-02],
 [ 4.516934e-02,  4.971083e-02, -5.138142e-02, -1.731959e-02,  2.174202e-02],
 [ 4.785571e-02,  2.240283e-02, -1.815306e-02, -5.027314e-02,  1.481344e-02],
 [ 4.309946e-02, -1.835544e-04,  3.191285e-03,  1.602768e-02,  2.614520e-02],
 [ 1.344592e-02,  4.337418e-02, -2.160981e-02,  3.666961e-02, -8.002145e-03],
 [ 3.659249e-02,  5.052629e-02, -1.173228e-02, -6.324917e-03,  9.106631e-03],
 [ 6.257956e-03, -1.798507e-03, -4.111559e-04,  4.736293e-02,  1.373427e-02],
 [-2.773479e-02, -1.576475e-02,  5.528748e-03,  4.060553e-03,  2.038747e-02],
 [ 1.320087e-03, -2.757014e-02,  1.247147e-02,  1.575381e-02,  1.465776e-02],
 [ 6.126881e-01,  7.146389e-01, -1.746254e-01, -7.534925e-01, -8.533944e-01]]
energy_short: [-0.901764,  0.877135,  0.873133, -0.477033, -0.288476, -0.335523, -0.576447, -0.523274, -0.523978, -0.635032,  0.884295,  0.881165, -0.635274]
energy_long: [-0.031535,  0.06389 ,  0.063792,  0.196842,  0.099276,  0.146836,  0.153052,  0.182174,  0.215559,  0.199517,  0.068947,  0.0686  ,  0.091643]