step=300375, graph_id=0, num_atoms=13
scalar_charges: [  6.854935, -27.548141, -27.52849 ,   6.827637,   6.812484,   6.819757,   6.887425,   6.882328,   6.88431 ,   6.890325, -27.6246  , -27.585   ,   6.881502]
spherical_charges_l0: [[ 3.356937],
 [ 0.031763],
 [ 0.015744],
 [-0.183011],
 [-0.130318],
 [-0.106264],
 [-0.13323 ],
 [-0.129082],
 [-0.134692],
 [-0.170816],
 [ 0.01035 ],
 [ 0.016693],
 [ 3.257508]]
spherical_charges_l1: [[ 0.110988,  6.104382,  3.530591],
 [ 0.158082,  0.066949,  0.103276],
 [-0.124601,  0.164915,  0.008963],
 [-0.259555,  0.676515,  0.184044],
 [ 0.081561, -0.016986,  0.02422 ],
 [ 0.113355,  0.081844,  0.170776],
 [ 0.017889,  0.020878,  0.134789],
 [-0.064849,  0.027419,  0.26442 ],
 [ 0.013746,  0.09829 ,  0.208992],
 [ 0.152438, -0.558101,  0.280834],
 [ 0.237612, -0.033681,  0.02446 ],
 [-0.050188, -0.190568,  0.091704],
 [ 3.524398, -4.862329,  3.538115]]
spherical_charges_l2: [[ 3.693579e+00, -3.067037e+00,  5.348025e+00,  2.167924e+00, -3.545581e+00],
 [-2.407774e-01, -1.822620e-02, -2.494171e-01,  4.429613e-04,  5.428179e-02],
 [-6.015617e-02,  2.376480e-01, -1.518679e-02,  3.878418e-02,  1.298501e-01],
 [ 2.246879e-01,  3.125983e-01,  2.666150e-01, -1.162356e-01,  1.219048e-01],
 [ 3.512564e-01,  3.711496e-01, -3.077242e-01, -1.185528e-01,  1.358237e-01],
 [ 3.131747e-01,  1.118457e-01, -8.898956e-02, -2.998363e-01,  1.149588e-01],
 [ 3.011190e-01,  5.984379e-02,  2.030306e-02,  1.097975e-01,  2.240802e-01],
 [ 1.302983e-01,  2.947654e-01, -1.465451e-01,  2.375761e-01, -1.070830e-02],
 [ 2.573097e-01,  3.302611e-01, -8.111592e-02, -5.096548e-03,  8.702745e-02],
 [ 2.120107e-01,  1.330816e-01, -4.288490e-02,  2.061364e-01, -8.941130e-02],
 [-2.623271e-01, -1.092721e-01,  3.575492e-02, -4.807649e-03,  1.522564e-01],
 [ 5.866539e-02, -2.435629e-01,  1.139633e-01,  1.305252e-01,  9.457188e-02],
 [ 3.360554e+00,  3.864514e+00, -9.047706e-01, -4.254313e+00, -4.739637e+00]]
energy_short: [-0.704906,  0.411811,  0.404994, -0.211405, -0.136664, -0.167089, -0.379308, -0.350685, -0.363223, -0.442534,  0.428618,  0.418979, -0.388522]
energy_long: [0.018373, 0.076065, 0.070136, 0.227909, 0.108213, 0.148312, 0.155896, 0.19992 , 0.241941, 0.228074, 0.077178, 0.073939, 0.138803]