step=1305630, graph_id=0, num_atoms=13
scalar_charges: [-0.743594,  4.924839,  4.934006, -0.782201, -0.790098, -0.823058, -0.896451, -0.896127, -0.867018, -0.809378,  4.922057,  4.933704, -0.81681 ]
spherical_charges_l0: [[-3.462380e-02],
 [-1.144981e-03],
 [-1.480288e-03],
 [-3.515028e-02],
 [-2.351899e-01],
 [-2.031901e+00],
 [-1.481540e-02],
 [-1.459736e+00],
 [-1.880004e-01],
 [-7.298613e-03],
 [-7.444586e-04],
 [-9.519391e-04],
 [-3.326910e-02]]
spherical_charges_l1: [[ 3.975749e-02, -4.432571e-02, -3.990404e-02],
 [ 4.566907e-03,  1.250222e-03,  2.788657e-03],
 [-2.212290e-03,  1.909656e-03, -5.121497e-04],
 [ 2.754932e-01,  8.944367e-02,  1.204227e-02],
 [-2.373687e-02,  3.199297e-01,  1.045909e-01],
 [-2.047742e-01, -3.898516e-01, -2.554890e-01],
 [ 9.766765e-03, -1.631843e-02,  4.308093e-02],
 [ 3.636900e-03,  4.226234e-01, -2.053788e-01],
 [ 1.631595e-01, -2.525037e-01,  1.260040e-01],
 [ 1.716033e-01, -1.281671e-01,  5.038644e-04],
 [ 1.531514e-03, -1.564602e-03,  5.409589e-04],
 [-3.311407e-04, -2.317897e-03,  1.108958e-03],
 [-3.001458e-03,  2.592837e-02, -3.884840e-02]]
spherical_charges_l2: [[ 8.572171e-03, -7.106481e-03, -1.745902e-02, -1.526712e-02, -1.842982e-02],
 [ 1.849548e-03,  2.577826e-03,  6.700840e-04, -2.758520e-03,  1.351722e-03],
 [-1.954363e-04, -4.971116e-04, -3.238622e-03, -2.635580e-03,  3.770727e-04],
 [-2.586614e-02,  7.489719e-02, -7.896574e-02, -3.962193e-02, -4.556114e-03],
 [ 1.562722e-02, -1.087134e-01, -7.338407e-01, -2.183139e-01,  3.130805e-01],
 [-3.296355e-01,  1.117802e+00,  3.998371e+00,  2.539567e+00, -1.667276e+00],
 [ 1.106982e-02,  3.984217e-02, -3.292791e-02, -1.812706e-02, -1.953011e-02],
 [ 7.386068e-01,  9.410113e-01, -1.367517e+00, -1.252220e+00, -3.209168e+00],
 [-1.706647e-01, -1.915109e-01,  1.898968e-01,  1.772544e-01,  5.456420e-01],
 [-1.617385e-02, -5.401826e-02,  2.777237e-02, -1.431090e-03,  3.217028e-03],
 [ 4.135311e-04, -3.914130e-04,  1.161118e-04,  1.131752e-03,  4.266597e-04],
 [-1.363948e-03,  5.891633e-04, -6.863400e-04,  8.857812e-04,  1.066482e-03],
 [-8.613029e-03, -1.057048e-02, -2.011708e-04,  2.695916e-02,  3.276680e-02]]
energy_short: [-0.428146, -0.085018, -0.09767 , -0.136867,  0.053936,  0.02366 , -0.128504, -0.116043, -0.132992, -0.337605, -0.067514, -0.083262, -0.082644]
energy_long: [0.131888, 0.152325, 0.152318, 0.145407, 0.162949, 0.011575, 0.127063, 0.034526, 0.156928, 0.145689, 0.152912, 0.152883, 0.133408]