step=468585, graph_id=0, num_atoms=13
scalar_charges: [-2.437498,  8.069223,  8.028294, -2.369167, -2.345662, -2.369659, -2.220924, -2.287348, -2.290549, -2.360959,  8.081024,  8.029671, -2.328846]
spherical_charges_l0: [[-1.553281e-02],
 [-5.348920e-04],
 [-2.007133e-04],
 [ 4.057384e-03],
 [-1.578854e-01],
 [-2.206666e+00],
 [-2.463535e-02],
 [-1.328558e+00],
 [-9.301522e-02],
 [ 3.626391e-02],
 [-4.395105e-04],
 [-7.275543e-04],
 [-1.075498e-02]]
spherical_charges_l1: [[ 6.767485e-02, -2.825662e-02, -1.226476e-01],
 [-1.736534e-03, -2.898010e-03, -2.523593e-03],
 [ 3.279534e-04, -2.754740e-03, -1.742217e-03],
 [ 2.602002e-01,  2.565872e-01,  1.835698e-01],
 [-5.846303e-02,  3.039309e-01, -4.697896e-02],
 [ 2.965152e-01, -9.324855e-01, -1.088411e-01],
 [-8.368404e-03, -1.016498e-02,  3.027017e-02],
 [-1.397563e-01,  6.300294e-01, -1.556020e-01],
 [ 2.008159e-01, -2.994772e-01,  8.171111e-02],
 [ 2.439725e-01, -3.124759e-01,  1.065775e-01],
 [-1.371835e-03,  6.742587e-04, -4.836844e-04],
 [-3.849193e-04,  2.063154e-03, -1.010696e-03],
 [ 2.355419e-02,  4.180977e-03, -9.078266e-02]]
spherical_charges_l2: [[ 4.521090e-02, -6.831820e-03,  1.546340e-02, -1.493173e-02, -5.044481e-02],
 [-1.026400e-03,  3.774558e-03,  1.478825e-03,  1.195362e-03,  8.296191e-04],
 [-7.397145e-04, -1.056519e-03, -1.505201e-03, -9.039336e-04, -7.376632e-04],
 [ 3.042365e-02,  1.438940e-01,  4.785208e-03,  4.563155e-02, -9.785086e-02],
 [ 1.564077e-02, -6.284343e-02, -7.497074e-01, -2.151840e-01,  3.198048e-01],
 [-4.546865e-01,  8.829642e-01,  4.451566e+00,  2.809911e+00, -1.712667e+00],
 [ 3.750991e-02,  1.732710e-02, -1.827786e-02, -1.800547e-02, -3.444743e-02],
 [ 8.386531e-01,  8.928530e-01, -1.315847e+00, -1.224593e+00, -3.013438e+00],
 [-1.876840e-01, -1.597417e-01,  1.622513e-01,  1.576773e-01,  6.045926e-01],
 [ 2.441335e-02, -3.324632e-02,  3.353957e-02, -1.180984e-01, -1.290874e-01],
 [ 1.689351e-03, -2.932069e-04,  2.044487e-04,  6.083941e-04, -6.821759e-04],
 [-1.894904e-03,  6.983645e-04, -6.022794e-04, -7.640195e-04,  2.744785e-04],
 [-6.775341e-03, -1.353270e-02, -3.862048e-02,  5.583419e-02, -1.006498e-02]]
energy_short: [-0.322913, -0.074224, -0.085184,  0.026231,  0.147034,  0.121088, -0.009822, -0.017303, -0.042649, -0.196971, -0.063241, -0.074322,  0.053488]
energy_long: [ 0.042997,  0.070583,  0.070559,  0.080174,  0.076065, -0.031489,  0.035124, -0.004363,  0.062065,  0.070516,  0.070548,  0.070557,  0.046915]