step=3756690, graph_id=0, num_atoms=13
scalar_charges: [-0.912745,  5.00542 ,  5.036754, -0.920214, -0.943423, -0.921274, -1.028146, -1.028519, -1.018736, -0.986688,  4.978593,  5.001356, -0.968474]
spherical_charges_l0: [[-2.721564e-02],
 [-1.697295e-03],
 [-1.317194e-03],
 [-6.954614e-02],
 [-2.546029e-01],
 [-1.653371e+00],
 [-1.406947e-02],
 [-1.357411e+00],
 [-2.169451e-01],
 [-3.581842e-02],
 [-6.532455e-04],
 [-9.656555e-04],
 [-2.649996e-02]]
spherical_charges_l1: [[ 0.005902,  0.010889, -0.006959],
 [ 0.010562,  0.0021  ,  0.008212],
 [-0.017869,  0.017317,  0.000962],
 [ 0.109148,  0.021794,  0.028671],
 [ 0.006117,  0.223552,  0.06185 ],
 [-0.191772, -0.148487, -0.023969],
 [ 0.010359, -0.004163,  0.026739],
 [-0.000631,  0.216668, -0.030848],
 [ 0.084387, -0.169508,  0.049897],
 [ 0.093894, -0.055188, -0.00846 ],
 [ 0.016259,  0.000723, -0.000481],
 [-0.010933, -0.010866,  0.001914],
 [ 0.053927, -0.046796,  0.00754 ]]
spherical_charges_l2: [[ 9.378727e-03, -1.321809e-03, -1.360295e-02, -1.425836e-02,  7.354964e-03],
 [-1.409516e-03, -2.189614e-03, -2.120732e-03, -1.917384e-03, -1.693815e-04],
 [ 7.017456e-04,  1.798345e-03, -8.695542e-04, -1.209568e-03,  1.634081e-03],
 [-1.649735e-02,  3.508108e-02, -6.865481e-02, -1.785194e-02,  1.113285e-02],
 [ 2.151891e-02, -1.013434e-01, -4.591025e-01, -1.866516e-01,  1.762227e-01],
 [-1.281551e-01,  5.749918e-01,  2.186293e+00,  1.379152e+00, -8.489466e-01],
 [ 2.291033e-02,  3.528954e-02, -2.733261e-02, -1.150467e-02, -5.860741e-03],
 [ 3.699005e-01,  5.388815e-01, -8.086700e-01, -6.517938e-01, -1.779249e+00],
 [-1.181292e-01, -1.208598e-01,  1.103019e-01,  1.489568e-01,  3.762034e-01],
 [-4.803152e-03, -1.709839e-02,  9.897187e-03,  2.179408e-02,  1.026257e-02],
 [-4.531269e-04,  4.748774e-04, -1.076353e-04, -2.928167e-04,  3.997302e-04],
 [ 1.326416e-03, -1.055638e-03,  8.894828e-04,  9.667827e-04,  5.287593e-04],
 [ 6.670461e-05,  4.000641e-03, -3.675626e-03,  1.415412e-02,  1.677779e-02]]
energy_short: [-0.442058, -0.152077, -0.159278, -0.131803,  0.112397,  0.067652, -0.066744, -0.063824, -0.071731, -0.280118, -0.135036, -0.14438 , -0.152908]
energy_long: [0.131541, 0.172164, 0.172398, 0.141598, 0.16166 , 0.034943, 0.124953, 0.058917, 0.157748, 0.145502, 0.173114, 0.173573, 0.133202]