step=3159945, graph_id=0, num_atoms=13
scalar_charges: [-0.879431,  4.419817,  4.438011, -0.869525, -0.890712, -0.876006, -0.947056, -0.943576, -0.940512, -0.91854 ,  4.401559,  4.410694, -0.914026]
spherical_charges_l0: [[-2.320730e-02],
 [-1.251432e-03],
 [-1.026909e-03],
 [-6.107470e-02],
 [-2.396936e-01],
 [-1.591353e+00],
 [-1.335886e-02],
 [-1.249453e+00],
 [-1.999587e-01],
 [-3.089408e-02],
 [-3.381971e-04],
 [-5.811687e-04],
 [-2.291331e-02]]
spherical_charges_l1: [[ 5.868574e-03,  3.964494e-03, -8.005399e-05],
 [ 8.390738e-03,  1.366425e-03,  7.453338e-03],
 [-1.275021e-02,  1.244170e-02,  1.309694e-03],
 [ 1.157983e-01,  2.585820e-02,  2.982266e-02],
 [ 1.629912e-02,  2.076801e-01,  5.809259e-02],
 [-1.973924e-01, -1.066945e-01, -2.723934e-02],
 [ 8.193675e-03, -4.060250e-03,  2.651905e-02],
 [ 6.316438e-03,  2.126915e-01, -3.828854e-02],
 [ 8.897223e-02, -1.710226e-01,  4.781982e-02],
 [ 9.398024e-02, -4.893761e-02, -1.165164e-03],
 [ 8.900694e-03, -1.274303e-03,  4.661509e-04],
 [-5.794459e-03, -5.908437e-03,  7.230993e-04],
 [ 4.827722e-02, -4.052585e-02,  1.664705e-02]]
spherical_charges_l2: [[ 5.621311e-03, -1.466031e-03, -1.291513e-02, -1.140960e-02,  3.182154e-03],
 [-1.875503e-03, -1.760125e-03, -1.837462e-03, -1.371084e-03, -2.090830e-04],
 [ 2.631915e-05,  2.295177e-03, -8.170560e-04, -4.711108e-04,  1.657364e-03],
 [-2.508750e-02,  3.693996e-02, -7.171900e-02, -2.139586e-02,  9.222331e-03],
 [ 2.481120e-02, -9.960910e-02, -4.252798e-01, -1.760732e-01,  1.686683e-01],
 [-1.553166e-01,  5.724416e-01,  2.112490e+00,  1.358761e+00, -8.376353e-01],
 [ 1.818182e-02,  2.979121e-02, -2.446952e-02, -1.052768e-02, -5.696022e-03],
 [ 3.349981e-01,  5.054149e-01, -7.716794e-01, -6.017399e-01, -1.699544e+00],
 [-1.063854e-01, -1.087169e-01,  1.046473e-01,  1.393399e-01,  3.610360e-01],
 [-8.252239e-03, -2.621175e-02,  1.277731e-02,  1.776547e-02,  7.272680e-03],
 [-3.871821e-04,  1.764482e-04, -4.430597e-05, -4.852498e-05,  5.266883e-04],
 [ 7.994929e-04, -7.794923e-04,  6.615210e-04,  8.165156e-04,  5.371333e-04],
 [-8.512666e-04,  1.260977e-03, -2.767009e-03,  1.051513e-02,  1.226064e-02]]
energy_short: [-0.458883, -0.158982, -0.165256, -0.119107,  0.118229,  0.074522, -0.058244, -0.060044, -0.06557 , -0.268394, -0.142094, -0.15076 , -0.169166]
energy_long: [0.130393, 0.172548, 0.172639, 0.142071, 0.16243 , 0.033393, 0.126333, 0.056817, 0.157919, 0.145193, 0.173443, 0.173875, 0.132872]