step=2751435, graph_id=0, num_atoms=13
scalar_charges: [-0.876464,  4.323482,  4.352945, -0.886284, -0.893508, -0.879728, -0.943219, -0.936778, -0.935543, -0.923126,  4.286834,  4.309077, -0.912155]
spherical_charges_l0: [[-2.954087e-02],
 [-6.493417e-04],
 [-8.490988e-04],
 [-5.295806e-02],
 [-2.239585e-01],
 [-1.541365e+00],
 [-1.389076e-02],
 [-1.225065e+00],
 [-1.849769e-01],
 [-2.627465e-02],
 [-2.072732e-04],
 [-4.932808e-04],
 [-2.387898e-02]]
spherical_charges_l1: [[ 0.002161, -0.020559, -0.017228],
 [ 0.004219,  0.001686,  0.004177],
 [-0.009575,  0.009853,  0.000796],
 [ 0.112178,  0.037773,  0.021858],
 [ 0.019841,  0.187321,  0.053172],
 [-0.184714, -0.155447, -0.080884],
 [ 0.008078, -0.006526,  0.025187],
 [ 0.001336,  0.230174, -0.067242],
 [ 0.081781, -0.161292,  0.033983],
 [ 0.095598, -0.058208, -0.004791],
 [ 0.005497, -0.000754,  0.000265],
 [-0.003834, -0.003689,  0.000528],
 [ 0.043773, -0.027651,  0.012571]]
spherical_charges_l2: [[ 1.256602e-02, -5.253424e-03, -1.411334e-02, -1.961972e-02,  2.784547e-03],
 [-2.677753e-03, -1.090768e-03, -2.087228e-03, -4.391868e-04, -2.934041e-04],
 [-2.933189e-04,  2.228807e-03, -5.526314e-04, -2.890152e-04,  1.446889e-03],
 [-1.678959e-02,  4.475797e-02, -6.314605e-02, -1.364736e-02,  1.420806e-02],
 [ 1.899485e-02, -9.227109e-02, -4.465692e-01, -1.739510e-01,  1.687406e-01],
 [-1.118419e-01,  6.013327e-01,  2.212682e+00,  1.400070e+00, -8.818153e-01],
 [ 1.610320e-02,  3.089886e-02, -2.493754e-02, -1.103719e-02, -6.196807e-03],
 [ 3.688905e-01,  5.503445e-01, -7.989226e-01, -6.798863e-01, -1.794124e+00],
 [-1.032354e-01, -1.159769e-01,  1.126745e-01,  1.334599e-01,  3.608770e-01],
 [-6.293721e-03, -2.601683e-02,  1.658536e-02,  1.214324e-02,  9.255405e-03],
 [-5.951088e-04, -3.322436e-06, -1.643597e-05, -1.455990e-04,  4.704047e-04],
 [ 8.629220e-04, -8.527948e-04,  6.943162e-04,  9.787502e-04,  4.929198e-04],
 [-9.726795e-04,  1.413888e-03, -3.713045e-03,  1.411575e-02,  1.494136e-02]]
energy_short: [-0.472223, -0.162047, -0.166021, -0.10865 ,  0.136722,  0.091219, -0.046115, -0.045048, -0.050359, -0.255725, -0.149438, -0.154699, -0.177824]
energy_long: [0.131373, 0.170476, 0.170313, 0.143234, 0.162503, 0.020431, 0.126824, 0.046739, 0.158469, 0.147088, 0.171053, 0.171351, 0.133891]