step=1265580, graph_id=0, num_atoms=13
scalar_charges: [-0.663433,  4.990392,  5.002134, -0.773399, -0.747525, -0.829638, -0.943777, -0.954005, -0.870856, -0.778613,  4.986506,  5.004802, -0.803198]
spherical_charges_l0: [[-1.510939e-02],
 [-2.336608e-03],
 [-2.659963e-03],
 [-5.332094e-02],
 [-2.586012e-01],
 [-2.279682e+00],
 [-1.653080e-02],
 [-1.630150e+00],
 [-1.894002e-01],
 [-2.498798e-02],
 [-1.380410e-03],
 [-1.739920e-03],
 [-1.987121e-02]]
spherical_charges_l1: [[ 3.101449e-02, -4.130176e-03,  4.642824e-02],
 [ 8.280066e-03,  6.096482e-04,  4.107251e-03],
 [-2.951066e-03, -2.382626e-04, -2.029284e-03],
 [ 3.218912e-01,  4.849333e-02,  2.571322e-03],
 [ 2.845650e-03,  2.884566e-01,  5.876550e-02],
 [-3.454900e-01, -2.673473e-01, -2.742361e-01],
 [ 4.034751e-03, -6.256041e-03,  3.080181e-02],
 [ 1.453409e-02,  3.797719e-01, -1.166423e-01],
 [ 1.598199e-01, -2.614757e-01,  5.234859e-02],
 [ 1.828071e-01, -1.307361e-01, -1.022773e-02],
 [ 1.310065e-03, -1.756005e-04, -4.450975e-05],
 [-1.654712e-03, -1.450149e-03,  8.843096e-04],
 [ 3.679605e-02, -5.259011e-03,  1.740788e-02]]
spherical_charges_l2: [[-5.083345e-03,  2.146907e-03, -2.163040e-02, -1.334000e-02, -1.753304e-02],
 [ 2.999585e-04,  3.010785e-03, -1.635440e-03, -3.387250e-03,  1.164209e-03],
 [-1.040791e-03,  3.182202e-03, -4.634640e-03, -4.571401e-03,  2.834182e-03],
 [-2.720375e-02,  7.633391e-02, -7.929769e-02, -2.985726e-02,  4.886371e-03],
 [ 6.791019e-02, -6.252183e-02, -6.032017e-01, -2.140456e-01,  3.114724e-01],
 [-3.012262e-01,  1.126522e+00,  4.371797e+00,  2.814962e+00, -1.801028e+00],
 [ 2.822170e-02,  2.910803e-02, -2.040684e-02, -1.436657e-02, -2.002535e-02],
 [ 8.786089e-01,  1.036839e+00, -1.392781e+00, -1.432048e+00, -3.437138e+00],
 [-1.288613e-01, -1.628828e-01,  1.573507e-01,  2.309871e-01,  5.687295e-01],
 [-2.913897e-02, -8.001760e-02,  3.494935e-02,  9.534482e-03, -3.185151e-03],
 [-8.324739e-04, -6.387539e-04, -2.992637e-04,  1.714938e-03,  1.395946e-03],
 [-9.312503e-04, -1.261849e-03,  2.018898e-05,  3.018589e-03,  2.027910e-03],
 [-6.800889e-03, -1.039475e-02,  2.237645e-03,  2.002248e-02,  1.733743e-02]]
energy_short: [-0.400368, -0.083878, -0.0974  , -0.111392,  0.070382,  0.052917, -0.099172, -0.079969, -0.113448, -0.308866, -0.066212, -0.083458, -0.054722]
energy_long: [0.132455, 0.155121, 0.15562 , 0.156301, 0.16706 , 0.020159, 0.128255, 0.029287, 0.158765, 0.150548, 0.156251, 0.156187, 0.133785]