step=2138670, graph_id=0, num_atoms=13
scalar_charges: [-0.820841,  4.10566 ,  4.111273, -0.826898, -0.832425, -0.828435, -0.843338, -0.848114, -0.846332, -0.842496,  4.105717,  4.111234, -0.8341  ]
spherical_charges_l0: [[-3.287551e-02],
 [-3.450055e-04],
 [-2.682964e-05],
 [-3.163830e-02],
 [-1.967783e-01],
 [-1.415280e+00],
 [-1.126199e-02],
 [-1.083366e+00],
 [-1.819372e-01],
 [-1.691240e-02],
 [ 1.780983e-05],
 [-1.454197e-04],
 [-3.304670e-02]]
spherical_charges_l1: [[ 6.125892e-03, -2.357096e-02, -3.975230e-02],
 [ 2.864581e-03,  1.749241e-03,  3.133780e-03],
 [-4.079728e-03,  4.224421e-03,  4.552937e-04],
 [ 1.313846e-01,  4.573913e-02,  1.858600e-02],
 [ 1.102025e-02,  1.681779e-01,  6.917676e-02],
 [-2.621701e-01, -1.866301e-02, -9.302559e-02],
 [ 6.386904e-03, -4.997206e-03,  3.130643e-02],
 [-4.258442e-04,  2.294655e-01, -6.051986e-02],
 [ 8.459983e-02, -1.588915e-01,  5.846646e-02],
 [ 1.027223e-01, -5.211863e-02,  4.065577e-03],
 [ 5.144682e-03, -1.250705e-04,  2.260318e-04],
 [-3.247418e-03, -3.740232e-03,  1.004196e-03],
 [ 2.581654e-02, -9.723411e-03, -7.106833e-03]]
spherical_charges_l2: [[ 1.329768e-02, -1.061049e-02, -2.336182e-02, -3.011119e-02,  2.496640e-03],
 [-1.755765e-03, -3.210576e-05, -3.876761e-04, -1.856254e-04, -3.547591e-04],
 [-3.622762e-04,  1.442996e-03, -8.709253e-04, -7.460960e-04,  9.879778e-04],
 [-2.884621e-02,  5.238973e-02, -5.662202e-02, -1.743166e-02,  1.120528e-02],
 [-4.969352e-04, -8.698284e-02, -4.865984e-01, -1.774499e-01,  1.501250e-01],
 [-4.675217e-02,  6.092940e-01,  2.302703e+00,  1.497965e+00, -9.387116e-01],
 [ 1.787938e-02,  2.918127e-02, -2.128372e-02, -1.032325e-02, -1.890316e-03],
 [ 4.834646e-01,  5.936983e-01, -7.537814e-01, -7.700788e-01, -1.815976e+00],
 [-9.835999e-02, -1.092607e-01,  1.134954e-01,  9.029055e-02,  2.846576e-01],
 [-1.022129e-02, -3.375171e-02,  1.968396e-02,  1.876458e-02,  1.751112e-02],
 [-8.547272e-04, -2.612429e-04, -1.296621e-04,  1.392804e-04,  9.148166e-04],
 [ 1.950372e-04, -3.964725e-04,  4.755127e-04,  1.127722e-03,  5.617004e-04],
 [-4.663063e-03,  3.000750e-03, -7.029220e-03,  3.006164e-02,  2.897950e-02]]
energy_short: [-0.378386, -0.271888, -0.282826, -0.077818,  0.15181 ,  0.111061, -0.022202, -0.022458, -0.03431 , -0.234893, -0.25121 , -0.266213, -0.090584]
energy_long: [0.135095, 0.173592, 0.173566, 0.145649, 0.16216 , 0.008103, 0.127529, 0.046932, 0.157593, 0.150384, 0.173817, 0.174157, 0.137119]