step=2162700, graph_id=0, num_atoms=13
scalar_charges: [-0.858555,  4.092041,  4.093752, -0.79772 , -0.809509, -0.811968, -0.852983, -0.847644, -0.844356, -0.825786,  4.091032,  4.09346 , -0.852471]
spherical_charges_l0: [[-2.782414e-02],
 [-1.099524e-04],
 [-2.515597e-04],
 [-4.480377e-02],
 [-2.183195e-01],
 [-1.528989e+00],
 [-1.279047e-02],
 [-1.144544e+00],
 [-1.808091e-01],
 [-2.294507e-02],
 [ 4.084233e-05],
 [-2.058394e-04],
 [-2.404001e-02]]
spherical_charges_l1: [[ 0.001441, -0.01671 , -0.010881],
 [ 0.000437,  0.000997,  0.00179 ],
 [-0.003506,  0.002118,  0.000535],
 [ 0.155207,  0.038484,  0.017669],
 [ 0.026875,  0.209752,  0.067501],
 [-0.329496, -0.092904, -0.14632 ],
 [ 0.011644, -0.004135,  0.03991 ],
 [ 0.027907,  0.208648, -0.046172],
 [ 0.105462, -0.185353,  0.049333],
 [ 0.108644, -0.059314, -0.008505],
 [ 0.004781, -0.001256,  0.000582],
 [-0.001719, -0.003604,  0.000894],
 [ 0.036002, -0.021701,  0.016605]]
spherical_charges_l2: [[ 1.516770e-02, -5.180249e-03, -1.667012e-02, -2.496914e-02,  8.039470e-03],
 [-1.732640e-03,  7.562687e-05, -3.661009e-04, -4.168639e-04, -1.969397e-04],
 [-1.151058e-04,  9.999142e-04, -1.115530e-03, -6.284527e-04,  9.895250e-04],
 [-2.644672e-02,  5.755551e-02, -7.310501e-02, -1.341728e-02,  2.018891e-02],
 [ 2.540263e-02, -1.178825e-01, -5.150099e-01, -2.074481e-01,  2.022047e-01],
 [-1.335155e-01,  7.124423e-01,  2.519693e+00,  1.617690e+00, -9.681689e-01],
 [ 2.028882e-02,  2.758756e-02, -2.017921e-02, -1.021444e-02, -6.915419e-03],
 [ 4.326089e-01,  6.214851e-01, -8.784130e-01, -7.112269e-01, -1.930353e+00],
 [-1.143812e-01, -1.325130e-01,  1.312546e-01,  1.552881e-01,  4.227308e-01],
 [-1.573054e-02, -4.132623e-02,  2.229177e-02,  2.166445e-02,  1.819363e-02],
 [-3.488649e-04, -2.785097e-04,  1.613010e-04,  3.945894e-04,  8.593818e-04],
 [ 6.126063e-05, -4.374668e-04,  3.943493e-04,  9.601854e-04,  8.673528e-04],
 [ 2.342692e-04,  5.656007e-03, -6.413662e-03,  2.362254e-02,  2.298251e-02]]
energy_short: [-0.318496, -0.257063, -0.267892, -0.108187,  0.128009,  0.096354, -0.037831, -0.043471, -0.054874, -0.265478, -0.236736, -0.251143, -0.027674]
energy_long: [0.133346, 0.175944, 0.176063, 0.147068, 0.165186, 0.019257, 0.126298, 0.042461, 0.159453, 0.149219, 0.176357, 0.176726, 0.135549]