step=3732660, graph_id=0, num_atoms=13
scalar_charges: [-0.903853,  4.993502,  5.026207, -0.91662 , -0.939678, -0.917114, -1.021257, -1.021877, -1.013429, -0.982405,  4.966222,  4.991955, -0.962464]
spherical_charges_l0: [[-2.642283e-02],
 [-1.506023e-03],
 [-1.037755e-03],
 [-6.742885e-02],
 [-2.488689e-01],
 [-1.654133e+00],
 [-1.326373e-02],
 [-1.345739e+00],
 [-2.132904e-01],
 [-3.359810e-02],
 [-4.960566e-04],
 [-8.025910e-04],
 [-2.515123e-02]]
spherical_charges_l1: [[ 0.003748,  0.010438, -0.008811],
 [ 0.010267,  0.001907,  0.008153],
 [-0.017346,  0.017039,  0.001079],
 [ 0.11316 ,  0.016014,  0.023627],
 [ 0.003407,  0.22008 ,  0.064791],
 [-0.182598, -0.162598, -0.031403],
 [ 0.00988 , -0.004006,  0.026229],
 [-0.008905,  0.218748, -0.038704],
 [ 0.085271, -0.168009,  0.054203],
 [ 0.094045, -0.053109, -0.011036],
 [ 0.015497,  0.000504, -0.000277],
 [-0.010303, -0.010431,  0.001873],
 [ 0.051669, -0.049498,  0.008051]]
spherical_charges_l2: [[ 1.055700e-02, -1.783851e-03, -1.353347e-02, -1.482790e-02,  7.758721e-03],
 [-1.332490e-03, -2.150378e-03, -2.009786e-03, -1.855341e-03, -1.823469e-04],
 [ 6.111596e-04,  1.655406e-03, -8.431027e-04, -1.069091e-03,  1.521772e-03],
 [-1.636356e-02,  3.401836e-02, -6.933662e-02, -1.786982e-02,  1.140955e-02],
 [ 1.591742e-02, -9.626649e-02, -4.580284e-01, -1.837034e-01,  1.756492e-01],
 [-1.155738e-01,  5.590913e-01,  2.197853e+00,  1.380133e+00, -8.685228e-01],
 [ 2.356713e-02,  3.411860e-02, -2.794811e-02, -1.212847e-02, -6.590373e-03],
 [ 3.790107e-01,  5.352641e-01, -7.991056e-01, -6.597975e-01, -1.782272e+00],
 [-1.187608e-01, -1.219217e-01,  1.094580e-01,  1.490868e-01,  3.726102e-01],
 [-5.313592e-03, -1.700768e-02,  9.737064e-03,  2.114630e-02,  9.969823e-03],
 [-4.488632e-04,  4.600112e-04, -1.029595e-04, -2.394919e-04,  4.244925e-04],
 [ 1.215501e-03, -1.026884e-03,  8.476255e-04,  9.379622e-04,  5.563665e-04],
 [ 4.849277e-04,  4.587180e-03, -3.410258e-03,  1.456124e-02,  1.754264e-02]]
energy_short: [-0.44569 , -0.152107, -0.159239, -0.127992,  0.115217,  0.070162, -0.064072, -0.061727, -0.068937, -0.27631 , -0.134948, -0.144365, -0.157046]
energy_long: [0.130606, 0.171442, 0.171705, 0.141273, 0.160571, 0.031151, 0.124001, 0.055618, 0.156932, 0.145186, 0.172387, 0.172848, 0.132463]