step=2206755, graph_id=0, num_atoms=13
scalar_charges: [-0.771185,  3.989649,  4.003224, -0.737009, -0.745231, -0.746679, -0.778066, -0.782547, -0.776499, -0.767875,  3.988097,  3.988862, -0.754119]
spherical_charges_l0: [[-2.948030e-02],
 [ 3.463391e-05],
 [-3.488964e-04],
 [-6.078950e-02],
 [-2.418874e-01],
 [-1.723233e+00],
 [-1.325620e-02],
 [-1.323767e+00],
 [-1.941462e-01],
 [-3.468516e-02],
 [-8.326593e-05],
 [-2.903323e-04],
 [-2.846147e-02]]
spherical_charges_l1: [[-2.804028e-03, -7.390014e-03,  1.742564e-03],
 [ 4.012352e-03, -1.214225e-03,  2.584819e-03],
 [-4.731833e-03,  2.803365e-03,  2.763638e-04],
 [ 1.595199e-01,  5.065190e-02,  1.141289e-02],
 [ 1.623075e-02,  1.967456e-01,  7.074857e-02],
 [-3.137047e-01, -1.213803e-01, -8.721554e-02],
 [ 5.484343e-03, -3.060694e-03,  2.896043e-02],
 [ 3.445576e-02,  2.172373e-01, -3.074610e-03],
 [ 1.028010e-01, -1.801584e-01,  4.029381e-02],
 [ 1.159075e-01, -7.646120e-02, -1.020753e-02],
 [ 5.316238e-03,  4.658552e-04,  2.370472e-04],
 [-3.643205e-03, -4.381132e-03,  1.477003e-03],
 [ 3.222223e-02, -2.929584e-02,  3.640955e-02]]
spherical_charges_l2: [[ 7.470126e-03,  2.886645e-03, -2.574452e-02, -2.548617e-02,  9.377996e-03],
 [-2.617806e-03,  8.350962e-04, -1.066776e-03,  6.573866e-04, -1.319975e-04],
 [-1.477630e-03,  1.206564e-03, -7.776272e-04,  2.316670e-04,  7.406717e-04],
 [-2.705938e-02,  5.661906e-02, -9.334469e-02, -1.652770e-02,  1.552453e-02],
 [ 3.318964e-02, -9.673148e-02, -5.523368e-01, -2.066954e-01,  2.320873e-01],
 [-1.876753e-01,  7.518227e-01,  2.729889e+00,  1.826246e+00, -1.081366e+00],
 [ 2.097482e-02,  3.466212e-02, -2.393792e-02, -1.096115e-02, -6.863304e-03],
 [ 4.548019e-01,  6.520666e-01, -9.506727e-01, -8.364247e-01, -2.169785e+00],
 [-1.229489e-01, -1.494692e-01,  1.432193e-01,  1.819501e-01,  4.630308e-01],
 [-9.701808e-03, -5.021543e-02,  2.611400e-02,  2.059667e-02,  1.591783e-02],
 [-7.246459e-04, -1.442707e-03,  6.608439e-04,  1.888512e-05,  7.904642e-04],
 [-8.040723e-04, -1.507617e-03,  1.000404e-03,  2.386103e-04,  7.436572e-04],
 [-3.982465e-03,  3.000859e-03, -6.804201e-03,  2.843226e-02,  2.576364e-02]]
energy_short: [-0.342402, -0.2372  , -0.247082, -0.108612,  0.135109,  0.09937 , -0.030359, -0.032841, -0.050333, -0.26334 , -0.222796, -0.231895, -0.042252]
energy_long: [0.130856, 0.17482 , 0.175045, 0.14627 , 0.166551, 0.017819, 0.129605, 0.040672, 0.160633, 0.147923, 0.175378, 0.175742, 0.133136]