step=3179970, graph_id=0, num_atoms=13
scalar_charges: [-0.857658,  4.364701,  4.382065, -0.852418, -0.866277, -0.856084, -0.928601, -0.928108, -0.921526, -0.903065,  4.345982,  4.354897, -0.893616]
spherical_charges_l0: [[-2.344268e-02],
 [-1.172895e-03],
 [-8.878039e-04],
 [-6.040873e-02],
 [-2.395993e-01],
 [-1.554150e+00],
 [-1.390371e-02],
 [-1.217422e+00],
 [-1.985613e-01],
 [-3.014864e-02],
 [-2.975468e-04],
 [-5.350673e-04],
 [-2.207742e-02]]
spherical_charges_l1: [[ 0.004005, -0.001499, -0.003911],
 [ 0.009815,  0.001765,  0.008856],
 [-0.013525,  0.013514,  0.001698],
 [ 0.11486 ,  0.02827 ,  0.032613],
 [ 0.022005,  0.208577,  0.065431],
 [-0.182194, -0.108244, -0.029167],
 [ 0.008416, -0.002786,  0.026878],
 [-0.000679,  0.2054  , -0.047818],
 [ 0.085242, -0.1646  ,  0.043352],
 [ 0.099924, -0.061837,  0.000317],
 [ 0.011195, -0.000857,  0.000309],
 [-0.007055, -0.007805,  0.00148 ],
 [ 0.049315, -0.042996,  0.021607]]
spherical_charges_l2: [[ 8.051570e-03, -3.387509e-03, -1.265425e-02, -1.082753e-02,  7.126624e-03],
 [-2.005545e-03, -1.695549e-03, -1.698421e-03, -1.042564e-03, -1.759837e-04],
 [ 8.002374e-05,  1.673471e-03, -6.573265e-04, -3.091516e-04,  1.326493e-03],
 [-1.943961e-02,  4.179254e-02, -7.268482e-02, -1.565884e-02,  1.204374e-02],
 [ 2.674357e-02, -9.315741e-02, -4.115808e-01, -1.733796e-01,  1.633755e-01],
 [-1.382380e-01,  5.336055e-01,  2.074862e+00,  1.332781e+00, -8.468028e-01],
 [ 1.875880e-02,  3.194172e-02, -2.476949e-02, -1.125267e-02, -6.191667e-03],
 [ 3.439160e-01,  4.952127e-01, -7.378403e-01, -6.371254e-01, -1.656987e+00],
 [-1.027880e-01, -1.080488e-01,  1.026506e-01,  1.438748e-01,  3.630065e-01],
 [-6.531897e-03, -2.424657e-02,  1.324835e-02,  1.710318e-02,  7.689101e-03],
 [-3.868020e-04,  1.848557e-04,  2.044286e-05, -1.691363e-04,  4.959697e-04],
 [ 8.776225e-04, -8.774637e-04,  7.641048e-04,  7.782319e-04,  6.069663e-04],
 [ 1.646808e-03,  5.628801e-03, -2.832808e-03,  1.071090e-02,  1.377786e-02]]
energy_short: [-0.449107, -0.15765 , -0.164043, -0.120279,  0.118382,  0.076325, -0.059404, -0.057748, -0.06594 , -0.26828 , -0.140628, -0.149453, -0.158662]
energy_long: [0.130271, 0.171491, 0.171572, 0.142491, 0.162703, 0.031782, 0.124525, 0.052989, 0.158632, 0.146013, 0.172265, 0.172701, 0.132869]