step=508635, graph_id=0, num_atoms=13
scalar_charges: [-2.316196,  7.85629 ,  7.833135, -2.27881 , -2.282539, -2.348142, -2.198219, -2.286186, -2.256654, -2.259552,  7.865819,  7.829837, -2.257821]
spherical_charges_l0: [[-6.431598e-02],
 [-4.950393e-04],
 [-6.242602e-04],
 [-1.645489e-02],
 [-1.939695e-01],
 [-3.819141e+00],
 [-1.452584e-02],
 [-2.789389e+00],
 [-1.166073e-01],
 [ 2.214411e-02],
 [-3.869402e-04],
 [-7.592776e-04],
 [-6.132947e-02]]
spherical_charges_l1: [[ 1.749641e-01, -3.429155e-02, -9.626285e-02],
 [ 4.292085e-04,  1.570349e-03,  1.059056e-05],
 [ 7.996907e-04, -2.893422e-03, -2.234949e-03],
 [ 2.882426e-01,  1.697368e-01,  1.087421e-01],
 [-9.417850e-02,  3.652000e-01, -6.597414e-03],
 [-1.305831e-01, -1.018298e+00, -2.229704e-01],
 [-1.940237e-02, -3.179341e-03,  3.215155e-02],
 [-1.709270e-01,  1.035766e+00, -2.696906e-01],
 [ 2.713028e-01, -4.193380e-01,  1.241961e-01],
 [ 2.040233e-01, -2.313547e-01,  1.618036e-03],
 [ 3.106907e-04, -9.394457e-04, -1.134265e-04],
 [ 1.516245e-04,  7.866253e-05, -5.347772e-04],
 [ 3.159540e-02,  3.167330e-02, -1.079284e-01]]
spherical_charges_l2: [[ 3.247596e-02,  3.228704e-02, -3.239286e-02, -7.466971e-02, -1.187065e-02],
 [ 6.231715e-04,  5.686956e-03,  5.480980e-03,  4.079688e-03, -1.078878e-03],
 [-3.229084e-03, -2.368992e-03, -1.517571e-03,  6.386814e-05, -1.670305e-03],
 [-2.229661e-02,  2.057484e-01, -6.301048e-02,  2.607424e-02,  8.375931e-03],
 [ 3.275601e-02, -2.240939e-02, -8.698564e-01, -3.042254e-01,  4.445037e-01],
 [-8.898359e-01,  1.990942e+00,  7.854415e+00,  4.908919e+00, -3.073007e+00],
 [ 3.605127e-02,  2.385245e-02, -1.182802e-02, -1.096993e-02, -1.877837e-02],
 [ 1.771098e+00,  2.001133e+00, -2.818960e+00, -2.163064e+00, -6.646574e+00],
 [-2.257506e-01, -2.216630e-01,  1.828864e-01,  3.132738e-01,  7.051532e-01],
 [-3.605854e-02, -1.661034e-01,  8.211890e-02, -2.972834e-02, -1.439090e-02],
 [ 4.163587e-03, -1.041570e-04,  1.394548e-04,  9.769230e-04, -1.821189e-03],
 [-3.724972e-03,  1.215966e-03, -8.528698e-04, -1.609543e-03,  4.385592e-04],
 [-2.441212e-02, -3.728621e-02, -3.456889e-02,  1.096590e-01,  3.703611e-02]]
energy_short: [-0.394868, -0.0309  , -0.04201 , -0.029128,  0.128867,  0.080724, -0.044119, -0.045004, -0.066165, -0.239672, -0.017217, -0.030691, -0.02151 ]
energy_long: [ 0.054182,  0.078963,  0.078968,  0.08465 ,  0.088343, -0.01389 ,  0.049514,  0.002014,  0.078284,  0.085754,  0.079017,  0.078991,  0.055257]