step=2623275, graph_id=0, num_atoms=13
scalar_charges: [-0.825079,  4.108515,  4.118012, -0.824006, -0.82729 , -0.822106, -0.881794, -0.876822, -0.873138, -0.859152,  4.087365,  4.095071, -0.854999]
spherical_charges_l0: [[-2.495218e-02],
 [-2.392924e-05],
 [ 9.491453e-05],
 [-5.248563e-02],
 [-2.206533e-01],
 [-1.507045e+00],
 [-1.283751e-02],
 [-1.137422e+00],
 [-1.811182e-01],
 [-2.892182e-02],
 [ 7.265705e-05],
 [-1.029326e-04],
 [-2.301949e-02]]
spherical_charges_l1: [[ 0.01676 , -0.003409, -0.008645],
 [ 0.005488,  0.001218,  0.006248],
 [-0.009496,  0.010131,  0.001859],
 [ 0.136648,  0.028598,  0.02075 ],
 [ 0.024634,  0.205811,  0.064425],
 [-0.214409, -0.117297, -0.048274],
 [ 0.006349, -0.005178,  0.023736],
 [-0.004255,  0.249625, -0.032323],
 [ 0.102235, -0.175894,  0.037895],
 [ 0.098144, -0.052836, -0.003152],
 [ 0.007747, -0.002358,  0.001317],
 [-0.003397, -0.006152,  0.001934],
 [ 0.045928, -0.039825,  0.017396]]
spherical_charges_l2: [[ 3.444180e-03,  1.188466e-03, -1.965803e-02, -1.149549e-02,  3.480469e-03],
 [-2.321479e-03, -8.900147e-04, -1.879564e-03, -9.355981e-04, -2.572480e-04],
 [-3.436752e-04,  1.773012e-03, -1.160715e-03, -7.033786e-04,  1.335676e-03],
 [-2.228823e-02,  4.924009e-02, -7.083912e-02, -1.167901e-02,  1.309400e-02],
 [ 3.533144e-02, -9.041704e-02, -4.046675e-01, -1.676509e-01,  1.750892e-01],
 [-1.645072e-01,  6.445086e-01,  2.138498e+00,  1.412162e+00, -8.546852e-01],
 [ 1.221490e-02,  2.863236e-02, -2.020208e-02, -9.722784e-03, -4.861235e-03],
 [ 3.297528e-01,  5.212797e-01, -7.599451e-01, -6.200479e-01, -1.722914e+00],
 [-8.982537e-02, -9.761669e-02,  9.963453e-02,  1.410598e-01,  3.700554e-01],
 [-8.259429e-03, -3.233739e-02,  1.792776e-02,  1.405934e-02,  8.834907e-03],
 [-3.669747e-04, -2.544882e-04,  1.682676e-04, -3.486250e-05,  4.753121e-04],
 [ 4.074726e-04, -7.681788e-04,  6.269366e-04,  6.939622e-04,  5.674034e-04],
 [-3.573777e-03, -1.764789e-04, -3.570071e-03,  1.305415e-02,  1.500278e-02]]
energy_short: [-0.431378, -0.189686, -0.193381, -0.090302,  0.152431,  0.111938, -0.023828, -0.023143, -0.031544, -0.234766, -0.175103, -0.1808  , -0.140071]
energy_long: [0.127828, 0.166742, 0.166758, 0.140542, 0.158979, 0.023767, 0.124157, 0.044574, 0.155409, 0.144269, 0.16779 , 0.167937, 0.130517]