step=1818270, graph_id=0, num_atoms=13
scalar_charges: [-0.523311,  3.417693,  3.410126, -0.535232, -0.568501, -0.550396, -0.446744, -0.460579, -0.501505, -0.509966,  3.429286,  3.414982, -0.438712]
spherical_charges_l0: [[-3.462179e-02],
 [-5.476477e-05],
 [ 6.677263e-05],
 [-5.074423e-02],
 [-2.224727e-01],
 [-1.671279e+00],
 [-1.701813e-02],
 [-1.220269e+00],
 [-1.747646e-01],
 [-2.896687e-02],
 [-8.113287e-05],
 [-5.053497e-05],
 [-3.194206e-02]]
spherical_charges_l1: [[ 8.049505e-03, -2.881071e-02, -1.273079e-02],
 [ 2.208006e-03,  4.541209e-03,  4.476320e-03],
 [-3.970323e-03,  4.329209e-03,  1.005999e-03],
 [ 1.858013e-01,  9.598598e-02,  3.269165e-02],
 [ 1.517532e-02,  1.978319e-01,  5.190540e-02],
 [-3.146050e-01, -9.317302e-02, -1.432936e-01],
 [ 1.433768e-02, -5.373853e-03,  4.128754e-02],
 [ 4.801831e-02,  2.797825e-01, -1.169782e-01],
 [ 1.084705e-01, -1.961828e-01,  2.103193e-02],
 [ 1.480440e-01, -8.528095e-02,  1.874056e-02],
 [ 6.578834e-03,  1.131972e-03, -2.047602e-04],
 [-3.101411e-03, -4.926103e-03,  2.319073e-03],
 [ 2.529858e-02,  2.092032e-03,  1.819810e-02]]
spherical_charges_l2: [[ 1.711121e-02, -6.756122e-03, -2.259547e-02, -3.074238e-02, -6.021011e-03],
 [-4.583238e-04,  1.128227e-03, -1.834972e-05, -7.419552e-04,  4.967779e-05],
 [-1.992841e-04,  1.674587e-03, -3.832828e-04, -4.659629e-04,  3.281889e-04],
 [-4.266875e-02,  7.530437e-02, -1.153808e-01, -3.483910e-02,  1.572335e-02],
 [ 3.929002e-02, -1.320187e-01, -6.033275e-01, -2.239718e-01,  2.463588e-01],
 [-2.393487e-01,  8.591335e-01,  3.054971e+00,  2.021984e+00, -1.251251e+00],
 [ 2.132688e-02,  4.262992e-02, -2.879174e-02, -1.169322e-02, -6.372128e-03],
 [ 4.810314e-01,  7.399622e-01, -1.030119e+00, -9.407935e-01, -2.382284e+00],
 [-1.286400e-01, -1.336646e-01,  1.556996e-01,  1.559413e-01,  4.990385e-01],
 [-2.928400e-02, -6.108176e-02,  2.732605e-02,  2.766485e-02,  1.593801e-02],
 [-1.490681e-03, -5.293735e-04, -1.128701e-04,  9.083236e-05,  9.227037e-04],
 [-8.410113e-05, -9.956405e-04,  5.669058e-04,  7.848727e-04,  2.321967e-04],
 [-6.854211e-03,  3.314394e-03, -3.740591e-03,  2.335749e-02,  2.543825e-02]]
energy_short: [-0.394738, -0.110929, -0.119979, -0.153122,  0.061742,  0.031329, -0.107425, -0.107129, -0.123799, -0.332021, -0.089518, -0.103103, -0.085627]
energy_long: [0.146653, 0.187875, 0.187829, 0.160497, 0.174872, 0.013541, 0.141729, 0.036329, 0.169775, 0.161811, 0.188335, 0.188565, 0.149172]