step=2859570, graph_id=0, num_atoms=13
scalar_charges: [-0.82175 ,  3.973959,  4.024899, -0.822828, -0.836174, -0.821029, -0.88553 , -0.88096 , -0.879504, -0.864502,  3.953086,  3.993068, -0.854457]
spherical_charges_l0: [[-2.289632e-02],
 [-7.390967e-04],
 [-6.492357e-04],
 [-5.388903e-02],
 [-2.305999e-01],
 [-1.501123e+00],
 [-1.297630e-02],
 [-1.201609e+00],
 [-1.893444e-01],
 [-2.658914e-02],
 [-1.582057e-04],
 [-4.744446e-04],
 [-2.189882e-02]]
spherical_charges_l1: [[-6.732692e-03,  9.758841e-04,  3.593683e-03],
 [ 7.080744e-03,  8.828933e-04,  5.893757e-03],
 [-1.267960e-02,  1.199231e-02,  1.279997e-03],
 [ 1.170750e-01,  3.579295e-02,  3.083649e-02],
 [ 1.163809e-02,  2.001771e-01,  5.779198e-02],
 [-1.866641e-01, -1.264280e-01, -5.741465e-02],
 [ 8.262498e-03, -6.956862e-03,  2.666254e-02],
 [ 1.266408e-02,  1.987578e-01, -2.998401e-02],
 [ 8.426804e-02, -1.596700e-01,  4.135029e-02],
 [ 1.015583e-01, -6.166779e-02,  1.335724e-03],
 [ 7.531657e-03, -9.476955e-04,  1.250564e-04],
 [-5.248791e-03, -5.469054e-03,  8.873512e-04],
 [ 4.902454e-02, -3.677959e-02,  3.017427e-02]]
spherical_charges_l2: [[ 1.589961e-03, -3.274551e-03, -1.108902e-02, -6.490406e-03,  2.968641e-03],
 [-2.738205e-03, -1.558358e-03, -2.287900e-03, -7.443331e-04, -2.677271e-04],
 [-3.029353e-04,  2.514127e-03, -9.087923e-04, -2.469717e-04,  1.770274e-03],
 [-2.284052e-02,  4.342912e-02, -6.956528e-02, -1.569371e-02,  1.364200e-02],
 [ 1.931246e-02, -8.331802e-02, -4.399484e-01, -1.771348e-01,  1.732479e-01],
 [-1.258964e-01,  5.541690e-01,  2.110132e+00,  1.340890e+00, -8.324903e-01],
 [ 1.540887e-02,  2.925266e-02, -2.306385e-02, -1.040296e-02, -4.991359e-03],
 [ 3.677498e-01,  5.232355e-01, -7.570048e-01, -6.481079e-01, -1.731620e+00],
 [-1.121461e-01, -1.194471e-01,  1.091522e-01,  1.403837e-01,  3.595587e-01],
 [-1.022091e-02, -3.105316e-02,  1.675213e-02,  1.435371e-02,  7.493929e-03],
 [-7.708670e-04, -1.093061e-04,  1.243755e-04, -2.877334e-04,  5.628240e-04],
 [ 1.011956e-03, -1.111125e-03,  8.523110e-04,  9.724181e-04,  5.817054e-04],
 [-3.150575e-03, -1.824977e-03, -8.621125e-05,  7.173680e-03,  1.121654e-02]]
energy_short: [-0.468441, -0.157632, -0.163167, -0.124691,  0.119931,  0.074746, -0.056689, -0.059143, -0.064521, -0.269433, -0.142706, -0.150117, -0.176754]
energy_long: [0.128589, 0.171022, 0.171043, 0.140273, 0.160632, 0.024003, 0.125451, 0.046326, 0.156436, 0.144451, 0.171869, 0.172107, 0.130925]