step=3728655, graph_id=0, num_atoms=13
scalar_charges: [-0.898729,  4.955663,  4.982687, -0.910543, -0.937043, -0.912125, -1.015465, -1.016719, -1.007436, -0.976773,  4.928998,  4.949853, -0.956482]
spherical_charges_l0: [[-2.624398e-02],
 [-1.380773e-03],
 [-9.480120e-04],
 [-6.585177e-02],
 [-2.481078e-01],
 [-1.640644e+00],
 [-1.368850e-02],
 [-1.333353e+00],
 [-2.125436e-01],
 [-3.324581e-02],
 [-4.333683e-04],
 [-7.368231e-04],
 [-2.539630e-02]]
spherical_charges_l1: [[ 0.004461,  0.012634, -0.006069],
 [ 0.009183,  0.002091,  0.007695],
 [-0.017328,  0.017004,  0.001155],
 [ 0.112101,  0.020788,  0.024492],
 [ 0.007848,  0.21872 ,  0.06304 ],
 [-0.188275, -0.147441, -0.028132],
 [ 0.010137, -0.003891,  0.026808],
 [-0.010345,  0.223633, -0.040577],
 [ 0.084556, -0.169956,  0.053137],
 [ 0.097416, -0.058399, -0.007329],
 [ 0.015843,  0.000459, -0.000286],
 [-0.010141, -0.010416,  0.001893],
 [ 0.053973, -0.049928,  0.007982]]
spherical_charges_l2: [[ 1.002094e-02, -9.736253e-04, -1.443224e-02, -1.527847e-02,  8.404707e-03],
 [-1.299501e-03, -2.072176e-03, -2.096263e-03, -1.909672e-03, -1.833074e-04],
 [ 6.497834e-04,  1.775987e-03, -8.008362e-04, -1.176447e-03,  1.598437e-03],
 [-1.506704e-02,  3.452470e-02, -6.453603e-02, -1.730823e-02,  1.059384e-02],
 [ 1.743108e-02, -9.782799e-02, -4.526769e-01, -1.840442e-01,  1.699104e-01],
 [-1.252236e-01,  5.673073e-01,  2.176377e+00,  1.371910e+00, -8.530942e-01],
 [ 2.342326e-02,  3.460461e-02, -2.638196e-02, -1.153260e-02, -5.389662e-03],
 [ 3.697208e-01,  5.338387e-01, -7.938982e-01, -6.454460e-01, -1.762036e+00],
 [-1.169922e-01, -1.199763e-01,  1.071865e-01,  1.471130e-01,  3.691753e-01],
 [-4.477073e-03, -1.619802e-02,  9.408408e-03,  2.092872e-02,  9.933108e-03],
 [-5.044634e-04,  4.884286e-04, -1.221443e-04, -2.192540e-04,  4.583325e-04],
 [ 1.256707e-03, -9.988023e-04,  8.286361e-04,  9.928357e-04,  5.635770e-04],
 [ 3.053073e-04,  5.042188e-03, -4.167280e-03,  1.553737e-02,  1.799590e-02]]
energy_short: [-0.441464, -0.152392, -0.159605, -0.126093,  0.117292,  0.071279, -0.063233, -0.060694, -0.067852, -0.275191, -0.135332, -0.144716, -0.152205]
energy_long: [0.131084, 0.171521, 0.17173 , 0.1416  , 0.160914, 0.033375, 0.123861, 0.05721 , 0.156876, 0.145484, 0.172444, 0.172934, 0.132873]