step=2627280, graph_id=0, num_atoms=13
scalar_charges: [-0.844705,  4.180283,  4.190256, -0.852829, -0.859808, -0.853449, -0.907934, -0.902721, -0.898669, -0.888488,  4.162988,  4.169442, -0.877518]
spherical_charges_l0: [[-2.264193e-02],
 [-5.550323e-04],
 [-3.780359e-04],
 [-4.946382e-02],
 [-2.299196e-01],
 [-1.522652e+00],
 [-1.091060e-02],
 [-1.180984e+00],
 [-1.866304e-01],
 [-2.146165e-02],
 [-9.858611e-05],
 [-2.822116e-04],
 [-2.487846e-02]]
spherical_charges_l1: [[ 0.004871, -0.002912, -0.002841],
 [ 0.003256, -0.000477,  0.003379],
 [-0.007159,  0.005632,  0.000384],
 [ 0.127017,  0.037566,  0.02612 ],
 [ 0.019927,  0.187722,  0.046959],
 [-0.182589, -0.168076, -0.071007],
 [ 0.007628, -0.00805 ,  0.02443 ],
 [ 0.009028,  0.211482, -0.089176],
 [ 0.087272, -0.167468,  0.036702],
 [ 0.102251, -0.059562,  0.002041],
 [ 0.005357, -0.001469,  0.000648],
 [-0.002948, -0.003617,  0.000745],
 [ 0.050877, -0.037347,  0.023076]]
spherical_charges_l2: [[ 5.736339e-03, -7.988513e-03, -1.690217e-02, -2.049927e-02,  1.559666e-03],
 [-1.876747e-03, -6.118505e-04, -1.351810e-03, -6.740249e-04,  4.074160e-05],
 [-5.155128e-04,  1.529381e-03, -1.261527e-03, -3.830453e-04,  1.171845e-03],
 [-2.000888e-02,  3.868974e-02, -7.706213e-02, -2.117925e-02,  1.102622e-02],
 [ 1.750141e-02, -9.528136e-02, -4.483799e-01, -1.995379e-01,  1.764232e-01],
 [-9.658047e-02,  5.976915e-01,  2.191682e+00,  1.394839e+00, -8.804282e-01],
 [ 1.722974e-02,  2.641175e-02, -2.305499e-02, -1.064157e-02, -8.501758e-03],
 [ 4.009951e-01,  5.225113e-01, -7.721099e-01, -6.510307e-01, -1.745605e+00],
 [-1.081840e-01, -1.131928e-01,  1.035930e-01,  1.583017e-01,  3.796713e-01],
 [-8.021076e-03, -2.650799e-02,  1.592415e-02,  9.181482e-03,  4.531723e-03],
 [-3.338444e-04, -2.132502e-04,  1.164537e-04,  3.620145e-05,  4.653135e-04],
 [ 1.994050e-04, -5.141773e-04,  4.499276e-04,  5.642450e-04,  5.174828e-04],
 [-6.957259e-03,  6.456155e-04, -5.345323e-03,  1.932094e-02,  1.945741e-02]]
energy_short: [-0.450208, -0.188743, -0.192879, -0.0869  ,  0.150305,  0.109602, -0.028355, -0.02667 , -0.035472, -0.22952 , -0.175061, -0.180535, -0.15775 ]
energy_long: [0.122059, 0.1676  , 0.167501, 0.135666, 0.154018, 0.023554, 0.120267, 0.050183, 0.149863, 0.139496, 0.168591, 0.168843, 0.124879]