step=3620520, graph_id=0, num_atoms=13
scalar_charges: [-0.898312,  4.82709 ,  4.85193 , -0.900487, -0.921068, -0.900762, -1.001876, -1.00181 , -0.993751, -0.965485,  4.800206,  4.819923, -0.951824]
spherical_charges_l0: [[-2.337457e-02],
 [-1.534952e-03],
 [-1.060371e-03],
 [-6.620807e-02],
 [-2.477501e-01],
 [-1.606012e+00],
 [-1.342086e-02],
 [-1.306279e+00],
 [-2.071562e-01],
 [-3.290239e-02],
 [-5.036311e-04],
 [-7.985950e-04],
 [-2.352613e-02]]
spherical_charges_l1: [[ 0.004095,  0.008551, -0.004591],
 [ 0.009744,  0.002558,  0.00818 ],
 [-0.01461 ,  0.016116,  0.001982],
 [ 0.110243,  0.016593,  0.026959],
 [ 0.007988,  0.212353,  0.06054 ],
 [-0.191509, -0.116993, -0.025635],
 [ 0.010237, -0.003409,  0.027379],
 [-0.002351,  0.210032, -0.027506],
 [ 0.083139, -0.165221,  0.050159],
 [ 0.09047 , -0.050884, -0.006422],
 [ 0.013218,  0.000286, -0.000255],
 [-0.008811, -0.008995,  0.001448],
 [ 0.050655, -0.04771 ,  0.010452]]
spherical_charges_l2: [[ 7.473650e-03, -9.317363e-04, -1.275684e-02, -1.288063e-02,  7.039300e-03],
 [-1.516761e-03, -2.116287e-03, -1.725976e-03, -1.486927e-03, -2.702439e-04],
 [ 3.044602e-04,  1.633486e-03, -8.501638e-04, -7.025464e-04,  1.465678e-03],
 [-1.430370e-02,  3.263140e-02, -6.522182e-02, -1.702532e-02,  1.069983e-02],
 [ 1.895071e-02, -9.339198e-02, -4.408923e-01, -1.796063e-01,  1.723556e-01],
 [-1.212552e-01,  5.602518e-01,  2.120789e+00,  1.341332e+00, -8.258031e-01],
 [ 2.280721e-02,  3.257341e-02, -2.579193e-02, -1.119403e-02, -6.031491e-03],
 [ 3.573752e-01,  5.169951e-01, -7.787907e-01, -6.357711e-01, -1.721736e+00],
 [-1.120364e-01, -1.168657e-01,  1.058345e-01,  1.483130e-01,  3.671857e-01],
 [-3.984808e-03, -1.570967e-02,  9.614010e-03,  1.982203e-02,  9.006020e-03],
 [-3.473437e-04,  3.879649e-04, -7.913323e-05, -2.755122e-04,  3.205228e-04],
 [ 1.094761e-03, -9.982850e-04,  8.286526e-04,  7.739253e-04,  4.615150e-04],
 [-4.246122e-04,  4.014893e-03, -3.159072e-03,  1.369095e-02,  1.665162e-02]]
energy_short: [-0.452474, -0.153407, -0.160409, -0.127909,  0.114276,  0.070438, -0.062955, -0.061947, -0.069095, -0.276133, -0.136666, -0.1458  , -0.16288 ]
energy_long: [0.13258 , 0.172085, 0.172247, 0.142672, 0.163053, 0.034234, 0.126064, 0.057281, 0.158906, 0.146673, 0.172964, 0.173429, 0.1346  ]