step=3956940, graph_id=0, num_atoms=13
scalar_charges: [-0.921412,  5.209818,  5.24348 , -0.937533, -0.965838, -0.941302, -1.050494, -1.052442, -1.042652, -1.008857,  5.180432,  5.2064  , -0.984088]
spherical_charges_l0: [[-2.713677e-02],
 [-1.547326e-03],
 [-1.053257e-03],
 [-7.161325e-02],
 [-2.588405e-01],
 [-1.683477e+00],
 [-1.403893e-02],
 [-1.378109e+00],
 [-2.209185e-01],
 [-3.619379e-02],
 [-5.598079e-04],
 [-8.559276e-04],
 [-2.668261e-02]]
spherical_charges_l1: [[ 0.003661,  0.014169, -0.004194],
 [ 0.009401,  0.002341,  0.007417],
 [-0.015813,  0.016099,  0.001149],
 [ 0.113319,  0.01645 ,  0.025833],
 [ 0.004009,  0.224302,  0.06035 ],
 [-0.185942, -0.161642, -0.024642],
 [ 0.010728, -0.003826,  0.02717 ],
 [-0.00858 ,  0.230613, -0.035591],
 [ 0.08476 , -0.169583,  0.05108 ],
 [ 0.095921, -0.054548, -0.009164],
 [ 0.01538 ,  0.000838, -0.000474],
 [-0.010318, -0.010475,  0.001903],
 [ 0.055022, -0.052141,  0.009786]]
spherical_charges_l2: [[ 9.988653e-03, -1.084247e-03, -1.295309e-02, -1.449435e-02,  7.375383e-03],
 [-1.359238e-03, -1.952589e-03, -2.110717e-03, -1.846652e-03, -6.969627e-05],
 [ 5.381519e-04,  1.737377e-03, -8.669277e-04, -1.086723e-03,  1.580020e-03],
 [-1.670768e-02,  3.550603e-02, -6.769563e-02, -1.798270e-02,  1.128368e-02],
 [ 2.081489e-02, -1.015382e-01, -4.611189e-01, -1.879753e-01,  1.778855e-01],
 [-1.263027e-01,  5.745212e-01,  2.211180e+00,  1.388791e+00, -8.586989e-01],
 [ 2.382214e-02,  3.445766e-02, -2.763351e-02, -1.175526e-02, -6.347803e-03],
 [ 3.749028e-01,  5.465343e-01, -8.151731e-01, -6.509336e-01, -1.785742e+00],
 [-1.186559e-01, -1.221149e-01,  1.111094e-01,  1.510825e-01,  3.814542e-01],
 [-5.214557e-03, -1.602873e-02,  9.432591e-03,  2.285861e-02,  1.040704e-02],
 [-5.664931e-04,  4.528770e-04, -9.813938e-05, -3.060263e-04,  4.044280e-04],
 [ 1.300657e-03, -1.139072e-03,  8.912451e-04,  9.736984e-04,  5.100207e-04],
 [ 2.585543e-04,  4.073659e-03, -3.520688e-03,  1.414557e-02,  1.660941e-02]]
energy_short: [-0.437338, -0.15234 , -0.159707, -0.131047,  0.115792,  0.070347, -0.064496, -0.060608, -0.068328, -0.278883, -0.135273, -0.144757, -0.148583]
energy_long: [0.12946 , 0.170096, 0.170317, 0.139645, 0.160007, 0.036103, 0.122152, 0.059356, 0.156   , 0.143241, 0.171014, 0.171504, 0.13126 ]