step=2543175, graph_id=0, num_atoms=13
scalar_charges: [-0.838831,  4.024768,  4.036233, -0.862748, -0.882643, -0.875652, -0.860668, -0.884504, -0.885064, -0.887974,  4.007432,  4.014968, -0.871107]
spherical_charges_l0: [[-2.675635e-02],
 [-7.205172e-04],
 [-1.013753e-03],
 [-4.613265e-02],
 [-2.334435e-01],
 [-1.368655e+00],
 [-1.120578e-02],
 [-1.071982e+00],
 [-1.930315e-01],
 [-1.929908e-02],
 [-3.241826e-04],
 [-6.599597e-04],
 [-2.530839e-02]]
spherical_charges_l1: [[ 0.011245,  0.009752,  0.006125],
 [ 0.005924, -0.000365,  0.003845],
 [-0.01383 ,  0.010085, -0.000282],
 [ 0.114245,  0.030569,  0.015896],
 [ 0.017087,  0.206047,  0.075837],
 [-0.279201,  0.001748, -0.075024],
 [ 0.00825 , -0.004262,  0.025055],
 [ 0.009816,  0.167528, -0.03592 ],
 [ 0.086687, -0.182084,  0.052967],
 [ 0.100969, -0.057748,  0.003514],
 [ 0.00791 ,  0.001609, -0.000797],
 [-0.007389, -0.005179,  0.001367],
 [ 0.064201, -0.04847 ,  0.023861]]
spherical_charges_l2: [[ 2.017476e-02, -1.183026e-02, -2.115566e-02, -2.876240e-02,  7.926566e-03],
 [-2.661281e-03, -9.248059e-04, -1.706514e-03, -7.496868e-04, -2.135864e-04],
 [ 9.160689e-05,  1.995330e-03, -1.168371e-03, -8.692531e-04,  1.694272e-03],
 [-1.165625e-02,  4.812448e-02, -5.460404e-02, -2.585301e-02,  4.731986e-03],
 [ 2.069310e-02, -1.120928e-01, -4.920776e-01, -2.099377e-01,  1.680170e-01],
 [-1.442997e-01,  6.303070e-01,  1.995347e+00,  1.317359e+00, -7.552568e-01],
 [ 1.648949e-02,  3.481899e-02, -2.394253e-02, -1.326926e-02, -6.426460e-03],
 [ 3.506162e-01,  5.282308e-01, -6.954060e-01, -5.678466e-01, -1.663103e+00],
 [-1.118649e-01, -1.113984e-01,  1.134146e-01,  1.361979e-01,  3.692418e-01],
 [-4.352680e-03, -2.073633e-02,  1.259641e-02,  1.275460e-02,  6.181692e-03],
 [-4.973566e-04, -1.821500e-05, -2.199412e-05,  1.538761e-04,  7.828393e-04],
 [ 6.399562e-04, -5.848491e-04,  6.406249e-04,  1.240184e-03,  8.924810e-04],
 [ 9.416851e-04,  1.018726e-02, -8.899575e-03,  2.209391e-02,  2.290898e-02]]
energy_short: [-0.401265, -0.191598, -0.195384, -0.098282,  0.147972,  0.102061, -0.036444, -0.032006, -0.03916 , -0.241685, -0.177566, -0.183205, -0.111596]
energy_long: [0.125303, 0.163916, 0.163912, 0.13488 , 0.157781, 0.017131, 0.122668, 0.052588, 0.15491 , 0.141744, 0.165047, 0.165156, 0.128234]