step=2943675, graph_id=0, num_atoms=13
scalar_charges: [-0.861773,  4.375936,  4.407629, -0.862952, -0.875577, -0.865212, -0.927261, -0.920498, -0.919749, -0.901352,  4.346906,  4.372152, -0.896368]
spherical_charges_l0: [[-2.285507e-02],
 [-1.021942e-03],
 [-1.009337e-03],
 [-5.967532e-02],
 [-2.357581e-01],
 [-1.526108e+00],
 [-1.297240e-02],
 [-1.211707e+00],
 [-1.957365e-01],
 [-2.911519e-02],
 [-3.371870e-04],
 [-5.349147e-04],
 [-2.195788e-02]]
spherical_charges_l1: [[ 4.388652e-03, -1.328352e-02, -1.613984e-02],
 [ 8.602756e-03,  2.122256e-03,  7.870399e-03],
 [-1.153836e-02,  1.252552e-02,  2.040075e-03],
 [ 1.154446e-01,  2.241997e-02,  2.693382e-02],
 [ 1.815050e-02,  2.105882e-01,  6.765520e-02],
 [-1.910703e-01, -1.122553e-01, -5.524111e-02],
 [ 7.718125e-03, -5.119147e-03,  2.599940e-02],
 [-5.340074e-03,  2.293583e-01, -3.526375e-02],
 [ 9.127785e-02, -1.750854e-01,  4.999118e-02],
 [ 9.916927e-02, -5.162711e-02, -2.525588e-03],
 [ 8.575089e-03, -5.364438e-04,  1.395643e-04],
 [-5.984102e-03, -6.347174e-03,  1.451763e-03],
 [ 4.614427e-02, -3.480536e-02,  1.225654e-02]]
spherical_charges_l2: [[ 1.711879e-03, -3.939199e-03, -1.513854e-02, -9.506015e-03,  4.014961e-03],
 [-1.807810e-03, -1.479740e-03, -1.505705e-03, -1.032571e-03, -1.721009e-04],
 [ 5.393091e-05,  1.949047e-03, -8.201819e-04, -4.127905e-04,  1.383605e-03],
 [-1.996442e-02,  4.414002e-02, -7.341215e-02, -1.916227e-02,  1.315778e-02],
 [ 2.842564e-02, -9.128795e-02, -4.408804e-01, -1.790084e-01,  1.725612e-01],
 [-1.144935e-01,  5.684641e-01,  2.121236e+00,  1.358826e+00, -8.272666e-01],
 [ 1.929553e-02,  2.918089e-02, -2.488916e-02, -1.137894e-02, -8.640500e-03],
 [ 3.591590e-01,  5.187135e-01, -7.690287e-01, -6.426259e-01, -1.699096e+00],
 [-1.001621e-01, -1.091446e-01,  1.061159e-01,  1.456640e-01,  3.683943e-01],
 [-8.631893e-03, -2.689219e-02,  1.461950e-02,  1.954753e-02,  1.048003e-02],
 [-5.559548e-04,  3.507094e-05,  2.895179e-05, -8.563288e-05,  5.458712e-04],
 [ 7.786920e-04, -8.214688e-04,  6.846440e-04,  7.902713e-04,  4.639194e-04],
 [-4.413770e-03, -1.791288e-03, -5.860158e-04,  9.757903e-03,  1.551174e-02]]
energy_short: [-0.456206, -0.163912, -0.169861, -0.116042,  0.123766,  0.081061, -0.053492, -0.054454, -0.058948, -0.262865, -0.148421, -0.156271, -0.165177]
energy_long: [0.131764, 0.175253, 0.175232, 0.143442, 0.165149, 0.029842, 0.124457, 0.056741, 0.160583, 0.147666, 0.176053, 0.17636 , 0.134231]