step=845055, graph_id=0, num_atoms=13
scalar_charges: [-2.04176 ,  7.248693,  7.243442, -2.014917, -2.007027, -2.015355, -1.94449 , -1.96482 , -1.965456, -1.972628,  7.251866,  7.234762, -1.997612]
spherical_charges_l0: [[-7.596043e-02],
 [-1.617112e-03],
 [-9.482356e-04],
 [-1.813277e-02],
 [-2.207385e-01],
 [-2.759245e+00],
 [-1.860198e-02],
 [-1.837471e+00],
 [-1.650742e-01],
 [-3.185320e-04],
 [-5.360395e-04],
 [-1.370231e-03],
 [-6.571507e-02]]
spherical_charges_l1: [[ 7.711147e-02, -9.536156e-02, -3.967268e-02],
 [ 6.045784e-03, -1.295141e-02, -5.108558e-03],
 [-4.510683e-03,  5.207655e-03,  8.260899e-04],
 [ 3.789136e-01, -5.728455e-02, -5.071575e-02],
 [-1.069632e-02,  3.478330e-01,  1.550776e-02],
 [-1.928286e-01, -1.772231e-01, -2.561806e-01],
 [ 7.459693e-03, -1.621850e-02,  3.981611e-02],
 [-2.565604e-02,  7.213852e-01, -1.802888e-01],
 [ 2.147871e-01, -2.703936e-01,  5.811240e-02],
 [ 1.451036e-01, -1.192740e-01, -4.941725e-02],
 [ 2.540528e-03, -1.718431e-03,  1.119880e-03],
 [ 6.852430e-04, -3.285127e-03,  2.249404e-03],
 [-3.633838e-03, -2.256595e-02, -1.854533e-02]]
spherical_charges_l2: [[ 3.506651e-02,  2.556883e-02, -1.119460e-02, -4.748969e-02, -4.557494e-02],
 [-1.564314e-03,  6.011301e-03,  1.561534e-03,  1.115823e-03,  2.166564e-03],
 [-6.961617e-04, -5.510927e-03,  1.567569e-04, -5.557260e-06, -7.338763e-03],
 [-5.629331e-02,  2.050483e-01, -1.402555e-01, -2.893453e-02,  4.174963e-02],
 [ 1.058242e-01, -8.782745e-02, -8.188041e-01, -2.397988e-01,  4.069171e-01],
 [-5.526481e-01,  1.386572e+00,  5.805502e+00,  3.683459e+00, -2.461838e+00],
 [ 3.923145e-02,  4.664455e-02, -3.870986e-02, -2.449265e-02, -2.534302e-02],
 [ 1.129488e+00,  1.325650e+00, -1.947051e+00, -1.701915e+00, -4.501979e+00],
 [-1.877468e-01, -2.226584e-01,  2.076807e-01,  2.657672e-01,  7.079087e-01],
 [-4.311595e-02, -1.260116e-01,  5.225600e-02,  1.854120e-02, -9.810647e-03],
 [ 2.429811e-03,  4.402915e-06,  2.330536e-04, -3.845692e-04, -2.262432e-03],
 [-1.623541e-03,  2.215225e-03, -1.463249e-03, -2.875542e-03, -2.115886e-03],
 [ 1.629019e-02, -5.083453e-03, -5.203008e-03,  3.738833e-02,  1.116362e-02]]
energy_short: [-0.348048, -0.082885, -0.096965, -0.06533 ,  0.084721,  0.062252, -0.07696 , -0.070922, -0.095347, -0.27697 , -0.06552 , -0.082646,  0.010507]
energy_long: [0.093395, 0.109584, 0.109539, 0.118722, 0.127663, 0.002105, 0.084654, 0.019601, 0.120643, 0.115604, 0.10955 , 0.109556, 0.094406]