step=2407005, graph_id=0, num_atoms=13
scalar_charges: [-0.831434,  4.32556 ,  4.334088, -0.840898, -0.843402, -0.84094 , -0.876117, -0.874112, -0.871291, -0.869158,  4.315673,  4.320058, -0.85058 ]
spherical_charges_l0: [[-2.369327e-02],
 [-6.667185e-04],
 [-8.562597e-04],
 [-7.336263e-02],
 [-2.380540e-01],
 [-1.645612e+00],
 [-1.593895e-02],
 [-1.239456e+00],
 [-1.886733e-01],
 [-3.417008e-02],
 [-4.424024e-04],
 [-6.703179e-04],
 [-2.386072e-02]]
spherical_charges_l1: [[ 1.370448e-02, -3.493091e-03,  1.201196e-02],
 [ 1.230334e-02,  5.452472e-04,  7.859493e-03],
 [-1.227093e-02,  1.036619e-02, -9.278976e-05],
 [ 1.393252e-01,  3.330714e-02,  2.243780e-02],
 [ 4.040374e-02,  1.748540e-01,  7.984058e-02],
 [-2.080656e-01, -6.527857e-02, -5.622507e-02],
 [ 9.625395e-03, -4.978554e-03,  2.830639e-02],
 [ 1.592175e-02,  2.459967e-01, -2.910603e-02],
 [ 9.127983e-02, -1.708815e-01,  3.286317e-02],
 [ 1.087733e-01, -6.352500e-02, -8.073228e-05],
 [ 7.834259e-03, -5.875642e-04,  4.533456e-04],
 [-5.397823e-03, -6.572803e-03,  2.282605e-03],
 [ 5.392599e-02, -3.972567e-02,  3.024822e-02]]
spherical_charges_l2: [[ 1.202576e-03,  3.068366e-03, -9.290578e-03, -8.135892e-03, -8.147351e-03],
 [-2.237521e-03, -6.151442e-04, -7.926841e-04, -4.072509e-04, -7.453506e-04],
 [-3.154931e-04,  1.869513e-03, -8.431004e-04, -6.026508e-04,  1.252571e-03],
 [-3.026405e-02,  7.967190e-02, -9.627251e-02, -1.550337e-02,  1.856436e-02],
 [ 3.929177e-02, -9.338035e-02, -4.478286e-01, -1.751091e-01,  1.829908e-01],
 [-1.124448e-01,  6.552002e-01,  2.412145e+00,  1.570901e+00, -9.995302e-01],
 [ 1.580122e-02,  3.298726e-02, -2.611796e-02, -1.170387e-02, -8.494377e-03],
 [ 3.930485e-01,  5.617222e-01, -8.169869e-01, -7.829247e-01, -1.899938e+00],
 [-1.021782e-01, -1.174857e-01,  1.206463e-01,  1.522794e-01,  4.150375e-01],
 [-1.705816e-02, -4.521671e-02,  2.182344e-02,  2.130695e-02,  9.089884e-03],
 [-2.549930e-04, -2.318366e-04, -6.868294e-05,  1.584848e-04,  4.737832e-04],
 [ 2.039928e-04, -5.039347e-04,  5.467235e-04,  7.449171e-04,  3.364412e-04],
 [-4.320829e-04,  7.922546e-05, -4.838046e-03,  5.774345e-03,  7.008977e-04]]
energy_short: [-0.43146 , -0.222726, -0.226614, -0.074435,  0.169465,  0.132613, -0.003164, -0.0031  , -0.013008, -0.219539, -0.206851, -0.213386, -0.140357]
energy_long: [0.114332, 0.158796, 0.158943, 0.129811, 0.148697, 0.015514, 0.109762, 0.033332, 0.14431 , 0.13232 , 0.159912, 0.160009, 0.116654]