step=2066580, graph_id=0, num_atoms=13
scalar_charges: [-0.75268 ,  3.931044,  3.934993, -0.749758, -0.737085, -0.741444, -0.789035, -0.779967, -0.77499 , -0.773193,  3.934451,  3.933732, -0.771966]
spherical_charges_l0: [[-2.093500e-02],
 [-5.085492e-05],
 [ 1.670949e-04],
 [-5.671785e-02],
 [-2.157696e-01],
 [-1.555322e+00],
 [-1.437111e-02],
 [-1.172205e+00],
 [-1.605490e-01],
 [-2.937138e-02],
 [-1.378570e-04],
 [-4.342226e-05],
 [-2.546207e-02]]
spherical_charges_l1: [[ 0.014392, -0.018301, -0.007392],
 [ 0.0071  ,  0.001655,  0.00479 ],
 [-0.008652,  0.006441, -0.001296],
 [ 0.165167,  0.060346,  0.030608],
 [ 0.024557,  0.185586,  0.062797],
 [-0.332709, -0.130649, -0.161926],
 [ 0.01292 , -0.003833,  0.040555],
 [ 0.045642,  0.217347, -0.027706],
 [ 0.101682, -0.180805,  0.035955],
 [ 0.115651, -0.077271,  0.004987],
 [ 0.005204,  0.001854, -0.000494],
 [-0.005418, -0.004566,  0.001954],
 [ 0.034913, -0.018758,  0.020135]]
spherical_charges_l2: [[ 4.191546e-03,  5.337920e-03, -1.986567e-02, -9.766666e-03,  5.776193e-03],
 [-1.636306e-03, -2.019605e-04, -1.340830e-03, -9.118358e-04, -3.184047e-04],
 [-1.433312e-04,  1.782044e-03, -8.908828e-04, -8.653030e-04,  9.655979e-04],
 [-3.174990e-02,  6.201623e-02, -1.018638e-01, -1.964169e-02,  1.972683e-02],
 [ 4.126033e-02, -9.594408e-02, -4.675732e-01, -1.872970e-01,  2.203307e-01],
 [-1.819226e-01,  7.253728e-01,  2.558028e+00,  1.697044e+00, -1.024433e+00],
 [ 1.542167e-02,  3.483099e-02, -1.994284e-02, -9.561207e-03, -5.715313e-03],
 [ 4.632867e-01,  6.464834e-01, -8.957761e-01, -7.622855e-01, -2.046631e+00],
 [-1.094864e-01, -1.162231e-01,  1.171516e-01,  1.655825e-01,  4.261807e-01],
 [-1.947045e-02, -4.414985e-02,  2.170232e-02,  2.451691e-02,  1.608983e-02],
 [-1.027961e-03, -3.417326e-04, -1.858121e-04,  2.436750e-04,  9.484203e-04],
 [-2.576854e-05, -8.189584e-04,  5.528625e-04,  1.002820e-03,  6.048691e-04],
 [-9.391435e-04,  4.876105e-04, -3.447306e-03,  1.816407e-02,  1.760017e-02]]
energy_short: [-0.405309, -0.224705, -0.234199, -0.085641,  0.124213,  0.096018, -0.030335, -0.042501, -0.056038, -0.248988, -0.205928, -0.218527, -0.103243]
energy_long: [0.133109, 0.171477, 0.171176, 0.146758, 0.164327, 0.029907, 0.128246, 0.047549, 0.16025 , 0.149191, 0.171578, 0.17201 , 0.135079]