step=708885, graph_id=0, num_atoms=13
scalar_charges: [-1.835716,  6.310947,  6.291282, -1.788008, -1.808069, -1.78408 , -1.714845, -1.720372, -1.75756 , -1.779649,  6.312846,  6.270152, -1.768437]
spherical_charges_l0: [[-0.036074],
 [-0.01266 ],
 [-0.011352],
 [-0.014656],
 [-0.253266],
 [-2.670013],
 [-0.018175],
 [-1.908081],
 [-0.181394],
 [ 0.025014],
 [-0.005557],
 [-0.007462],
 [-0.044179]]
spherical_charges_l1: [[ 0.08678 , -0.030477, -0.053364],
 [-0.031917, -0.042615, -0.037996],
 [-0.003016, -0.025912, -0.017193],
 [ 0.365775,  0.092567,  0.059555],
 [ 0.014582,  0.433979, -0.013114],
 [-0.051897, -0.871381, -0.249606],
 [-0.004091, -0.011089,  0.05392 ],
 [-0.020695,  0.803219, -0.112355],
 [ 0.321478, -0.389073,  0.064068],
 [ 0.24164 , -0.222578,  0.02573 ],
 [-0.007568,  0.005491, -0.004181],
 [-0.007879,  0.013326, -0.006566],
 [ 0.007115, -0.020866, -0.060313]]
spherical_charges_l2: [[ 1.644086e-02,  3.631324e-02,  9.908184e-03, -4.553377e-02, -5.567197e-02],
 [ 1.249127e-02, -2.449177e-03, -1.047943e-02, -2.112126e-02,  1.280063e-02],
 [ 2.279491e-02, -3.411489e-03, -1.073642e-02, -2.981929e-02,  5.904927e-03],
 [ 4.144957e-02,  1.330817e-01, -1.889652e-02, -1.613118e-03, -5.711309e-03],
 [ 8.236831e-02, -1.441671e-01, -7.543879e-01, -3.389615e-01,  4.175989e-01],
 [-7.730021e-01,  1.235532e+00,  5.517732e+00,  3.413600e+00, -2.364824e+00],
 [ 1.731608e-02,  3.211986e-02, -3.015265e-02, -2.273573e-02, -3.478776e-02],
 [ 1.019934e+00,  1.245470e+00, -1.936537e+00, -1.736719e+00, -4.657642e+00],
 [-2.118478e-01, -1.833026e-01,  1.543684e-01,  3.529849e-01,  7.740159e-01],
 [ 1.676286e-02, -5.197929e-02,  2.292366e-02, -9.043916e-02, -1.152522e-01],
 [ 7.685632e-04,  5.203570e-03, -3.547903e-03,  1.227648e-02,  7.939984e-03],
 [ 6.363814e-03,  1.248041e-02, -8.106621e-03,  1.346971e-02,  6.350045e-03],
 [ 8.454809e-03,  1.237952e-02, -4.154297e-02,  8.006437e-02,  2.119748e-03]]
energy_short: [-0.348147,  0.040745,  0.027094, -0.116595,  0.037886,  0.019585, -0.132771, -0.116002, -0.150187, -0.332351,  0.051229,  0.037385,  0.02037 ]
energy_long: [ 0.069174,  0.104347,  0.104362,  0.092435,  0.102365, -0.018792,  0.061821, -0.001811,  0.092778,  0.090207,  0.104355,  0.104369,  0.071385]