step=2515140, graph_id=0, num_atoms=13
scalar_charges: [-0.834116,  4.056072,  4.065128, -0.826574, -0.836023, -0.828142, -0.870274, -0.867871, -0.866173, -0.857485,  4.042208,  4.048255, -0.85377 ]
spherical_charges_l0: [[-2.341031e-02],
 [-7.952788e-04],
 [-8.107842e-04],
 [-5.782337e-02],
 [-2.232801e-01],
 [-1.533445e+00],
 [-1.472994e-02],
 [-1.174180e+00],
 [-1.832458e-01],
 [-2.896346e-02],
 [-2.298417e-04],
 [-4.833439e-04],
 [-2.351713e-02]]
spherical_charges_l1: [[ 1.219204e-02,  1.531113e-03, -4.277789e-03],
 [ 6.615765e-03,  1.041868e-03,  5.699515e-03],
 [-8.569304e-03,  7.116068e-03,  4.210558e-04],
 [ 1.347294e-01,  7.705009e-03,  1.574825e-02],
 [ 2.603527e-02,  1.950378e-01,  6.624191e-02],
 [-1.964402e-01, -8.823038e-02, -8.335632e-02],
 [ 7.456330e-03, -4.666246e-03,  2.737865e-02],
 [-5.628591e-03,  2.202117e-01, -5.941796e-02],
 [ 9.169326e-02, -1.704206e-01,  4.666024e-02],
 [ 1.039573e-01, -4.032493e-02,  9.260727e-04],
 [ 5.209377e-03,  2.775622e-04, -1.222553e-05],
 [-4.434075e-03, -3.968726e-03,  1.143200e-03],
 [ 4.802554e-02, -3.351374e-02,  1.810616e-02]]
spherical_charges_l2: [[ 2.587811e-04, -6.618142e-04, -1.900918e-02, -1.432063e-02,  6.212314e-03],
 [-1.397405e-03, -9.377282e-04, -8.801718e-04, -7.913179e-04, -4.465528e-04],
 [ 6.044876e-05,  1.392244e-03, -6.836071e-04, -5.513292e-04,  9.734435e-04],
 [-2.086369e-02,  5.761878e-02, -7.860339e-02, -2.610515e-02,  1.312328e-02],
 [ 2.250564e-02, -9.458809e-02, -4.619668e-01, -1.937378e-01,  1.775592e-01],
 [-8.199511e-02,  6.256241e-01,  2.224229e+00,  1.443362e+00, -8.943609e-01],
 [ 1.592622e-02,  3.428622e-02, -2.926510e-02, -1.357654e-02, -9.128044e-03],
 [ 3.916021e-01,  5.367423e-01, -7.694932e-01, -7.101628e-01, -1.775524e+00],
 [-1.134721e-01, -1.147878e-01,  1.130451e-01,  1.464534e-01,  3.857406e-01],
 [-1.057750e-02, -3.529832e-02,  1.837111e-02,  1.652014e-02,  5.938974e-03],
 [-2.711412e-04, -9.811194e-05, -2.911557e-05,  1.936029e-05,  3.811274e-04],
 [ 3.970409e-04, -4.318187e-04,  4.485223e-04,  6.647893e-04,  3.189211e-04],
 [-5.833539e-03, -6.759592e-04, -4.282285e-03,  1.474908e-02,  1.696082e-02]]
energy_short: [-0.418672, -0.203701, -0.207418, -0.091094,  0.158762,  0.116797, -0.02236 , -0.020433, -0.027097, -0.235861, -0.189798, -0.19559 , -0.125363]
energy_long: [0.118252, 0.157897, 0.157833, 0.130085, 0.147853, 0.015779, 0.114069, 0.043937, 0.14435 , 0.133533, 0.158845, 0.158945, 0.12126 ]