step=420525, graph_id=0, num_atoms=13
scalar_charges: [-1.92363 ,  6.479017,  6.455973, -1.895588, -1.880933, -1.934068, -1.826455, -1.876498, -1.85346 , -1.856504,  6.482354,  6.450032, -1.878801]
spherical_charges_l0: [[-0.002634],
 [-0.006394],
 [-0.006707],
 [-0.04025 ],
 [-0.105425],
 [-2.589567],
 [-0.018179],
 [-1.89871 ],
 [-0.109886],
 [ 0.012771],
 [-0.003527],
 [-0.005509],
 [-0.010803]]
spherical_charges_l1: [[ 1.114418e-01,  1.108483e-01,  1.375604e-04],
 [-1.863404e-03,  1.232525e-03, -1.304801e-04],
 [-2.457831e-04,  3.370772e-03,  1.073106e-04],
 [ 1.731506e-01,  8.808269e-02,  1.414381e-01],
 [-1.425366e-02,  2.152139e-01, -1.210319e-02],
 [-1.614902e-03, -7.501915e-01, -1.151277e-01],
 [-1.402270e-03, -1.376157e-04,  4.439222e-02],
 [-1.962078e-01,  8.296906e-01, -1.145407e-01],
 [ 1.252740e-01, -1.987008e-01,  1.043734e-01],
 [ 1.125557e-01, -1.288192e-01,  6.225384e-02],
 [-1.127098e-03, -2.109335e-03,  1.061080e-03],
 [ 1.276647e-03, -1.057665e-04,  3.168237e-04],
 [ 8.054763e-02, -3.750101e-02, -1.967867e-02]]
spherical_charges_l2: [[ 2.673527e-02,  1.763868e-02, -1.679432e-02, -5.176739e-02, -1.701231e-02],
 [-3.169018e-03,  5.199063e-03,  1.094385e-03,  2.918486e-03, -3.247891e-04],
 [ 1.092849e-03,  1.580497e-04, -1.864348e-03, -3.850922e-03, -3.283105e-04],
 [-3.362706e-02,  1.931817e-01, -1.065699e-01, -5.896506e-03, -1.893008e-02],
 [-1.224692e-02,  2.377257e-02, -5.880241e-01, -1.765172e-01,  2.497719e-01],
 [-7.269134e-01,  7.441874e-01,  4.437963e+00,  2.829491e+00, -1.759483e+00],
 [ 3.434489e-02,  6.160561e-03, -2.752808e-02, -2.080837e-02, -2.420121e-02],
 [ 7.070355e-01,  8.669891e-01, -1.557660e+00, -1.385276e+00, -3.638934e+00],
 [-1.721630e-01, -1.852714e-01,  1.336020e-01,  1.384508e-01,  3.572891e-01],
 [-5.088639e-02, -1.067012e-01,  4.582110e-02, -1.591799e-02, -2.026633e-02],
 [ 2.036439e-03, -2.294875e-03,  1.226111e-03,  5.849804e-04, -8.018631e-04],
 [-2.893339e-03, -7.325803e-04,  1.393894e-04, -1.933151e-03,  1.671899e-05],
 [-2.087159e-03,  1.454138e-04, -4.522947e-02,  8.498480e-02,  1.580239e-02]]
energy_short: [-0.339768, -0.035741, -0.046482, -0.002199,  0.13478 ,  0.089809, -0.04578 , -0.039945, -0.059531, -0.218266, -0.026426, -0.035915,  0.036904]
energy_long: [0.050897, 0.0767  , 0.076644, 0.088185, 0.081834, 0.003528, 0.041311, 0.027647, 0.07018 , 0.084381, 0.076643, 0.076692, 0.0537  ]