step=3588480, graph_id=0, num_atoms=13
scalar_charges: [-0.905853,  4.847096,  4.874073, -0.918415, -0.933274, -0.913795, -1.011234, -1.010215, -1.002652, -0.978179,  4.817824,  4.838907, -0.959507]
spherical_charges_l0: [[-2.387971e-02],
 [-1.655667e-03],
 [-1.282094e-03],
 [-6.920856e-02],
 [-2.446882e-01],
 [-1.614443e+00],
 [-1.320959e-02],
 [-1.314808e+00],
 [-2.046573e-01],
 [-3.406887e-02],
 [-5.971910e-04],
 [-8.698131e-04],
 [-2.360117e-02]]
spherical_charges_l1: [[ 0.002263,  0.010553, -0.003358],
 [ 0.00946 ,  0.002447,  0.008386],
 [-0.016687,  0.016427,  0.001414],
 [ 0.111195,  0.018501,  0.028384],
 [ 0.007168,  0.208722,  0.061144],
 [-0.190359, -0.131211, -0.030786],
 [ 0.009854, -0.004092,  0.026782],
 [-0.003818,  0.214844, -0.038581],
 [ 0.082875, -0.16114 ,  0.047116],
 [ 0.094524, -0.053991, -0.00715 ],
 [ 0.014067,  0.000879, -0.000576],
 [-0.009953, -0.009143,  0.00141 ],
 [ 0.052046, -0.04988 ,  0.012373]]
spherical_charges_l2: [[ 6.951622e-03, -2.345201e-03, -1.130691e-02, -1.152317e-02,  4.776487e-03],
 [-1.770783e-03, -2.132036e-03, -2.297454e-03, -1.545004e-03, -2.657168e-04],
 [ 4.120775e-04,  2.059330e-03, -6.195871e-04, -9.581400e-04,  1.716287e-03],
 [-1.801087e-02,  3.429776e-02, -7.062436e-02, -1.984443e-02,  1.059798e-02],
 [ 2.253736e-02, -9.713852e-02, -4.285616e-01, -1.758251e-01,  1.689571e-01],
 [-1.265662e-01,  5.706177e-01,  2.131944e+00,  1.344599e+00, -8.233255e-01],
 [ 2.053649e-02,  3.150016e-02, -2.555160e-02, -1.090897e-02, -7.365333e-03],
 [ 3.556592e-01,  5.257118e-01, -7.866324e-01, -6.254808e-01, -1.730591e+00],
 [-1.106438e-01, -1.126798e-01,  1.048609e-01,  1.467163e-01,  3.639950e-01],
 [-6.676282e-03, -1.911888e-02,  1.016418e-02,  2.157363e-02,  1.071142e-02],
 [-5.796684e-04,  3.873524e-04, -8.706615e-05, -2.766226e-04,  4.675204e-04],
 [ 1.260155e-03, -1.109732e-03,  9.034359e-04,  9.964593e-04,  5.784436e-04],
 [-2.349150e-04,  1.887041e-03, -1.796081e-03,  9.950069e-03,  1.344432e-02]]
energy_short: [-0.452868, -0.149723, -0.156663, -0.132014,  0.112542,  0.068002, -0.065224, -0.064031, -0.071114, -0.280049, -0.132839, -0.141992, -0.163292]
energy_long: [0.131804, 0.172083, 0.172336, 0.142884, 0.162302, 0.034073, 0.125388, 0.055388, 0.158223, 0.146455, 0.173053, 0.173512, 0.133817]