step=1021275, graph_id=0, num_atoms=13
scalar_charges: [-1.379902,  5.242145,  5.239147, -1.359031, -1.348829, -1.358698, -1.301543, -1.319459, -1.317402, -1.338295,  5.249803,  5.23482 , -1.34405 ]
spherical_charges_l0: [[-0.040335],
 [-0.005397],
 [-0.008785],
 [-0.029721],
 [-0.295926],
 [-2.424617],
 [-0.027027],
 [-1.63136 ],
 [-0.219723],
 [-0.005949],
 [-0.004733],
 [-0.007256],
 [-0.036182]]
spherical_charges_l1: [[ 2.798283e-02, -9.444135e-02, -3.490129e-02],
 [-7.980919e-03, -1.419405e-02, -1.835657e-02],
 [ 1.330844e-02, -9.247944e-03, -9.951082e-04],
 [ 2.882808e-01,  8.176433e-02,  2.614769e-02],
 [-6.943281e-02,  4.761392e-01,  6.269829e-02],
 [-2.311329e-01, -4.084846e-01, -3.571425e-01],
 [ 7.034314e-03, -1.860646e-02,  5.171683e-02],
 [ 3.714163e-02,  5.801744e-01, -1.904996e-01],
 [ 2.190381e-01, -3.612924e-01,  8.036209e-02],
 [ 1.972549e-01, -1.659945e-01, -1.216646e-02],
 [-4.568081e-03,  5.147469e-04, -8.208549e-04],
 [-3.255230e-03,  7.919678e-03, -4.094906e-03],
 [-1.307952e-02,  4.041202e-02, -4.094759e-02]]
spherical_charges_l2: [[ 2.323377e-02,  2.300122e-02, -2.949362e-02, -5.087186e-02, -2.282105e-02],
 [ 6.874452e-03, -9.448259e-04,  8.489313e-03, -1.829585e-03, -2.080026e-03],
 [ 1.088938e-02, -8.254495e-03,  6.919689e-03, -2.154151e-03, -8.630637e-03],
 [-2.322094e-02,  1.249004e-01, -1.270296e-01, -3.973849e-02,  3.388768e-02],
 [ 4.384586e-02, -8.607253e-02, -1.004654e+00, -2.426650e-01,  4.591967e-01],
 [-5.489169e-01,  1.166527e+00,  4.873681e+00,  3.065303e+00, -2.040509e+00],
 [ 2.402820e-02,  5.267633e-02, -4.253400e-02, -2.603940e-02, -1.720297e-02],
 [ 7.541914e-01,  1.079756e+00, -1.621584e+00, -1.363628e+00, -3.656188e+00],
 [-2.224701e-01, -2.329666e-01,  2.393774e-01,  2.364427e-01,  8.056301e-01],
 [-3.182315e-02, -8.924295e-02,  3.559361e-02,  1.314225e-02, -7.929632e-03],
 [ 6.328514e-03,  6.322156e-03, -3.175814e-03,  9.206907e-04, -1.254295e-03],
 [ 2.804780e-03,  1.084714e-02, -2.690057e-03, -3.029629e-03, -4.829965e-03],
 [-1.411786e-02, -2.867817e-02,  5.752651e-03,  4.347344e-02,  4.311747e-02]]
energy_short: [-0.356486, -0.020523, -0.032607, -0.116931,  0.071653,  0.039877, -0.10521 , -0.095907, -0.109142, -0.322377, -0.001226, -0.016846, -0.012118]
energy_long: [ 0.104774,  0.097099,  0.097114,  0.122901,  0.141467, -0.000726,  0.100482,  0.021546,  0.133982,  0.124156,  0.097048,  0.097015,  0.106809]