step=1185480, graph_id=0, num_atoms=13
scalar_charges: [-0.393198,  6.51863 ,  6.548789, -0.714369, -0.688675, -0.805315, -0.987979, -1.005418, -0.878675, -0.681542,  6.505268,  6.546121, -0.725499]
spherical_charges_l0: [[-2.453962e-02],
 [-2.996397e-03],
 [-2.018328e-03],
 [-6.698747e-02],
 [-3.189355e-01],
 [-2.110784e+00],
 [-1.690671e-02],
 [-1.403993e+00],
 [-2.219371e-01],
 [-2.250042e-02],
 [-9.006559e-04],
 [-1.399101e-03],
 [-3.194268e-02]]
spherical_charges_l1: [[ 0.001071, -0.019702,  0.058162],
 [ 0.010543, -0.007989,  0.000911],
 [-0.00836 , -0.001192, -0.004486],
 [ 0.357539,  0.108213,  0.018598],
 [ 0.011543,  0.334396,  0.039892],
 [-0.31938 , -0.070434, -0.190747],
 [ 0.005042, -0.009877,  0.039036],
 [ 0.009562,  0.37351 , -0.180154],
 [ 0.187791, -0.32658 ,  0.029971],
 [ 0.233251, -0.23807 ,  0.02074 ],
 [ 0.004183,  0.001749, -0.001126],
 [-0.004709, -0.003585,  0.001389],
 [ 0.039032, -0.022682,  0.03774 ]]
spherical_charges_l2: [[ 1.464854e-02,  1.585176e-02, -9.466178e-03, -2.420486e-02, -1.545514e-02],
 [-2.344661e-04,  1.084543e-02, -2.068461e-03, -2.458635e-03,  4.678024e-03],
 [-4.097228e-03,  1.078591e-03, -6.519741e-03, -6.649410e-03,  2.613903e-03],
 [-1.030068e-01,  1.584311e-01, -2.023114e-01, -1.048483e-02,  4.476043e-02],
 [ 1.124923e-01, -5.724706e-02, -6.399859e-01, -1.945060e-01,  3.895099e-01],
 [-4.560551e-01,  1.115950e+00,  3.956719e+00,  2.621407e+00, -1.615207e+00],
 [ 2.420391e-02,  4.250552e-02, -3.443956e-02, -2.170519e-02, -2.241666e-02],
 [ 7.161564e-01,  9.623071e-01, -1.182822e+00, -1.165221e+00, -3.032809e+00],
 [-1.260677e-01, -1.861403e-01,  1.881064e-01,  2.487739e-01,  6.810762e-01],
 [-6.506529e-02, -1.341185e-01,  6.498931e-02,  2.361229e-02,  1.712315e-02],
 [ 4.555751e-04, -4.577139e-04, -4.729664e-04,  1.080491e-03,  2.960225e-04],
 [-2.589593e-03, -4.134733e-04, -7.451379e-05,  1.799930e-03,  1.407009e-03],
 [ 1.250468e-02,  1.835259e-02, -1.310281e-02,  3.381315e-02,  2.055681e-02]]
energy_short: [-0.388056, -0.080704, -0.092239, -0.111241,  0.083369,  0.065393, -0.083381, -0.065171, -0.095505, -0.311458, -0.064762, -0.079264, -0.043091]
energy_long: [0.117371, 0.136792, 0.137845, 0.133543, 0.143597, 0.026341, 0.112227, 0.02657 , 0.137701, 0.131021, 0.139065, 0.138296, 0.119033]