step=989235, graph_id=0, num_atoms=13
scalar_charges: [-1.932667,  7.09039 ,  7.077257, -1.908973, -1.915389, -1.916472, -1.826649, -1.853   , -1.857029, -1.877082,  7.097204,  7.080091, -1.875912]
spherical_charges_l0: [[-4.187761e-02],
 [-1.444255e-03],
 [-3.116507e-03],
 [-5.157384e-02],
 [-2.736780e-01],
 [-2.602991e+00],
 [-2.342585e-02],
 [-1.743294e+00],
 [-2.132356e-01],
 [-6.898180e-03],
 [-1.690541e-03],
 [-2.879370e-03],
 [-3.942915e-02]]
spherical_charges_l1: [[ 5.080855e-02, -1.173966e-01, -6.296147e-02],
 [ 1.049553e-02, -4.825548e-03, -5.865238e-04],
 [-1.358987e-02,  1.324231e-02, -1.710295e-03],
 [ 3.632677e-01,  6.130658e-02,  1.191435e-02],
 [ 7.680728e-03,  4.233345e-01,  9.628791e-02],
 [-3.033663e-01, -1.785365e-01, -3.439465e-01],
 [-1.430589e-03, -1.896943e-02,  3.882928e-02],
 [-1.625310e-02,  6.244232e-01, -1.872051e-01],
 [ 2.656637e-01, -3.587739e-01,  1.000413e-01],
 [ 1.878490e-01, -1.464203e-01, -1.952015e-02],
 [ 1.660222e-03, -1.111093e-05,  5.479208e-04],
 [-3.793557e-03, -2.821323e-03,  1.996739e-03],
 [-2.506065e-02,  5.046761e-02, -8.056408e-02]]
spherical_charges_l2: [[-8.937480e-03,  5.095950e-02, -1.063441e-02,  3.851193e-03, -1.191150e-02],
 [ 3.825115e-03,  2.686874e-03,  5.588707e-03, -3.329180e-04, -1.279135e-03],
 [-3.450642e-03, -5.851016e-03, -3.238261e-03, -6.563328e-04, -5.770169e-03],
 [-3.050359e-02,  1.329879e-01, -1.398200e-01, -5.613763e-02,  4.767074e-02],
 [ 4.676590e-02, -1.307887e-01, -8.964505e-01, -2.669223e-01,  4.367571e-01],
 [-6.421219e-01,  1.231483e+00,  5.207531e+00,  3.241152e+00, -2.148369e+00],
 [ 1.201318e-02,  3.633780e-02, -4.405027e-02, -2.650929e-02, -3.347715e-02],
 [ 8.065628e-01,  1.085152e+00, -1.826104e+00, -1.515751e+00, -3.904814e+00],
 [-2.347823e-01, -2.292901e-01,  2.224859e-01,  3.001129e-01,  7.618258e-01],
 [-3.511759e-02, -8.788791e-02,  3.499098e-02,  1.943752e-02, -2.302817e-03],
 [ 1.704873e-03, -4.714446e-04,  3.220738e-04,  2.777644e-04, -1.130732e-03],
 [-2.085125e-03,  2.752701e-03, -1.345148e-03, -2.635649e-03, -2.038993e-03],
 [-2.612758e-02, -4.555679e-02,  1.731093e-02,  3.253288e-02,  3.921897e-02]]
energy_short: [-0.400106, -0.046272, -0.058694, -0.100041,  0.098456,  0.07133 , -0.078313, -0.068869, -0.085302, -0.30537 , -0.030196, -0.044941, -0.048406]
energy_long: [0.098274, 0.11675 , 0.116721, 0.115667, 0.128702, 0.003373, 0.094315, 0.017749, 0.120996, 0.113885, 0.116764, 0.11679 , 0.099634]