step=3332160, graph_id=0, num_atoms=13
scalar_charges: [-0.882752,  4.570284,  4.593272, -0.885483, -0.906972, -0.889511, -0.965424, -0.96485 , -0.960915, -0.937399,  4.546923,  4.562576, -0.924845]
spherical_charges_l0: [[-2.558567e-02],
 [-1.484308e-03],
 [-1.212452e-03],
 [-6.016675e-02],
 [-2.381237e-01],
 [-1.577580e+00],
 [-1.389959e-02],
 [-1.270885e+00],
 [-1.991840e-01],
 [-3.041143e-02],
 [-5.585114e-04],
 [-8.481825e-04],
 [-2.367344e-02]]
spherical_charges_l1: [[ 0.005083,  0.003889, -0.000544],
 [ 0.008581,  0.001344,  0.006849],
 [-0.015819,  0.014539,  0.000735],
 [ 0.113628,  0.027293,  0.035996],
 [ 0.013653,  0.215525,  0.063221],
 [-0.20643 , -0.1165  , -0.031809],
 [ 0.010549, -0.005408,  0.029839],
 [ 0.009368,  0.201561, -0.029304],
 [ 0.084508, -0.170953,  0.045134],
 [ 0.098001, -0.05752 , -0.001063],
 [ 0.010677,  0.000298, -0.000346],
 [-0.008237, -0.006881,  0.00062 ],
 [ 0.048015, -0.041554,  0.014335]]
spherical_charges_l2: [[ 9.439204e-03, -5.725478e-03, -1.296907e-02, -1.373078e-02,  4.009227e-03],
 [-1.824480e-03, -2.320566e-03, -2.040643e-03, -1.465258e-03, -2.899154e-04],
 [ 4.654205e-04,  1.734081e-03, -6.912329e-04, -8.582274e-04,  1.633490e-03],
 [-1.801038e-02,  3.409505e-02, -6.842741e-02, -1.722330e-02,  1.168067e-02],
 [ 2.204798e-02, -1.001316e-01, -4.367269e-01, -1.805093e-01,  1.709145e-01],
 [-1.247454e-01,  5.953311e-01,  2.144943e+00,  1.365083e+00, -8.247561e-01],
 [ 1.994558e-02,  3.558239e-02, -2.604280e-02, -1.097507e-02, -4.855608e-03],
 [ 3.664024e-01,  5.398426e-01, -7.900763e-01, -6.401044e-01, -1.728167e+00],
 [-1.086970e-01, -1.122805e-01,  1.073153e-01,  1.430621e-01,  3.649552e-01],
 [-4.680365e-03, -1.929802e-02,  1.073505e-02,  1.745657e-02,  8.545497e-03],
 [-3.816182e-04,  4.709321e-04, -9.851356e-05, -1.257490e-04,  4.862780e-04],
 [ 1.204716e-03, -8.177444e-04,  7.259940e-04,  9.265154e-04,  5.896540e-04],
 [-1.469879e-04,  4.751014e-03, -4.100553e-03,  1.392829e-02,  1.627265e-02]]
energy_short: [-0.455479, -0.159282, -0.166152, -0.121237,  0.119373,  0.075075, -0.058985, -0.058708, -0.06438 , -0.269441, -0.142807, -0.151549, -0.16611 ]
energy_long: [0.133105, 0.173848, 0.17412 , 0.144583, 0.164528, 0.031441, 0.127389, 0.056162, 0.160461, 0.148569, 0.174863, 0.175266, 0.135161]