step=1642050, graph_id=0, num_atoms=13
scalar_charges: [-0.274409,  2.77404 ,  2.760152, -0.29659 , -0.2967  , -0.313958, -0.291305, -0.311911, -0.299344, -0.286523,  2.783246,  2.764769, -0.275131]
spherical_charges_l0: [[-2.417498e-02],
 [-3.368074e-04],
 [-3.060389e-04],
 [-5.122226e-02],
 [-2.404732e-01],
 [-2.027863e+00],
 [-1.883996e-02],
 [-1.452061e+00],
 [-1.792634e-01],
 [-2.323109e-02],
 [-4.237890e-04],
 [-3.162609e-04],
 [-2.570260e-02]]
spherical_charges_l1: [[ 1.994447e-02, -6.444891e-03,  1.373487e-02],
 [ 4.772362e-03,  1.423673e-03,  3.102116e-03],
 [-1.988918e-03,  2.582159e-03,  4.048148e-04],
 [ 2.364767e-01,  4.802567e-02,  2.594332e-02],
 [ 1.011786e-02,  2.406221e-01,  8.071055e-02],
 [-3.105505e-01, -8.372005e-02, -1.948718e-01],
 [ 1.135785e-02, -1.413799e-02,  3.782880e-02],
 [ 1.289058e-02,  4.018679e-01, -1.412196e-01],
 [ 1.322942e-01, -2.116950e-01,  6.081202e-02],
 [ 1.290146e-01, -6.565799e-02, -6.518329e-03],
 [ 5.751289e-03,  1.821532e-04,  3.293242e-04],
 [-3.041903e-03, -4.041757e-03,  2.025752e-03],
 [ 3.843829e-02, -1.934136e-02,  2.478168e-02]]
spherical_charges_l2: [[ 1.443275e-02,  1.176311e-02, -1.880081e-02, -1.964449e-02, -7.541679e-03],
 [ 1.933735e-04,  1.530302e-03,  1.530528e-04, -8.167145e-04,  5.589934e-05],
 [-7.257900e-04,  6.699090e-04, -1.414391e-03, -9.898072e-04,  3.539138e-04],
 [-4.182957e-02,  8.719206e-02, -1.326498e-01, -2.709129e-02,  2.297536e-02],
 [ 4.595924e-02, -1.139080e-01, -6.593045e-01, -2.313573e-01,  2.820026e-01],
 [-2.909272e-01,  9.995646e-01,  3.812348e+00,  2.374712e+00, -1.571779e+00],
 [ 9.911750e-03,  4.164021e-02, -3.573355e-02, -1.885154e-02, -1.741045e-02],
 [ 6.453823e-01,  8.479575e-01, -1.262484e+00, -1.044611e+00, -2.917803e+00],
 [-1.534363e-01, -1.515253e-01,  1.531245e-01,  2.123943e-01,  5.462217e-01],
 [-2.180844e-02, -5.058656e-02,  2.546883e-02,  1.876567e-02,  6.409748e-03],
 [-1.270065e-03, -6.162731e-04,  8.115348e-06, -6.442485e-06,  7.455550e-04],
 [-3.873940e-04, -5.841198e-04,  4.078438e-04,  6.057352e-04,  3.548211e-04],
 [-5.740268e-04,  1.468429e-03, -8.066716e-03,  2.300152e-02,  1.563470e-02]]
energy_short: [-0.370853, -0.177045, -0.187163, -0.061288,  0.123574,  0.098641, -0.043432, -0.035574, -0.058861, -0.246071, -0.15796 , -0.171945, -0.043351]
energy_long: [0.122663, 0.158515, 0.158608, 0.13875 , 0.156215, 0.014859, 0.12121 , 0.034368, 0.148686, 0.137766, 0.158786, 0.159112, 0.124018]