step=829035, graph_id=0, num_atoms=13
scalar_charges: [-1.949345,  7.096857,  7.092731, -1.945101, -1.924673, -1.929193, -1.883888, -1.902038, -1.898567, -1.9125  ,  7.097589,  7.086341, -1.917249]
spherical_charges_l0: [[-7.215168e-02],
 [-8.911483e-04],
 [-1.125457e-03],
 [-1.185092e-02],
 [-1.843913e-01],
 [-2.441607e+00],
 [-1.896389e-02],
 [-1.566309e+00],
 [-1.402742e-01],
 [-2.043945e-05],
 [-6.869223e-04],
 [-1.192446e-03],
 [-5.762680e-02]]
spherical_charges_l1: [[ 4.644832e-02, -9.451094e-02, -5.439039e-02],
 [ 4.251393e-03, -1.355278e-02, -7.342745e-03],
 [-6.077228e-03,  9.860856e-04, -3.201196e-03],
 [ 3.963460e-01,  1.696168e-02,  5.435620e-03],
 [-2.151772e-02,  3.514241e-01,  6.797353e-02],
 [-1.473224e-01, -3.730584e-01, -2.335997e-01],
 [ 1.769537e-03, -6.878199e-03,  4.468355e-02],
 [ 1.123280e-01,  3.484384e-01, -8.050398e-03],
 [ 2.302805e-01, -3.014635e-01,  1.392072e-01],
 [ 1.798627e-01, -1.451724e-01, -6.042142e-03],
 [ 8.428829e-05,  1.064691e-03, -6.359051e-04],
 [-3.132189e-03, -2.374870e-04,  4.257133e-04],
 [-2.096360e-02,  1.432291e-02, -4.324656e-02]]
spherical_charges_l2: [[ 4.904814e-02,  1.911328e-02, -2.756205e-02, -7.681502e-02, -3.005109e-02],
 [ 8.351599e-04,  1.857181e-03,  3.873133e-03,  2.544649e-04, -5.891411e-04],
 [ 1.388176e-04, -5.590575e-03,  1.391229e-03,  6.538078e-04, -7.140220e-03],
 [-4.369044e-02,  1.265404e-01, -1.118135e-01, -4.457190e-02,  3.059802e-02],
 [ 1.272753e-01, -1.219617e-01, -6.641344e-01, -2.436465e-01,  3.556469e-01],
 [-4.291134e-01,  9.078974e-01,  4.974476e+00,  3.049117e+00, -1.992604e+00],
 [ 2.098804e-02,  2.766405e-02, -2.779278e-02, -1.908328e-02, -2.536025e-02],
 [ 9.131352e-01,  1.010875e+00, -1.511273e+00, -1.502850e+00, -3.591647e+00],
 [-1.218269e-01, -1.558045e-01,  1.596175e-01,  2.383662e-01,  5.752870e-01],
 [-3.587820e-02, -1.112353e-01,  4.941140e-02, -1.024406e-02, -1.368131e-02],
 [ 2.195069e-03,  3.385688e-04, -1.644876e-05,  1.332850e-05, -1.775283e-03],
 [-1.404811e-03,  2.925318e-03, -1.687148e-03, -2.539594e-03, -1.900990e-03],
 [ 3.660692e-03, -2.144722e-02,  1.580720e-03,  4.486398e-02,  2.288118e-02]]
energy_short: [-0.37092 , -0.09744 , -0.110562, -0.031684,  0.116905,  0.09982 , -0.039687, -0.033509, -0.056915, -0.247714, -0.080493, -0.096522, -0.007268]
energy_long: [ 0.096803,  0.105325,  0.105298,  0.126108,  0.132196, -0.005097,  0.084242,  0.016822,  0.121771,  0.120191,  0.105297,  0.105308,  0.099584]