step=2763450, graph_id=0, num_atoms=13
scalar_charges: [-0.891344,  4.321928,  4.367624, -0.898305, -0.905151, -0.895784, -0.956098, -0.950727, -0.947375, -0.934866,  4.2874  ,  4.325871, -0.923395]
spherical_charges_l0: [[-2.854156e-02],
 [-8.874974e-04],
 [-5.950072e-04],
 [-5.618582e-02],
 [-2.339340e-01],
 [-1.500113e+00],
 [-1.391736e-02],
 [-1.195698e+00],
 [-2.009974e-01],
 [-2.973137e-02],
 [-1.642905e-04],
 [-3.772709e-04],
 [-2.452268e-02]]
spherical_charges_l1: [[ 7.036680e-03,  1.019174e-02, -5.316428e-04],
 [ 8.813266e-03,  1.977815e-03,  8.193617e-03],
 [-1.164582e-02,  1.411395e-02,  2.988337e-03],
 [ 1.204884e-01,  4.595239e-02,  3.431712e-02],
 [ 1.841920e-02,  2.235950e-01,  7.098250e-02],
 [-2.243113e-01, -2.098600e-04, -6.346197e-02],
 [ 1.010379e-02, -5.869154e-03,  3.030656e-02],
 [ 1.147549e-02,  1.806257e-01, -2.371102e-02],
 [ 9.758291e-02, -1.916946e-01,  5.655928e-02],
 [ 1.088803e-01, -6.304570e-02,  6.271617e-03],
 [ 9.515734e-03, -2.425239e-03,  1.111297e-03],
 [-5.648486e-03, -7.931661e-03,  2.243674e-03],
 [ 4.798006e-02, -3.881645e-02,  2.077897e-02]]
spherical_charges_l2: [[ 6.335803e-03,  2.796724e-04, -1.990336e-02, -1.535735e-02,  7.294310e-03],
 [-1.955255e-03, -1.432917e-03, -1.235238e-03, -6.059067e-04, -5.159544e-04],
 [-7.292503e-05,  1.712107e-03, -5.485424e-04, -4.550151e-06,  9.885257e-04],
 [-1.690185e-02,  4.566525e-02, -6.163295e-02, -1.334799e-02,  1.272198e-02],
 [ 1.404743e-02, -7.610524e-02, -4.582923e-01, -1.735925e-01,  1.820540e-01],
 [-6.169200e-02,  6.085742e-01,  2.120137e+00,  1.375003e+00, -8.235102e-01],
 [ 1.830569e-02,  3.418358e-02, -2.470949e-02, -1.112322e-02, -7.885021e-03],
 [ 4.061228e-01,  5.698761e-01, -7.503267e-01, -6.894754e-01, -1.731129e+00],
 [-1.099637e-01, -1.210586e-01,  1.155611e-01,  1.496590e-01,  3.850845e-01],
 [-6.915840e-03, -2.706420e-02,  1.617605e-02,  1.559567e-02,  8.533894e-03],
 [-5.075536e-04,  7.640807e-05,  4.282774e-07, -1.758753e-04,  4.669862e-04],
 [ 7.371497e-04, -8.090176e-04,  6.977940e-04,  6.282898e-04,  3.285052e-04],
 [-1.234524e-03,  2.493048e-04, -1.881988e-03,  1.415515e-02,  1.558332e-02]]
energy_short: [-0.471764, -0.169139, -0.173158, -0.106304,  0.138551,  0.096694, -0.037545, -0.037177, -0.045481, -0.252092, -0.153817, -0.160432, -0.179662]
energy_long: [0.125081, 0.168942, 0.168925, 0.137333, 0.158428, 0.019242, 0.121596, 0.043296, 0.155082, 0.142824, 0.169612, 0.169841, 0.127518]