step=2947680, graph_id=0, num_atoms=13
scalar_charges: [-0.860255,  4.39616 ,  4.428611, -0.856897, -0.872159, -0.86296 , -0.90625 , -0.906981, -0.90449 , -0.892526,  4.362477,  4.393281, -0.838888]
spherical_charges_l0: [[-2.122180e-02],
 [-8.959781e-04],
 [-7.776583e-04],
 [-6.156004e-02],
 [-2.561361e-01],
 [-1.734076e+00],
 [-1.433894e-02],
 [-1.374696e+00],
 [-2.030724e-01],
 [-3.003393e-02],
 [-2.956090e-04],
 [-4.930713e-04],
 [-2.223452e-02]]
spherical_charges_l1: [[ 0.004534,  0.005663, -0.004432],
 [ 0.008978,  0.00088 ,  0.006961],
 [-0.011577,  0.012744,  0.002324],
 [ 0.127678,  0.029586,  0.034481],
 [ 0.018838,  0.225654,  0.068295],
 [-0.221612, -0.052617, -0.041535],
 [ 0.007933, -0.00408 ,  0.027575],
 [ 0.014176,  0.215466, -0.015966],
 [ 0.09671 , -0.184116,  0.047706],
 [ 0.108921, -0.062622,  0.001198],
 [ 0.009266, -0.002238,  0.000939],
 [-0.004977, -0.007366,  0.001786],
 [ 0.053832, -0.042543,  0.018908]]
spherical_charges_l2: [[-2.213956e-03, -6.325404e-03, -1.815887e-02, -8.655422e-03,  1.753315e-03],
 [-2.182194e-03, -1.681661e-03, -1.669077e-03, -8.509073e-04, -4.609704e-04],
 [-1.138347e-04,  2.140901e-03, -7.323543e-04, -1.917090e-04,  1.439699e-03],
 [-2.251376e-02,  4.143677e-02, -6.895313e-02, -1.696351e-02,  1.455558e-02],
 [ 3.548175e-02, -8.562029e-02, -4.344309e-01, -1.727900e-01,  1.815170e-01],
 [-1.502285e-01,  6.399453e-01,  2.376846e+00,  1.514326e+00, -9.402272e-01],
 [ 1.681994e-02,  2.969288e-02, -2.406913e-02, -1.119890e-02, -6.115432e-03],
 [ 3.804107e-01,  5.680635e-01, -8.642976e-01, -7.233643e-01, -1.926721e+00],
 [-1.010973e-01, -1.101363e-01,  1.102733e-01,  1.541879e-01,  3.817874e-01],
 [-6.928729e-03, -2.706523e-02,  1.669904e-02,  1.437191e-02,  9.628654e-03],
 [-4.831691e-04,  1.050137e-04, -2.616875e-05, -1.855523e-04,  4.490490e-04],
 [ 9.329311e-04, -7.991242e-04,  6.871660e-04,  7.725008e-04,  3.485412e-04],
 [-7.445872e-03, -3.993354e-03, -5.219803e-04,  8.581121e-03,  1.427853e-02]]
energy_short: [-0.48089 , -0.163047, -0.168809, -0.116334,  0.12675 ,  0.083742, -0.049677, -0.0508  , -0.057159, -0.262753, -0.148734, -0.156186, -0.189454]
energy_long: [0.132604, 0.174553, 0.174517, 0.144856, 0.165521, 0.034575, 0.127655, 0.051974, 0.161393, 0.148822, 0.17533 , 0.175634, 0.134597]