step=1882350, graph_id=0, num_atoms=13
scalar_charges: [-0.668003,  3.223796,  3.219483, -0.675431, -0.675574, -0.676755, -0.706319, -0.702029, -0.70055 , -0.689502,  3.230697,  3.224229, -0.679032]
spherical_charges_l0: [[-2.306607e-02],
 [-8.548870e-05],
 [-1.046963e-04],
 [-5.384120e-02],
 [-2.073254e-01],
 [-1.487206e+00],
 [-1.524583e-02],
 [-1.091401e+00],
 [-1.609145e-01],
 [-2.420882e-02],
 [-5.394428e-05],
 [-1.309569e-04],
 [-2.871167e-02]]
spherical_charges_l1: [[ 1.707020e-02, -1.561879e-02, -9.254765e-03],
 [ 4.351838e-03,  3.953762e-03,  4.809520e-03],
 [-4.743204e-03,  4.793891e-03,  2.829521e-04],
 [ 1.807752e-01,  5.901135e-02,  1.418108e-02],
 [ 2.690127e-02,  1.691720e-01,  4.149556e-02],
 [-3.078145e-01, -6.598403e-02, -1.781410e-01],
 [ 1.060327e-02, -6.219706e-03,  3.575223e-02],
 [ 3.557172e-02,  2.437766e-01, -6.223210e-02],
 [ 1.043278e-01, -1.822545e-01,  3.226679e-02],
 [ 1.108588e-01, -7.135291e-02, -4.186842e-03],
 [ 5.883431e-03, -2.606020e-04,  2.465554e-04],
 [-2.673845e-03, -5.253389e-03,  1.960218e-03],
 [ 3.713536e-02, -3.384337e-02,  4.682214e-02]]
spherical_charges_l2: [[ 1.099819e-02, -4.693013e-03, -1.631162e-02, -1.360526e-02, -1.044454e-04],
 [-1.277325e-03,  1.270320e-03, -5.315334e-04, -3.405891e-04,  2.257340e-04],
 [-6.533194e-04,  1.607329e-03, -9.466819e-04, -6.762412e-04,  1.081695e-03],
 [-3.375984e-02,  7.972725e-02, -1.028331e-01, -1.309646e-02,  1.519656e-02],
 [ 3.758996e-02, -1.096008e-01, -5.359563e-01, -2.035376e-01,  2.213408e-01],
 [-2.441712e-01,  7.261227e-01,  2.667038e+00,  1.759268e+00, -1.084591e+00],
 [ 1.932670e-02,  3.018395e-02, -2.665273e-02, -1.200360e-02, -1.276927e-02],
 [ 4.126118e-01,  5.874217e-01, -9.186355e-01, -8.062627e-01, -2.130924e+00],
 [-1.141793e-01, -1.388757e-01,  1.467631e-01,  1.632008e-01,  4.416966e-01],
 [-1.692721e-02, -5.310787e-02,  2.562352e-02,  1.496658e-02,  1.738427e-03],
 [-6.736345e-04, -8.425414e-04,  1.891229e-04,  4.520214e-04,  8.883341e-04],
 [-6.543917e-04, -7.411026e-04,  4.674698e-04,  8.643142e-04,  7.840039e-04],
 [ 2.709734e-05,  8.281054e-03, -4.402165e-03,  1.651585e-02,  1.290429e-02]]
energy_short: [-0.360733, -0.183249, -0.190975, -0.111936,  0.098844,  0.063908, -0.067457, -0.074208, -0.083445, -0.296194, -0.163689, -0.175498, -0.040216]
energy_long: [0.138005, 0.176257, 0.176277, 0.151489, 0.170131, 0.013291, 0.1349  , 0.039051, 0.166278, 0.152259, 0.176563, 0.177076, 0.140735]