step=3472335, graph_id=0, num_atoms=13
scalar_charges: [-0.852005,  4.605714,  4.629306, -0.866393, -0.883049, -0.862104, -0.957402, -0.958153, -0.951206, -0.92352 ,  4.580564,  4.597347, -0.906815]
spherical_charges_l0: [[-2.380641e-02],
 [-1.579883e-03],
 [-1.406424e-03],
 [-6.371748e-02],
 [-2.335099e-01],
 [-1.580467e+00],
 [-1.291791e-02],
 [-1.280767e+00],
 [-1.971327e-01],
 [-3.371531e-02],
 [-6.363854e-04],
 [-9.462184e-04],
 [-2.450136e-02]]
spherical_charges_l1: [[ 0.000303,  0.005696, -0.005296],
 [ 0.00865 ,  0.00157 ,  0.007269],
 [-0.016603,  0.014306,  0.000835],
 [ 0.115124,  0.024048,  0.028388],
 [ 0.011084,  0.200309,  0.061434],
 [-0.175456, -0.131203, -0.025972],
 [ 0.00895 , -0.0049  ,  0.023932],
 [-0.010071,  0.21829 , -0.045092],
 [ 0.082166, -0.161284,  0.049479],
 [ 0.096681, -0.053631, -0.007371],
 [ 0.012409,  0.000812, -0.000652],
 [-0.009202, -0.007498,  0.000728],
 [ 0.050114, -0.048676,  0.013328]]
spherical_charges_l2: [[ 6.023422e-03,  5.464695e-04, -1.488432e-02, -9.840889e-03,  7.390413e-03],
 [-1.978550e-03, -1.864527e-03, -2.253189e-03, -1.501636e-03, -8.689151e-05],
 [ 3.728372e-04,  2.224640e-03, -8.886022e-04, -8.821312e-04,  1.795774e-03],
 [-1.966197e-02,  3.403991e-02, -6.819618e-02, -1.661870e-02,  9.941701e-03],
 [ 2.389407e-02, -8.386751e-02, -4.194033e-01, -1.743275e-01,  1.679798e-01],
 [-1.344888e-01,  5.323378e-01,  2.105360e+00,  1.332637e+00, -8.333834e-01],
 [ 2.165637e-02,  3.192427e-02, -2.433171e-02, -1.049131e-02, -4.882733e-03],
 [ 3.544345e-01,  5.042930e-01, -7.681366e-01, -6.370605e-01, -1.705820e+00],
 [-1.077933e-01, -1.106713e-01,  1.011000e-01,  1.464038e-01,  3.523131e-01],
 [-7.365773e-03, -2.068790e-02,  1.054317e-02,  2.052626e-02,  1.006130e-02],
 [-5.326254e-04,  4.061142e-04, -1.020847e-04, -3.084531e-04,  4.341544e-04],
 [ 1.344268e-03, -9.611819e-04,  8.270491e-04,  1.044342e-03,  5.503242e-04],
 [-1.033177e-03,  6.218216e-04, -1.604934e-03,  1.136033e-02,  1.601116e-02]]
energy_short: [-0.452881, -0.149703, -0.156739, -0.13229 ,  0.111538,  0.066027, -0.069123, -0.067186, -0.072834, -0.281296, -0.133292, -0.142219, -0.161586]
energy_long: [0.133856, 0.174252, 0.174355, 0.145083, 0.163515, 0.036185, 0.128366, 0.058321, 0.159599, 0.14847 , 0.175062, 0.175541, 0.135834]