step=1541925, graph_id=0, num_atoms=13
scalar_charges: [-0.19858 ,  3.056123,  3.051363, -0.224508, -0.222363, -0.234699, -0.27051 , -0.251552, -0.253399, -0.226645,  3.047278,  3.051205, -0.230655]
spherical_charges_l0: [[-2.281164e-02],
 [-8.517252e-04],
 [-1.214697e-03],
 [-5.636612e-02],
 [-2.580819e-01],
 [-2.527160e+00],
 [-1.807450e-02],
 [-1.720626e+00],
 [-1.698721e-01],
 [-2.831495e-02],
 [-9.464998e-04],
 [-8.519379e-04],
 [-2.921671e-02]]
spherical_charges_l1: [[ 4.361460e-02,  1.984945e-02,  4.164714e-02],
 [ 9.310110e-03,  3.170312e-03,  5.776532e-03],
 [-2.476081e-03,  3.879218e-03,  3.592337e-04],
 [ 3.020540e-01,  6.417510e-02,  3.005886e-02],
 [ 9.983223e-03,  2.855073e-01,  6.212319e-02],
 [-3.638230e-01, -1.148137e-01, -1.967349e-01],
 [ 8.135241e-03, -4.100687e-03,  4.317850e-02],
 [ 4.744719e-02,  4.429970e-01, -2.470162e-01],
 [ 1.680405e-01, -2.598405e-01,  3.756838e-02],
 [ 1.995728e-01, -1.513841e-01,  2.148726e-02],
 [ 5.813685e-03, -1.582345e-03,  9.306179e-04],
 [-2.886673e-03, -6.296919e-03,  2.987276e-03],
 [ 5.024048e-02, -1.918195e-02,  4.731523e-02]]
spherical_charges_l2: [[-6.948713e-03,  1.724157e-02, -2.729541e-02,  1.186160e-04, -4.279315e-03],
 [ 1.932649e-03,  2.794802e-03,  1.811277e-03, -1.361311e-03,  5.272669e-04],
 [-1.272878e-03, -4.409023e-04, -2.500399e-03, -7.268233e-04, -5.727491e-04],
 [-6.333894e-02,  1.341852e-01, -1.644849e-01, -2.851427e-02,  3.351512e-02],
 [ 7.455460e-02, -8.879878e-02, -5.822935e-01, -2.127478e-01,  2.704693e-01],
 [-4.914714e-01,  1.227327e+00,  4.533700e+00,  2.902596e+00, -1.835482e+00],
 [ 4.617338e-03,  4.415502e-02, -3.375374e-02, -1.681429e-02, -1.810091e-02],
 [ 6.823724e-01,  9.546787e-01, -1.454500e+00, -1.301476e+00, -3.355001e+00],
 [-1.338478e-01, -1.667868e-01,  1.546644e-01,  1.787214e-01,  5.082324e-01],
 [-3.265234e-02, -8.323447e-02,  4.163086e-02,  2.108709e-02,  1.245151e-02],
 [-5.964775e-04, -9.805082e-04,  1.140817e-04,  3.491198e-04,  5.558344e-04],
 [-1.577498e-03, -2.205638e-04,  7.707546e-05,  5.687232e-05,  3.841761e-04],
 [-1.004861e-03, -1.704718e-03,  2.439791e-03,  3.528167e-03,  1.554494e-02]]
energy_short: [-0.351321, -0.170091, -0.180857, -0.087585,  0.089843,  0.061697, -0.079551, -0.073082, -0.091765, -0.280462, -0.151097, -0.165365, -0.01937 ]
energy_long: [0.126573, 0.163578, 0.16339 , 0.147326, 0.160671, 0.028879, 0.122245, 0.040146, 0.152284, 0.144443, 0.163811, 0.16399 , 0.128289]