step=1493865, graph_id=0, num_atoms=13
scalar_charges: [-0.300967,  3.144722,  3.138594, -0.318103, -0.313279, -0.323241, -0.311953, -0.311611, -0.313661, -0.31143 ,  3.138645,  3.140253, -0.30312 ]
spherical_charges_l0: [[-3.863038e-02],
 [-4.115800e-04],
 [-7.180097e-04],
 [-3.188490e-02],
 [-2.233750e-01],
 [-1.899952e+00],
 [-1.408933e-02],
 [-1.387796e+00],
 [-1.762573e-01],
 [-1.252647e-02],
 [-4.471155e-04],
 [-5.484429e-04],
 [-3.464143e-02]]
spherical_charges_l1: [[ 2.964043e-02, -4.817338e-02, -1.187671e-02],
 [ 6.270465e-03,  2.586100e-03,  4.046985e-03],
 [-1.284358e-03,  3.416913e-03,  3.996537e-04],
 [ 2.652143e-01,  6.468761e-02,  2.495272e-02],
 [-2.895217e-02,  3.134430e-01,  6.738920e-02],
 [-3.853165e-01, -3.746904e-02, -2.560742e-01],
 [ 5.978717e-03, -1.199457e-02,  3.624204e-02],
 [ 6.318735e-02,  2.760063e-01, -1.426139e-01],
 [ 1.635747e-01, -2.668380e-01,  7.031120e-02],
 [ 1.673045e-01, -1.078557e-01, -4.665732e-03],
 [ 5.264800e-03, -1.312083e-03,  4.748761e-04],
 [-1.845979e-03, -4.762373e-03,  2.056695e-03],
 [ 1.262350e-02,  1.251683e-02,  1.492174e-04]]
spherical_charges_l2: [[ 1.127664e-02, -7.290392e-04, -2.475875e-02, -1.739886e-02, -9.549176e-03],
 [ 1.750948e-03,  2.111638e-03,  1.108999e-03, -1.882787e-03,  6.719928e-04],
 [-6.324768e-05, -1.501949e-03, -2.717901e-03, -2.342422e-03, -1.263991e-04],
 [-5.202146e-02,  9.985135e-02, -1.036371e-01, -3.278024e-02,  1.567842e-02],
 [ 2.533751e-02, -8.187642e-02, -6.880612e-01, -2.510458e-01,  3.066856e-01],
 [-2.532390e-01,  1.002141e+00,  3.702167e+00,  2.252819e+00, -1.545079e+00],
 [ 1.017918e-02,  3.692380e-02, -2.836333e-02, -1.488424e-02, -1.525352e-02],
 [ 5.947271e-01,  8.748388e-01, -1.255195e+00, -1.085417e+00, -2.863253e+00],
 [-1.512297e-01, -1.633352e-01,  1.658411e-01,  2.181700e-01,  5.562146e-01],
 [-2.314300e-02, -6.074862e-02,  3.157394e-02,  7.140733e-03,  7.210153e-03],
 [ 3.044453e-06, -3.704352e-04, -5.833000e-05,  7.927545e-04,  5.479860e-04],
 [-1.382775e-03,  9.453207e-04, -5.870960e-04,  4.775007e-04,  6.356230e-04],
 [ 1.870045e-03,  1.018832e-02, -3.738125e-03,  2.242179e-02,  2.705373e-02]]
energy_short: [-0.379063, -0.157737, -0.168379, -0.088198,  0.107118,  0.074552, -0.070351, -0.061145, -0.075304, -0.278337, -0.138342, -0.153181, -0.046186]
energy_long: [0.126226, 0.160928, 0.161183, 0.141951, 0.159023, 0.012064, 0.119243, 0.032235, 0.150669, 0.14212 , 0.161222, 0.161364, 0.127808]