step=1990485, graph_id=0, num_atoms=13
scalar_charges: [-0.764883,  3.759122,  3.759438, -0.700966, -0.706574, -0.713318, -0.746787, -0.751543, -0.739279, -0.728272,  3.766193,  3.758959, -0.777621]
spherical_charges_l0: [[-1.981153e-02],
 [-1.093900e-04],
 [-1.176173e-04],
 [-5.275956e-02],
 [-2.128965e-01],
 [-1.681718e+00],
 [-1.285823e-02],
 [-1.217081e+00],
 [-1.682319e-01],
 [-2.994798e-02],
 [-1.089038e-04],
 [-6.587437e-05],
 [-2.450868e-02]]
spherical_charges_l1: [[ 8.438569e-03, -6.345307e-03, -7.913340e-03],
 [ 5.969890e-03,  3.647701e-03,  5.501238e-03],
 [-5.156385e-03,  4.910619e-03, -1.247051e-04],
 [ 1.713341e-01,  4.241756e-02,  2.236046e-02],
 [ 3.797506e-02,  2.272914e-01,  7.268340e-02],
 [-2.987877e-01, -9.890606e-02, -1.461735e-01],
 [ 1.037029e-02, -6.993721e-03,  2.501502e-02],
 [ 3.761919e-03,  2.844479e-01, -9.199656e-02],
 [ 1.155409e-01, -2.155988e-01,  3.298537e-02],
 [ 1.006833e-01, -6.010688e-02, -1.122416e-02],
 [ 3.952097e-03, -1.214367e-03,  8.777188e-04],
 [-2.330310e-03, -4.681450e-03,  2.045344e-03],
 [ 3.748975e-02, -4.556125e-02,  3.766797e-02]]
spherical_charges_l2: [[-1.007156e-03,  1.008183e-03, -1.381768e-02, -5.189535e-03, -5.314350e-03],
 [-1.868396e-03, -2.123212e-04, -1.445042e-03, -9.916346e-04, -2.770874e-04],
 [-1.590198e-05,  1.604741e-03, -6.160385e-04, -1.136827e-03,  7.610616e-04],
 [-3.922628e-02,  6.115053e-02, -1.001749e-01, -3.215842e-02,  1.434111e-02],
 [ 3.073217e-02, -8.313762e-02, -5.009351e-01, -2.120776e-01,  2.289832e-01],
 [-1.784329e-01,  8.191211e-01,  2.784795e+00,  1.827817e+00, -1.115285e+00],
 [ 1.944225e-02,  2.927497e-02, -2.179072e-02, -9.660769e-03, -1.015476e-02],
 [ 4.843110e-01,  6.521887e-01, -9.472756e-01, -8.362194e-01, -2.118210e+00],
 [-1.032393e-01, -1.147352e-01,  1.230281e-01,  1.831993e-01,  4.503428e-01],
 [-2.671579e-02, -5.624891e-02,  2.348438e-02,  2.818446e-02,  1.501561e-02],
 [-9.507616e-04, -6.739149e-04,  4.222801e-05,  3.114812e-04,  8.741316e-04],
 [-2.769427e-04, -8.841910e-04,  5.330649e-04,  9.503537e-04,  5.126798e-04],
 [-5.878565e-04, -3.376867e-03,  1.035752e-03, -1.185022e-04,  2.091816e-03]]
energy_short: [-0.341311, -0.236287, -0.245067, -0.098743,  0.118041,  0.089581, -0.051564, -0.046673, -0.065435, -0.263505, -0.215961, -0.229415, -0.045809]
energy_long: [0.130201, 0.169929, 0.169722, 0.142396, 0.161316, 0.010686, 0.124738, 0.03282 , 0.156083, 0.144303, 0.170119, 0.170261, 0.132664]