step=1714140, graph_id=0, num_atoms=13
scalar_charges: [-0.315269,  2.796929,  2.785343, -0.309581, -0.326706, -0.338093, -0.280025, -0.338756, -0.321872, -0.30249 ,  2.797785,  2.790032, -0.284885]
spherical_charges_l0: [[-3.324568e-02],
 [-3.141561e-04],
 [-1.764081e-04],
 [-8.215807e-02],
 [-2.833813e-01],
 [-1.935262e+00],
 [-1.973356e-02],
 [-1.367882e+00],
 [-2.076416e-01],
 [-4.198910e-02],
 [-4.503668e-04],
 [-2.924167e-04],
 [-3.407755e-02]]
spherical_charges_l1: [[ 0.010288,  0.062118,  0.059125],
 [ 0.010176,  0.00241 ,  0.006509],
 [-0.005259,  0.007873,  0.000804],
 [ 0.269848,  0.109705,  0.03054 ],
 [ 0.036001,  0.348543,  0.100963],
 [-0.340131, -0.047448, -0.219256],
 [ 0.011687, -0.004433,  0.044157],
 [ 0.08285 ,  0.275464, -0.087609],
 [ 0.179441, -0.311709,  0.070068],
 [ 0.162573, -0.14278 ,  0.00253 ],
 [ 0.006635, -0.001519,  0.000563],
 [-0.003854, -0.007228,  0.002771],
 [ 0.069202, -0.052868,  0.069194]]
spherical_charges_l2: [[ 1.776448e-02,  1.405055e-02, -2.508286e-02, -2.645287e-02,  2.055813e-03],
 [-4.578911e-04,  1.104717e-03, -4.954061e-04, -2.112577e-03,  1.395591e-04],
 [-2.485183e-04,  2.555218e-03, -1.170987e-03, -1.221801e-03,  8.550475e-04],
 [-5.323064e-02,  1.338113e-01, -1.766936e-01, -3.987431e-02,  3.300782e-02],
 [ 8.904661e-02, -1.145411e-01, -6.969649e-01, -2.783255e-01,  3.485101e-01],
 [-2.455052e-01,  8.994194e-01,  3.604761e+00,  2.313835e+00, -1.469033e+00],
 [ 1.668175e-02,  4.379964e-02, -4.028942e-02, -1.941328e-02, -1.727800e-02],
 [ 5.925757e-01,  8.083257e-01, -1.185161e+00, -1.055056e+00, -2.769428e+00],
 [-1.440000e-01, -1.654029e-01,  1.648135e-01,  2.918735e-01,  6.631523e-01],
 [-3.056987e-02, -7.503484e-02,  3.081425e-02,  3.693695e-02,  8.722253e-03],
 [-1.520330e-03, -8.896051e-04,  7.438732e-05, -6.900636e-05,  8.238312e-04],
 [-4.587697e-04, -1.080231e-03,  6.088500e-04,  8.564353e-04,  6.317780e-04],
 [ 3.435218e-03,  1.024988e-02, -1.056969e-02,  3.221400e-02,  2.397172e-02]]
energy_short: [-0.314885, -0.19089 , -0.199944, -0.089944,  0.096308,  0.069428, -0.071481, -0.064685, -0.086409, -0.263784, -0.172697, -0.184929,  0.003718]
energy_long: [0.123647, 0.165486, 0.165627, 0.142526, 0.158234, 0.020629, 0.124455, 0.038893, 0.151235, 0.139775, 0.165901, 0.166233, 0.125672]