step=3852810, graph_id=0, num_atoms=13
scalar_charges: [-0.925554,  5.132695,  5.163138, -0.931698, -0.958558, -0.93544 , -1.041342, -1.042262, -1.033641, -1.001522,  5.103885,  5.126972, -0.981357]
spherical_charges_l0: [[-2.651707e-02],
 [-1.538318e-03],
 [-1.061530e-03],
 [-7.049848e-02],
 [-2.571125e-01],
 [-1.655256e+00],
 [-1.392850e-02],
 [-1.353008e+00],
 [-2.169796e-01],
 [-3.538618e-02],
 [-5.390251e-04],
 [-8.417458e-04],
 [-2.586283e-02]]
spherical_charges_l1: [[ 0.003475,  0.011985, -0.004064],
 [ 0.009699,  0.00224 ,  0.007681],
 [-0.016123,  0.016161,  0.001114],
 [ 0.112962,  0.015458,  0.025459],
 [ 0.005292,  0.223083,  0.059551],
 [-0.190253, -0.149384, -0.024833],
 [ 0.010499, -0.003992,  0.026995],
 [-0.002078,  0.21654 , -0.029868],
 [ 0.084658, -0.169081,  0.050496],
 [ 0.095005, -0.053226, -0.009678],
 [ 0.015297,  0.000919, -0.000527],
 [-0.010442, -0.010329,  0.001839],
 [ 0.054843, -0.051198,  0.010969]]
spherical_charges_l2: [[ 9.877862e-03, -1.312548e-03, -1.400207e-02, -1.551601e-02,  8.235563e-03],
 [-1.392511e-03, -1.937069e-03, -2.056983e-03, -1.796693e-03, -6.153790e-05],
 [ 4.940556e-04,  1.755701e-03, -9.127667e-04, -1.073161e-03,  1.618739e-03],
 [-1.602509e-02,  3.415435e-02, -6.728402e-02, -1.827418e-02,  1.074006e-02],
 [ 2.220531e-02, -1.043769e-01, -4.569543e-01, -1.876452e-01,  1.764825e-01],
 [-1.303970e-01,  5.725265e-01,  2.175206e+00,  1.372609e+00, -8.440698e-01],
 [ 2.276372e-02,  3.415811e-02, -2.685986e-02, -1.148949e-02, -6.031214e-03],
 [ 3.650436e-01,  5.364622e-01, -8.053203e-01, -6.408902e-01, -1.760230e+00],
 [-1.169645e-01, -1.195232e-01,  1.100173e-01,  1.500019e-01,  3.779284e-01],
 [-4.606417e-03, -1.567861e-02,  9.020130e-03,  2.171428e-02,  9.172950e-03],
 [-4.882162e-04,  4.047558e-04, -8.554498e-05, -2.430203e-04,  4.195724e-04],
 [ 1.208443e-03, -1.106447e-03,  8.782478e-04,  9.477997e-04,  5.352932e-04],
 [ 1.454537e-04,  4.644581e-03, -3.632142e-03,  1.462756e-02,  1.764457e-02]]
energy_short: [-0.4351  , -0.150768, -0.157983, -0.129336,  0.116203,  0.071093, -0.063307, -0.060336, -0.067794, -0.277597, -0.133838, -0.143166, -0.146329]
energy_long: [0.130863, 0.171264, 0.171486, 0.140868, 0.161193, 0.036317, 0.12379 , 0.059781, 0.15717 , 0.144623, 0.172216, 0.172693, 0.132711]