step=3392235, graph_id=0, num_atoms=13
scalar_charges: [-0.921179,  4.771285,  4.796506, -0.936699, -0.947375, -0.933066, -1.009358, -1.008405, -1.002937, -0.985006,  4.74418 ,  4.763873, -0.965905]
spherical_charges_l0: [[-2.238666e-02],
 [-1.177214e-03],
 [-9.422649e-04],
 [-5.674832e-02],
 [-2.430623e-01],
 [-1.586138e+00],
 [-1.239853e-02],
 [-1.283942e+00],
 [-2.023536e-01],
 [-2.842118e-02],
 [-4.069396e-04],
 [-6.662230e-04],
 [-2.328491e-02]]
spherical_charges_l1: [[ 0.00715 ,  0.010016,  0.003597],
 [ 0.007176,  0.001505,  0.00685 ],
 [-0.015001,  0.013322,  0.000854],
 [ 0.105399,  0.022485,  0.028128],
 [ 0.004979,  0.216004,  0.056368],
 [-0.18875 , -0.162262, -0.037924],
 [ 0.009205, -0.004469,  0.025695],
 [-0.005754,  0.22713 , -0.047483],
 [ 0.079738, -0.161481,  0.045647],
 [ 0.088388, -0.048462, -0.004869],
 [ 0.011851,  0.000772, -0.000507],
 [-0.008183, -0.006729,  0.00074 ],
 [ 0.056008, -0.048327,  0.018382]]
spherical_charges_l2: [[ 6.210840e-03, -1.276368e-03, -1.496916e-02, -1.294130e-02,  7.016034e-03],
 [-1.903473e-03, -1.839613e-03, -2.243394e-03, -1.300000e-03, -3.144736e-04],
 [ 2.943803e-04,  2.175180e-03, -5.916276e-04, -9.809579e-04,  1.744046e-03],
 [-1.604505e-02,  3.561300e-02, -6.188305e-02, -1.599985e-02,  1.156385e-02],
 [ 2.308691e-02, -9.113061e-02, -4.311706e-01, -1.826921e-01,  1.781677e-01],
 [-1.178137e-01,  5.589868e-01,  2.122660e+00,  1.347933e+00, -8.470584e-01],
 [ 2.050007e-02,  3.080951e-02, -2.509790e-02, -1.121553e-02, -6.368329e-03],
 [ 3.630664e-01,  5.204104e-01, -7.634797e-01, -6.521862e-01, -1.710683e+00],
 [-1.099437e-01, -1.118531e-01,  1.037452e-01,  1.530508e-01,  3.710004e-01],
 [-6.007260e-03, -1.965423e-02,  1.136266e-02,  1.600647e-02,  7.025608e-03],
 [-6.729950e-04,  4.168689e-04, -1.514108e-04, -2.581635e-04,  5.296969e-04],
 [ 1.319382e-03, -9.719271e-04,  8.407351e-04,  1.104623e-03,  5.614686e-04],
 [-9.847283e-04,  3.247998e-03, -2.795006e-03,  1.332825e-02,  1.761195e-02]]
energy_short: [-0.455145, -0.150806, -0.157538, -0.120495,  0.119308,  0.075805, -0.059427, -0.05845 , -0.065209, -0.270036, -0.13446 , -0.143204, -0.165811]
energy_long: [0.130708, 0.171627, 0.171731, 0.140527, 0.161007, 0.034369, 0.126613, 0.056784, 0.156883, 0.144211, 0.172418, 0.172857, 0.132949]