step=2855565, graph_id=0, num_atoms=13
scalar_charges: [-0.810265,  4.083128,  4.122261, -0.812452, -0.827022, -0.81211 , -0.866629, -0.86624 , -0.865409, -0.851605,  4.064157,  4.089845, -0.843411]
spherical_charges_l0: [[-2.541873e-02],
 [-8.523521e-04],
 [-8.357704e-04],
 [-5.562397e-02],
 [-2.296045e-01],
 [-1.559341e+00],
 [-1.440364e-02],
 [-1.254485e+00],
 [-1.902922e-01],
 [-2.397035e-02],
 [-2.690404e-04],
 [-5.389213e-04],
 [-2.119894e-02]]
spherical_charges_l1: [[ 0.007526, -0.000638, -0.013429],
 [ 0.009425,  0.001888,  0.008074],
 [-0.012207,  0.013604,  0.002005],
 [ 0.122375,  0.03296 ,  0.025523],
 [ 0.012241,  0.200495,  0.04795 ],
 [-0.197484, -0.095979, -0.069468],
 [ 0.006885, -0.004457,  0.025209],
 [ 0.011894,  0.221249, -0.046079],
 [ 0.085835, -0.161183,  0.036917],
 [ 0.101136, -0.062766, -0.006281],
 [ 0.007585, -0.000946,  0.000422],
 [-0.005434, -0.006059,  0.00161 ],
 [ 0.046388, -0.035623,  0.009705]]
spherical_charges_l2: [[ 8.333274e-03, -5.009004e-03, -2.123551e-02, -2.270530e-02,  6.490964e-03],
 [-2.560572e-03, -1.536638e-03, -1.937919e-03, -5.600414e-04, -4.722993e-04],
 [-4.525185e-04,  2.340495e-03, -7.694783e-04, -6.464607e-05,  1.399816e-03],
 [-1.331444e-02,  3.909169e-02, -6.008696e-02, -1.635086e-02,  1.002776e-02],
 [ 2.496042e-02, -8.753690e-02, -4.320888e-01, -1.837511e-01,  1.653952e-01],
 [-5.941845e-02,  5.833104e-01,  2.170921e+00,  1.367068e+00, -8.907635e-01],
 [ 1.593576e-02,  3.448102e-02, -2.580441e-02, -1.216314e-02, -7.791637e-03],
 [ 4.040568e-01,  5.472636e-01, -7.904923e-01, -7.002569e-01, -1.780692e+00],
 [-1.076853e-01, -1.113925e-01,  1.098194e-01,  1.399953e-01,  3.533416e-01],
 [-3.106168e-03, -1.855040e-02,  1.301195e-02,  9.094644e-03,  3.304750e-03],
 [-7.565342e-04, -2.813713e-04,  1.183687e-04, -3.094927e-04,  4.984522e-04],
 [ 7.900771e-04, -1.181247e-03,  8.798800e-04,  7.966164e-04,  4.450259e-04],
 [-4.828514e-03,  1.542342e-03, -3.921929e-03,  1.657186e-02,  1.944814e-02]]
energy_short: [-0.461936, -0.153949, -0.159489, -0.12441 ,  0.118514,  0.072261, -0.058972, -0.063674, -0.067277, -0.268484, -0.139432, -0.146533, -0.172408]
energy_long: [0.128291, 0.172132, 0.172053, 0.141309, 0.159493, 0.0192  , 0.123911, 0.045661, 0.156187, 0.146647, 0.17284 , 0.173098, 0.130889]