step=1309635, graph_id=0, num_atoms=13
scalar_charges: [-0.720019,  4.536705,  4.537257, -0.791197, -0.758794, -0.788972, -0.820309, -0.841251, -0.816101, -0.794947,  4.534249,  4.536047, -0.768766]
spherical_charges_l0: [[-1.845680e-02],
 [-7.487432e-04],
 [-8.769259e-04],
 [-7.584526e-02],
 [-2.538872e-01],
 [-2.057148e+00],
 [-2.069152e-02],
 [-1.449597e+00],
 [-1.722250e-01],
 [-2.753274e-02],
 [-7.049686e-04],
 [-7.671541e-04],
 [-1.983422e-02]]
spherical_charges_l1: [[ 6.292111e-02, -4.973432e-02,  2.141298e-02],
 [ 4.876920e-03,  9.393975e-04,  2.680023e-03],
 [-3.053044e-03,  2.517686e-03, -1.112090e-03],
 [ 3.552117e-01,  7.069962e-02, -1.284361e-02],
 [ 4.578136e-02,  2.567208e-01,  1.433977e-01],
 [-2.897016e-01, -1.942610e-02, -1.643542e-01],
 [ 9.502267e-03, -4.520780e-03,  4.867696e-02],
 [ 1.333817e-02,  3.571255e-01, -9.353574e-02],
 [ 1.909801e-01, -1.900564e-01,  7.612091e-02],
 [ 1.712245e-01, -1.612966e-01, -1.471137e-02],
 [ 3.424465e-03, -3.461610e-04,  2.317331e-04],
 [-1.285640e-03, -3.841312e-03,  2.009473e-03],
 [ 3.352673e-02,  9.257885e-03,  1.633496e-02]]
spherical_charges_l2: [[-2.503366e-02,  3.352248e-02, -1.877474e-02,  1.335142e-02, -6.735874e-03],
 [ 1.647640e-03,  3.258097e-03,  8.178574e-04, -2.500369e-03,  1.147417e-03],
 [-1.661291e-03, -1.170776e-03, -3.444796e-03, -1.851267e-03, -1.005509e-03],
 [-8.126424e-02,  1.307471e-01, -2.106341e-01, -1.228254e-02,  2.328588e-02],
 [ 6.530885e-02, -8.283604e-02, -5.542645e-01, -1.906091e-01,  3.307936e-01],
 [-4.279721e-01,  9.012206e-01,  3.903529e+00,  2.599868e+00, -1.747224e+00],
 [ 1.655290e-02,  3.406790e-02, -3.553996e-02, -2.180278e-02, -2.693502e-02],
 [ 6.347074e-01,  7.983102e-01, -1.318112e+00, -1.266372e+00, -3.011303e+00],
 [-1.356235e-01, -1.787411e-01,  1.539255e-01,  2.412514e-01,  5.472850e-01],
 [-5.061303e-02, -1.010904e-01,  4.231636e-02,  1.944518e-02,  9.417102e-03],
 [ 2.063338e-04, -9.110494e-04,  1.770008e-04,  5.926698e-04, -3.530785e-05],
 [-1.967809e-03,  9.024743e-05, -4.235106e-04, -9.184418e-05,  1.433504e-04],
 [-1.005918e-03, -1.023826e-02,  6.225927e-03,  1.926181e-02,  2.724208e-02]]
energy_short: [-0.383771, -0.084208, -0.096654, -0.136466,  0.073402,  0.046799, -0.116366, -0.089115, -0.109279, -0.330106, -0.06691 , -0.082691, -0.046086]
energy_long: [0.123751, 0.150519, 0.150963, 0.139079, 0.151538, 0.025162, 0.118201, 0.029943, 0.147802, 0.136876, 0.151453, 0.151361, 0.126623]