step=1325655, graph_id=0, num_atoms=13
scalar_charges: [-0.710925,  4.59962 ,  4.60716 , -0.753136, -0.717608, -0.76384 , -0.839276, -0.844155, -0.807356, -0.779339,  4.59699 ,  4.607002, -0.785688]
spherical_charges_l0: [[-1.868239e-02],
 [-9.064752e-04],
 [-1.212824e-03],
 [-5.867542e-02],
 [-2.452481e-01],
 [-2.268463e+00],
 [-1.673119e-02],
 [-1.556134e+00],
 [-1.830555e-01],
 [-1.810488e-02],
 [-5.265197e-04],
 [-7.383487e-04],
 [-2.321340e-02]]
spherical_charges_l1: [[ 4.327628e-02, -2.695008e-02, -3.770165e-03],
 [ 4.300141e-03,  1.351380e-03,  2.396158e-03],
 [-2.904558e-03,  1.432552e-03, -1.368238e-03],
 [ 3.048116e-01,  1.535092e-02, -5.267251e-02],
 [-1.309376e-02,  2.770908e-01,  6.019761e-02],
 [-2.850154e-01, -7.392806e-02, -3.218821e-01],
 [ 5.859355e-03, -6.029048e-03,  3.644852e-02],
 [-2.707901e-02,  4.252968e-01, -2.409073e-01],
 [ 1.586234e-01, -2.391139e-01,  3.906750e-02],
 [ 1.398269e-01, -1.333478e-01, -1.400598e-02],
 [ 1.462222e-03, -7.587505e-05, -1.110583e-04],
 [-1.910382e-03, -1.782448e-03,  8.195682e-04],
 [ 1.599754e-02,  1.628640e-03, -6.474812e-03]]
spherical_charges_l2: [[ 8.304371e-03,  2.613839e-03, -1.511563e-02, -1.170084e-02, -1.796759e-02],
 [ 9.996854e-04,  2.761473e-03, -6.168149e-05, -2.510588e-03,  1.372502e-03],
 [-4.377533e-04, -1.569401e-05, -2.920345e-03, -2.598323e-03,  9.616603e-05],
 [-6.509373e-02,  9.086829e-02, -1.518378e-01, -5.213707e-02,  1.684558e-03],
 [ 7.522056e-02, -6.693544e-02, -5.449031e-01, -2.018262e-01,  2.954789e-01],
 [-2.919323e-01,  1.068634e+00,  4.314047e+00,  2.848078e+00, -1.880233e+00],
 [ 2.184246e-02,  2.693386e-02, -2.842799e-02, -1.807647e-02, -2.025106e-02],
 [ 8.793045e-01,  9.765069e-01, -1.307241e+00, -1.433644e+00, -3.295733e+00],
 [-1.122963e-01, -1.403204e-01,  1.355935e-01,  2.128756e-01,  5.147991e-01],
 [-3.234542e-02, -7.034948e-02,  3.715284e-02,  3.925344e-03,  6.639602e-03],
 [ 2.279416e-05, -2.069937e-04, -8.397807e-05,  1.088273e-03,  4.141292e-04],
 [-1.144678e-03,  3.023111e-04, -6.156499e-04,  8.956929e-04,  7.321008e-04],
 [ 4.259856e-03,  6.059730e-03, -4.472590e-03,  7.729077e-03,  5.179674e-03]]
energy_short: [-0.451684, -0.081512, -0.093721, -0.126798,  0.047021,  0.029648, -0.11443 , -0.104062, -0.130335, -0.330999, -0.064668, -0.080185, -0.099463]
energy_long: [0.141216, 0.169772, 0.169754, 0.157319, 0.172627, 0.021647, 0.133805, 0.031859, 0.166173, 0.154358, 0.17005 , 0.169995, 0.143028]