step=280350, graph_id=0, num_atoms=13
scalar_charges: [-1.424464,  5.444801,  5.441628, -1.437258, -1.453968, -1.442511, -1.452851, -1.453047, -1.457537, -1.430604,  5.442199,  5.436741, -1.47934 ]
spherical_charges_l0: [[ 1.420495e-02],
 [-3.940659e-04],
 [-2.742413e-04],
 [-5.514989e-02],
 [-1.787073e-03],
 [-2.700181e+00],
 [-2.700150e-02],
 [-2.007001e+00],
 [ 8.284381e-02],
 [ 3.633304e-02],
 [-1.340154e-04],
 [-2.694282e-04],
 [ 1.950327e-02]]
spherical_charges_l1: [[ 6.703749e-02,  9.466757e-02,  9.141298e-03],
 [ 1.101948e-06,  3.336789e-04,  8.764158e-05],
 [-9.157226e-05,  2.089562e-04, -8.459860e-05],
 [ 1.117294e-01,  1.548466e-01,  1.548160e-01],
 [ 1.089546e-03,  1.662138e-01, -1.164004e-02],
 [-2.979625e-02, -6.190344e-01, -1.425709e-01],
 [ 2.831229e-03,  1.639808e-03,  2.138787e-02],
 [-1.162525e-01,  7.362934e-01,  1.758278e-03],
 [ 7.883829e-02, -1.710142e-01, -5.638044e-04],
 [ 1.109778e-01, -1.306669e-01,  8.544667e-02],
 [ 6.293898e-05,  4.676443e-05, -4.342268e-05],
 [ 9.649563e-06, -8.511850e-05,  1.045516e-05],
 [ 4.024648e-02, -4.480696e-03, -1.724980e-02]]
spherical_charges_l2: [[ 1.434688e-02,  6.528648e-02,  4.444206e-03, -5.822215e-02, -1.149602e-02],
 [-3.782273e-05, -6.319235e-05,  5.253589e-04,  5.027367e-04, -1.023232e-04],
 [ 3.029428e-05, -4.162511e-04,  1.482838e-04,  3.950578e-04, -2.664623e-04],
 [-2.641148e-02,  1.856425e-01, -2.028152e-02,  5.604815e-02,  6.630532e-02],
 [ 5.679769e-02,  2.042602e-02, -3.409446e-01, -1.607603e-01,  2.061929e-01],
 [-5.894322e-01,  9.843624e-01,  4.529417e+00,  2.960027e+00, -1.930582e+00],
 [ 1.089797e-02,  1.045273e-03,  2.277477e-03, -1.736639e-03, -1.855708e-02],
 [ 9.185494e-01,  1.316002e+00, -1.708561e+00, -1.483221e+00, -3.658101e+00],
 [-1.352010e-01, -1.431966e-01,  6.553764e-02,  1.204505e-01,  2.879759e-01],
 [-1.641458e-02, -7.082132e-02,  5.108111e-02, -2.138397e-02,  9.618829e-03],
 [ 3.396607e-04,  4.401471e-05,  8.328234e-05, -1.992153e-04, -2.862223e-04],
 [-2.770827e-06,  1.566457e-04, -5.015306e-06, -4.144367e-04, -2.866153e-04],
 [-2.012069e-02, -1.570516e-02, -5.496228e-02,  9.896354e-02,  1.421110e-03]]
energy_short: [-0.282175, -0.087503, -0.102677,  0.091089,  0.214827,  0.164912,  0.030259,  0.019885,  0.013368, -0.119643, -0.07414 , -0.088927,  0.097146]
energy_long: [ 0.020502,  0.054916,  0.055029,  0.051941,  0.04547 , -0.001947,  0.010892,  0.019403,  0.035049,  0.050573,  0.055023,  0.054927,  0.021699]