step=2759445, graph_id=0, num_atoms=13
scalar_charges: [-0.866912,  4.167138,  4.211277, -0.865323, -0.874445, -0.863859, -0.929592, -0.92365 , -0.92015 , -0.908484,  4.127389,  4.164534, -0.899892]
spherical_charges_l0: [[-2.557222e-02],
 [-5.095005e-04],
 [-4.033754e-04],
 [-5.390827e-02],
 [-2.229976e-01],
 [-1.543970e+00],
 [-1.305851e-02],
 [-1.227366e+00],
 [-1.882495e-01],
 [-2.846095e-02],
 [-1.324762e-04],
 [-2.877162e-04],
 [-2.361345e-02]]
spherical_charges_l1: [[ 0.016608,  0.010755,  0.001038],
 [ 0.00914 ,  0.002238,  0.007942],
 [-0.012264,  0.013181,  0.001474],
 [ 0.118261,  0.034939,  0.027996],
 [ 0.02644 ,  0.189433,  0.069967],
 [-0.21357 , -0.060979, -0.047349],
 [ 0.007436, -0.00716 ,  0.023945],
 [ 0.007533,  0.23214 , -0.032736],
 [ 0.090236, -0.164573,  0.042798],
 [ 0.101841, -0.052897,  0.00334 ],
 [ 0.008008, -0.001309,  0.00065 ],
 [-0.005475, -0.005479,  0.001343],
 [ 0.051253, -0.03531 ,  0.021147]]
spherical_charges_l2: [[ 1.855492e-03,  4.862336e-04, -1.450772e-02, -1.023098e-02,  6.109816e-03],
 [-2.127561e-03, -9.996484e-04, -1.679324e-03, -7.753311e-04, -3.258827e-04],
 [-1.424111e-04,  1.996632e-03, -5.772904e-04, -4.743457e-04,  1.149113e-03],
 [-1.878464e-02,  4.664371e-02, -7.175602e-02, -1.817467e-02,  1.426661e-02],
 [ 2.339449e-02, -8.899565e-02, -4.386724e-01, -1.772982e-01,  1.764836e-01],
 [-1.029298e-01,  6.282778e-01,  2.202306e+00,  1.407463e+00, -8.836579e-01],
 [ 1.700121e-02,  2.939682e-02, -2.510598e-02, -1.110981e-02, -7.646487e-03],
 [ 3.741714e-01,  5.562844e-01, -8.072719e-01, -6.802498e-01, -1.797962e+00],
 [-1.039765e-01, -1.145212e-01,  1.114510e-01,  1.453927e-01,  3.707300e-01],
 [-7.780437e-03, -3.070595e-02,  1.698290e-02,  1.486769e-02,  7.615631e-03],
 [-6.954367e-04,  2.353224e-05, -8.723741e-05, -2.182343e-04,  4.917880e-04],
 [ 7.976743e-04, -8.687190e-04,  7.319851e-04,  8.633893e-04,  3.775751e-04],
 [-3.677341e-03, -1.673319e-03, -1.238912e-03,  1.304225e-02,  1.574375e-02]]
energy_short: [-0.46795 , -0.167316, -0.17134 , -0.094426,  0.141075,  0.098113, -0.03969 , -0.037821, -0.045105, -0.240227, -0.152427, -0.158729, -0.177819]
energy_long: [0.128766, 0.169059, 0.168957, 0.141267, 0.159342, 0.016543, 0.124117, 0.04094 , 0.155371, 0.145164, 0.169689, 0.169937, 0.130641]