step=1890360, graph_id=0, num_atoms=13
scalar_charges: [-0.659745,  1.268142,  1.270472, -0.663476, -0.66922 , -0.667669, -0.661285, -0.662466, -0.662597, -0.660477,  1.264815,  1.266032, -0.660086]
spherical_charges_l0: [[-5.250246e-01],
 [ 1.340632e-03],
 [ 2.565997e-04],
 [ 2.571666e-03],
 [-2.418303e-02],
 [-2.962151e-02],
 [-1.640489e-02],
 [-2.293936e-02],
 [-2.027258e-02],
 [ 9.017469e-03],
 [-5.702490e-04],
 [ 2.780659e-04],
 [-5.564734e-01]]
spherical_charges_l1: [[-9.112093e-03,  1.467518e+00,  8.895615e-01],
 [-3.077308e-03,  1.056193e-02,  3.422283e-03],
 [ 3.345200e-03,  5.763474e-03,  4.381666e-03],
 [-5.075698e-02,  1.940257e-01,  4.179348e-02],
 [ 1.353633e-02,  6.621894e-03,  5.510418e-03],
 [ 1.593039e-02, -5.157604e-03,  3.075902e-03],
 [ 7.124753e-03, -1.036547e-03,  1.557841e-02],
 [-1.460978e-02,  8.788789e-03,  1.601449e-02],
 [ 1.002236e-02,  2.604822e-03,  2.845746e-02],
 [ 5.917891e-02, -1.455838e-01,  5.848870e-02],
 [-2.250140e-03, -7.374409e-03,  3.538590e-03],
 [ 8.836291e-03, -3.024408e-03,  1.781866e-03],
 [ 8.328913e-01, -1.146211e+00,  8.810236e-01]]
spherical_charges_l2: [[ 1.217102e+00, -9.814484e-01,  1.634212e+00,  6.291152e-01, -1.076753e+00],
 [-3.137802e-02,  1.630058e-02, -2.127521e-02,  1.083179e-02,  1.257552e-02],
 [-2.303603e-02,  2.228017e-02, -1.365609e-02,  1.009503e-02,  1.421891e-02],
 [-1.156240e-02,  7.927185e-02,  3.716666e-02,  1.177742e-02,  3.591247e-02],
 [ 1.471880e-01,  9.731242e-02, -5.358778e-02, -1.082898e-01,  5.415971e-02],
 [ 1.193056e-01,  1.098034e-01, -6.232901e-02, -3.125965e-02,  4.615684e-02],
 [ 6.285195e-02,  2.438721e-02,  6.085029e-03,  2.376651e-02,  6.472478e-02],
 [ 7.920534e-02,  1.081459e-01, -3.917294e-02,  3.445659e-02,  1.264574e-02],
 [ 9.573171e-02,  1.236625e-01, -3.660204e-02,  5.322582e-02,  1.700602e-02],
 [ 6.365002e-03, -4.604648e-02,  3.674709e-02,  2.791399e-02,  2.747600e-03],
 [-2.230937e-02, -2.814480e-02,  1.212222e-02,  1.486966e-03,  1.557660e-02],
 [-1.048740e-02, -3.505739e-02,  1.591409e-02,  7.186536e-03,  1.418773e-02],
 [ 1.095456e+00,  1.324510e+00, -3.230115e-01, -1.310157e+00, -1.444744e+00]]
energy_short: [-0.864752,  0.497405,  0.493822, -0.379752, -0.199185, -0.248668, -0.489639, -0.435737, -0.431394, -0.551575,  0.507864,  0.503506, -0.581442]
energy_long: [0.068568, 0.118253, 0.117803, 0.249504, 0.150208, 0.207336, 0.229201, 0.259489, 0.293392, 0.246106, 0.122321, 0.121243, 0.178837]