step=2971710, graph_id=0, num_atoms=13
scalar_charges: [-0.539947,  0.998431,  0.998773, -0.535121, -0.535738, -0.535608, -0.534975, -0.535111, -0.535134, -0.534992,  1.001154,  1.000134, -0.534826]
spherical_charges_l0: [[-0.349607],
 [ 0.001728],
 [ 0.000795],
 [ 0.001428],
 [-0.016253],
 [-0.020216],
 [-0.011047],
 [-0.01563 ],
 [-0.013736],
 [ 0.005459],
 [ 0.000506],
 [ 0.00095 ],
 [-0.373993]]
spherical_charges_l1: [[-1.084716e-02,  1.038912e+00,  6.261708e-01],
 [ 3.122555e-04,  6.246630e-03,  3.128633e-03],
 [-6.921297e-06,  4.868041e-03,  2.364079e-03],
 [-3.528375e-02,  1.279680e-01,  2.591509e-02],
 [ 1.051627e-02,  4.228085e-03,  5.860202e-03],
 [ 1.135721e-02, -2.671819e-03,  2.741868e-03],
 [ 4.954834e-03, -1.011517e-03,  1.053820e-02],
 [-9.991853e-03,  5.880183e-03,  1.132844e-02],
 [ 6.769036e-03,  2.478968e-03,  1.989350e-02],
 [ 3.899653e-02, -9.785808e-02,  3.819694e-02],
 [ 1.913628e-03, -3.642082e-03,  1.850336e-03],
 [ 3.275853e-03, -4.054477e-03,  2.099792e-03],
 [ 5.860745e-01, -8.087294e-01,  6.195134e-01]]
spherical_charges_l2: [[ 8.511947e-01, -7.049134e-01,  1.189230e+00,  4.862962e-01, -7.874302e-01],
 [-2.309169e-02,  1.297734e-02, -1.714455e-02,  6.911206e-03,  1.030336e-02],
 [-1.733599e-02,  1.736117e-02, -1.113418e-02,  6.137486e-03,  1.188653e-02],
 [-1.246218e-02,  4.981296e-02,  2.573800e-02,  9.311203e-03,  2.538313e-02],
 [ 1.022465e-01,  7.005934e-02, -4.240842e-02, -7.562819e-02,  4.133832e-02],
 [ 8.375725e-02,  7.532120e-02, -4.043646e-02, -2.403464e-02,  3.236625e-02],
 [ 4.267975e-02,  1.533679e-02,  6.541002e-03,  1.798264e-02,  4.640090e-02],
 [ 5.327490e-02,  7.365716e-02, -2.848974e-02,  2.599134e-02,  8.984542e-03],
 [ 6.667320e-02,  8.691882e-02, -2.468888e-02,  3.509033e-02,  1.259341e-02],
 [ 1.026100e-03, -3.121467e-02,  2.697863e-02,  1.884600e-02,  2.833965e-03],
 [-1.611364e-02, -2.091249e-02,  8.892600e-03,  3.170879e-03,  1.315282e-02],
 [-8.551302e-03, -2.586749e-02,  1.159332e-02,  6.711095e-03,  1.218999e-02],
 [ 7.755218e-01,  9.233667e-01, -2.196238e-01, -9.559835e-01, -1.048221e+00]]
energy_short: [-0.923651,  0.583243,  0.579856, -0.495139, -0.254595, -0.312464, -0.57268 , -0.502173, -0.492351, -0.635074,  0.597534,  0.591754, -0.674223]
energy_long: [0.080895, 0.142343, 0.142048, 0.279823, 0.185781, 0.233781, 0.255744, 0.287639, 0.324941, 0.276915, 0.146887, 0.145613, 0.201152]