step=1714140, graph_id=0, num_atoms=13
scalar_charges: [-0.68386 ,  1.381667,  1.383754, -0.695419, -0.701756, -0.700141, -0.690542, -0.692277, -0.6924  , -0.688208,  1.378524,  1.379733, -0.690127]
spherical_charges_l0: [[-6.224024e-01],
 [ 1.411960e-03],
 [-1.129236e-04],
 [ 6.976441e-03],
 [-2.784484e-02],
 [-3.347071e-02],
 [-1.805943e-02],
 [-2.612528e-02],
 [-2.375579e-02],
 [ 1.385728e-02],
 [-6.332633e-04],
 [ 7.554826e-05],
 [-6.546586e-01]]
spherical_charges_l1: [[-1.453302e-02,  1.771026e+00,  1.051367e+00],
 [-1.367442e-03,  1.052559e-02,  4.403674e-03],
 [ 2.539186e-03,  7.109391e-03,  4.666452e-03],
 [-5.322984e-02,  2.023393e-01,  4.426789e-02],
 [ 1.337671e-02,  4.998523e-03,  5.126259e-03],
 [ 1.482671e-02, -3.623608e-03,  1.501180e-03],
 [ 7.920651e-03, -2.007079e-03,  1.598288e-02],
 [-1.457260e-02,  7.749483e-03,  1.611716e-02],
 [ 1.022775e-02,  4.132953e-03,  2.917960e-02],
 [ 6.327835e-02, -1.544621e-01,  6.228353e-02],
 [ 7.033019e-04, -7.372257e-03,  3.638368e-03],
 [ 7.506465e-03, -5.224613e-03,  2.817084e-03],
 [ 9.845334e-01, -1.367802e+00,  1.029557e+00]]
spherical_charges_l2: [[ 1.389935e+00, -1.135372e+00,  1.918986e+00,  7.540125e-01, -1.267539e+00],
 [-3.128495e-02,  1.690897e-02, -2.100136e-02,  1.140787e-02,  1.273279e-02],
 [-2.494661e-02,  2.291784e-02, -1.421554e-02,  1.120894e-02,  1.485938e-02],
 [-1.747749e-02,  8.033224e-02,  4.401456e-02,  1.981532e-02,  4.090798e-02],
 [ 1.592983e-01,  1.050539e-01, -5.236935e-02, -1.120012e-01,  6.184566e-02],
 [ 1.298326e-01,  1.144200e-01, -5.814834e-02, -3.498179e-02,  5.296848e-02],
 [ 6.702757e-02,  2.382004e-02,  8.531774e-03,  2.660668e-02,  6.947987e-02],
 [ 8.217671e-02,  1.130560e-01, -4.376005e-02,  4.141999e-02,  1.635704e-02],
 [ 1.024071e-01,  1.327556e-01, -3.756708e-02,  5.631165e-02,  2.392326e-02],
 [ 4.539014e-03, -5.287534e-02,  4.676631e-02,  2.284944e-02,  1.766813e-03],
 [-2.156535e-02, -3.121036e-02,  1.363253e-02,  2.014852e-03,  1.577075e-02],
 [-1.268020e-02, -3.691894e-02,  1.673778e-02,  6.290372e-03,  1.474240e-02],
 [ 1.244448e+00,  1.493479e+00, -3.660843e-01, -1.505037e+00, -1.674769e+00]]
energy_short: [-0.791568,  0.46876 ,  0.465088, -0.377664, -0.203216, -0.252841, -0.499701, -0.443771, -0.43935 , -0.555641,  0.478007,  0.474026, -0.510558]
energy_long: [0.055286, 0.109904, 0.110206, 0.238854, 0.14017 , 0.195522, 0.215804, 0.249871, 0.283065, 0.236857, 0.115075, 0.114243, 0.162878]