step=2266830, graph_id=0, num_atoms=13
scalar_charges: [-0.595247,  1.132046,  1.133595, -0.588103, -0.59045 , -0.589806, -0.58732 , -0.587758, -0.587798, -0.586966,  1.13078 ,  1.131283, -0.587011]
spherical_charges_l0: [[-4.287063e-01],
 [ 1.327591e-03],
 [ 2.783372e-04],
 [ 2.415177e-03],
 [-2.003825e-02],
 [-2.498453e-02],
 [-1.374037e-02],
 [-1.947009e-02],
 [-1.716448e-02],
 [ 7.671026e-03],
 [-1.119656e-04],
 [ 5.022656e-04],
 [-4.564012e-01]]
spherical_charges_l1: [[-1.498204e-02,  1.234240e+00,  7.498490e-01],
 [-6.153188e-04,  8.036264e-03,  3.549787e-03],
 [ 8.196660e-04,  6.161209e-03,  3.329487e-03],
 [-4.099293e-02,  1.552632e-01,  3.034821e-02],
 [ 1.075777e-02,  4.425966e-03,  4.280098e-03],
 [ 1.222625e-02, -3.005766e-03,  1.983114e-03],
 [ 6.430146e-03, -8.681535e-04,  1.428220e-02],
 [-1.135008e-02,  6.501290e-03,  1.236219e-02],
 [ 7.643308e-03,  2.947909e-03,  2.249796e-02],
 [ 4.801391e-02, -1.195570e-01,  4.538876e-02],
 [ 1.705544e-03, -5.264736e-03,  2.638241e-03],
 [ 4.992235e-03, -4.834266e-03,  2.539931e-03],
 [ 6.969057e-01, -9.613513e-01,  7.410201e-01]]
spherical_charges_l2: [[ 0.981484, -0.810164,  1.374142,  0.573775, -0.901786],
 [-0.027452,  0.015174, -0.020011,  0.008837,  0.011702],
 [-0.020776,  0.020497, -0.01293 ,  0.007654,  0.014034],
 [-0.012315,  0.056498,  0.033332,  0.011979,  0.028958],
 [ 0.120396,  0.081358, -0.046077, -0.089723,  0.048306],
 [ 0.099417,  0.089443, -0.047264, -0.027245,  0.037725],
 [ 0.051881,  0.018061,  0.007139,  0.021246,  0.055113],
 [ 0.063348,  0.087136, -0.034707,  0.030355,  0.011203],
 [ 0.07881 ,  0.103022, -0.028484,  0.043219,  0.015852],
 [ 0.003315, -0.03437 ,  0.032054,  0.021761,  0.003385],
 [-0.018861, -0.025154,  0.010739,  0.003687,  0.015409],
 [-0.010296, -0.030752,  0.013804,  0.007563,  0.014195],
 [ 0.90312 ,  1.067716, -0.249081, -1.115916, -1.218453]]
energy_short: [-0.878327,  0.543038,  0.54016 , -0.449059, -0.237736, -0.289602, -0.539434, -0.479363, -0.473396, -0.610205,  0.556435,  0.551076, -0.608784]
energy_long: [0.073992, 0.127574, 0.127252, 0.26265 , 0.168215, 0.21778 , 0.241402, 0.273907, 0.300211, 0.259658, 0.131895, 0.130877, 0.179374]