step=2511135, graph_id=0, num_atoms=13
scalar_charges: [-0.562688,  1.049001,  1.050163, -0.552757, -0.554605, -0.55404 , -0.552386, -0.552682, -0.552731, -0.551825,  1.04834 ,  1.048599, -0.552129]
spherical_charges_l0: [[-3.825408e-01],
 [ 1.130416e-03],
 [ 2.668031e-04],
 [ 2.044088e-03],
 [-1.820592e-02],
 [-2.284006e-02],
 [-1.251818e-02],
 [-1.780758e-02],
 [-1.561989e-02],
 [ 7.039161e-03],
 [-1.354051e-04],
 [ 3.896833e-04],
 [-4.081209e-01]]
spherical_charges_l1: [[-7.006705e-03,  1.150626e+00,  6.933426e-01],
 [-1.191382e-03,  8.125619e-03,  3.169357e-03],
 [ 1.733056e-03,  5.304405e-03,  3.371343e-03],
 [-3.955935e-02,  1.468341e-01,  2.900585e-02],
 [ 1.052936e-02,  5.207103e-03,  6.232515e-03],
 [ 1.311042e-02, -4.601419e-03,  2.732936e-03],
 [ 5.503408e-03, -5.699638e-04,  1.242432e-02],
 [-1.140723e-02,  7.257190e-03,  1.206243e-02],
 [ 7.819113e-03,  2.077893e-03,  2.193067e-02],
 [ 4.474406e-02, -1.118973e-01,  4.315828e-02],
 [ 2.251445e-04, -5.560390e-03,  2.733305e-03],
 [ 5.966509e-03, -3.659157e-03,  1.996223e-03],
 [ 6.487281e-01, -8.969982e-01,  6.823101e-01]]
spherical_charges_l2: [[ 0.930084, -0.768545,  1.278923,  0.511967, -0.846321],
 [-0.026861,  0.014059, -0.019108,  0.008583,  0.011177],
 [-0.019359,  0.019913, -0.011876,  0.007908,  0.012882],
 [-0.012947,  0.054916,  0.031426,  0.011732,  0.02756 ],
 [ 0.109433,  0.074393, -0.043894, -0.080488,  0.043633],
 [ 0.090485,  0.081129, -0.044724, -0.02682 ,  0.032955],
 [ 0.046058,  0.014888,  0.006588,  0.018905,  0.049294],
 [ 0.056727,  0.079096, -0.031534,  0.02705 ,  0.00804 ],
 [ 0.070865,  0.093248, -0.025646,  0.03731 ,  0.012831],
 [ 0.001742, -0.035572,  0.031808,  0.019532,  0.003326],
 [-0.019505, -0.0231  ,  0.009796,  0.002257,  0.014398],
 [-0.008571, -0.029777,  0.013463,  0.007226,  0.012856],
 [ 0.844052,  1.013257, -0.243837, -1.023749, -1.126647]]
energy_short: [-0.889432,  0.558316,  0.554879, -0.4449  , -0.232866, -0.286133, -0.542369, -0.47685 , -0.469836, -0.597908,  0.569892,  0.564658, -0.627934]
energy_long: [0.07589 , 0.131933, 0.131792, 0.270957, 0.177139, 0.22693 , 0.253255, 0.277227, 0.310573, 0.268364, 0.135977, 0.135137, 0.192327]