step=540675, graph_id=0, num_atoms=13
scalar_charges: [-1.428747,  3.399967,  3.401013, -1.525239, -1.548242, -1.535331, -1.494896, -1.500732, -1.501973, -1.487241,  3.413207,  3.40525 , -1.494788]
spherical_charges_l0: [[-3.093683],
 [-0.008598],
 [-0.014325],
 [ 0.030862],
 [-0.132263],
 [-0.153584],
 [-0.102759],
 [-0.125303],
 [-0.122692],
 [ 0.070523],
 [-0.022432],
 [-0.015914],
 [-3.186555]]
spherical_charges_l1: [[-3.935380e-02,  5.526846e+00,  3.263706e+00],
 [ 6.575375e-03,  1.146733e-02,  8.154730e-03],
 [-9.129542e-03,  1.119800e-02,  6.483804e-04],
 [-1.695995e-01,  7.261186e-01,  1.493329e-01],
 [-4.678338e-02,  7.008010e-03, -9.621122e-02],
 [-2.385635e-02, -4.233045e-02, -5.763027e-02],
 [ 2.573367e-02, -7.397395e-03,  4.747254e-02],
 [-1.977481e-02,  2.899522e-02, -1.308862e-02],
 [ 1.479153e-02, -2.704236e-02,  1.939924e-02],
 [ 2.238099e-01, -5.607995e-01,  2.213147e-01],
 [ 3.798114e-04, -8.504928e-03,  4.184636e-03],
 [ 9.424396e-03, -5.534345e-03,  3.034425e-03],
 [ 3.143249e+00, -4.368020e+00,  3.241508e+00]]
spherical_charges_l2: [[ 3.710234, -3.020546,  5.203598,  2.144734, -3.394517],
 [-0.105056,  0.095746, -0.060885,  0.045754,  0.062296],
 [-0.116151,  0.063287, -0.075155,  0.046349,  0.04566 ],
 [ 0.027198,  0.16429 ,  0.183317,  0.032369,  0.07785 ],
 [ 0.471417,  0.306142, -0.137438, -0.308529,  0.171578],
 [ 0.372326,  0.332989, -0.185107, -0.119106,  0.175004],
 [ 0.233845,  0.124686,  0.017076,  0.082057,  0.234622],
 [ 0.256517,  0.36742 , -0.116162,  0.14257 ,  0.057687],
 [ 0.312502,  0.406687, -0.131608,  0.164292,  0.072811],
 [ 0.056994, -0.048996,  0.074829,  0.059833, -0.038514],
 [-0.05198 , -0.141762,  0.064242,  0.02078 ,  0.055515],
 [-0.086083, -0.128028,  0.056111,  0.008356,  0.063388],
 [ 3.393245,  4.018205, -0.965204, -4.197242, -4.653841]]
energy_short: [-0.698264,  0.348453,  0.345271, -0.268411, -0.188512, -0.228084, -0.44975 , -0.414296, -0.415708, -0.467634,  0.365319,  0.355661, -0.395594]
energy_long: [0.037844, 0.12075 , 0.121219, 0.243455, 0.134508, 0.224138, 0.236383, 0.254245, 0.298279, 0.239178, 0.124277, 0.12323 , 0.154031]