step=1025280, graph_id=0, num_atoms=13
scalar_charges: [-0.939797,  1.96655 ,  1.969217, -1.006052, -1.013978, -1.011535, -0.994062, -0.997228, -0.996919, -0.986211,  1.959934,  1.963477, -0.991095]
spherical_charges_l0: [[-1.488639e+00],
 [ 3.042023e-03],
 [ 3.048133e-05],
 [ 1.569255e-02],
 [-6.931367e-02],
 [-7.595161e-02],
 [-4.337277e-02],
 [-5.936683e-02],
 [-5.657270e-02],
 [ 3.135606e-02],
 [-3.569812e-03],
 [-9.847764e-04],
 [-1.563168e+00]]
spherical_charges_l1: [[ 5.332916e-03,  3.154992e+00,  1.903012e+00],
 [ 3.118851e-04,  1.796929e-02,  8.502938e-03],
 [ 1.417744e-03,  1.383809e-02,  7.299940e-03],
 [-1.038421e-01,  4.217328e-01,  8.149405e-02],
 [ 6.222568e-03,  1.436603e-02, -9.618184e-03],
 [ 1.778435e-02, -2.055076e-02, -9.790292e-03],
 [ 1.473886e-02, -3.176120e-03,  3.008306e-02],
 [-2.593662e-02,  2.167999e-02,  1.726888e-02],
 [ 1.949836e-02, -5.660213e-03,  4.400281e-02],
 [ 1.341248e-01, -3.322784e-01,  1.249754e-01],
 [-6.664314e-04, -1.302770e-02,  6.360761e-03],
 [ 1.352086e-02, -8.023361e-03,  4.390378e-03],
 [ 1.791172e+00, -2.476536e+00,  1.862613e+00]]
spherical_charges_l2: [[ 2.598769, -2.058367,  3.439835,  1.260795, -2.248701],
 [-0.063399,  0.046798, -0.043812,  0.022126,  0.033916],
 [-0.057296,  0.044225, -0.03745 ,  0.021881,  0.031225],
 [-0.023926,  0.141292,  0.080105,  0.02849 ,  0.068559],
 [ 0.284283,  0.196394, -0.110771, -0.20983 ,  0.103375],
 [ 0.233953,  0.212567, -0.123505, -0.068486,  0.094637],
 [ 0.121859,  0.044956,  0.01594 ,  0.048883,  0.128451],
 [ 0.152364,  0.21043 , -0.074216,  0.071658,  0.022659],
 [ 0.189374,  0.242077, -0.072864,  0.097017,  0.032035],
 [ 0.006479, -0.089439,  0.071899,  0.051672,  0.005265],
 [-0.041266, -0.070927,  0.031223,  0.008682,  0.035036],
 [-0.036352, -0.075818,  0.033636,  0.013448,  0.03669 ],
 [ 2.276749,  2.799764, -0.709419, -2.658931, -2.995707]]
energy_short: [-0.756684,  0.379197,  0.374833, -0.282516, -0.166653, -0.208421, -0.438318, -0.395835, -0.397449, -0.479653,  0.390542,  0.384429, -0.459572]
energy_long: [0.035822, 0.107883, 0.109892, 0.228292, 0.125524, 0.178521, 0.215187, 0.230073, 0.279165, 0.224387, 0.114097, 0.113193, 0.155346]