step=3232035, graph_id=0, num_atoms=13
scalar_charges: [-0.531681,  0.960514,  0.960901, -0.526807, -0.527378, -0.527249, -0.526798, -0.526865, -0.526875, -0.526595,  0.961755,  0.961366, -0.526865]
spherical_charges_l0: [[-0.336529],
 [ 0.001571],
 [ 0.000727],
 [ 0.000989],
 [-0.015695],
 [-0.019803],
 [-0.01135 ],
 [-0.015487],
 [-0.013578],
 [ 0.005293],
 [ 0.000371],
 [ 0.000854],
 [-0.362828]]
spherical_charges_l1: [[-1.195656e-02,  1.018423e+00,  6.141599e-01],
 [-1.301819e-04,  6.266499e-03,  2.870148e-03],
 [ 5.734526e-04,  4.277063e-03,  2.343707e-03],
 [-3.455098e-02,  1.279974e-01,  2.602412e-02],
 [ 1.087564e-02,  4.134726e-03,  6.217385e-03],
 [ 1.136550e-02, -2.038412e-03,  3.145832e-03],
 [ 4.955186e-03, -9.333115e-04,  1.068732e-02],
 [-9.605940e-03,  5.333705e-03,  1.120768e-02],
 [ 6.363252e-03,  2.861373e-03,  1.954290e-02],
 [ 3.967398e-02, -9.855177e-02,  3.829223e-02],
 [ 1.601829e-03, -3.595586e-03,  1.816757e-03],
 [ 3.457347e-03, -3.705496e-03,  1.934491e-03],
 [ 5.733388e-01, -7.917556e-01,  6.065138e-01]]
spherical_charges_l2: [[ 0.838353, -0.694572,  1.154054,  0.462988, -0.765916],
 [-0.023093,  0.01185 , -0.017278,  0.006584,  0.009814],
 [-0.016744,  0.017404, -0.010578,  0.006199,  0.011596],
 [-0.012221,  0.046526,  0.027946,  0.01099 ,  0.023976],
 [ 0.099326,  0.067617, -0.040923, -0.072558,  0.039894],
 [ 0.081464,  0.073947, -0.039035, -0.024301,  0.031912],
 [ 0.043923,  0.017872,  0.005826,  0.017918,  0.046973],
 [ 0.05164 ,  0.072812, -0.02816 ,  0.026115,  0.009504],
 [ 0.064604,  0.085321, -0.024218,  0.034204,  0.013218],
 [ 0.001307, -0.029597,  0.027539,  0.016995,  0.002464],
 [-0.016361, -0.020264,  0.008579,  0.002893,  0.013014],
 [-0.007825, -0.025752,  0.01158 ,  0.00679 ,  0.011836],
 [ 0.760522,  0.912201, -0.219126, -0.92869 , -1.019968]]
energy_short: [-0.923669,  0.590799,  0.58677 , -0.519536, -0.267346, -0.325244, -0.589164, -0.515852, -0.505364, -0.652041,  0.605871,  0.599399, -0.682956]
energy_long: [0.086742, 0.144543, 0.144642, 0.283212, 0.188407, 0.238055, 0.260242, 0.292605, 0.330529, 0.279834, 0.149237, 0.148218, 0.200688]