step=3856815, graph_id=0, num_atoms=13
scalar_charges: [-0.53657 ,  0.973483,  0.974618, -0.529604, -0.529069, -0.529291, -0.529873, -0.529721, -0.529694, -0.529668,  0.972983,  0.973211, -0.530419]
spherical_charges_l0: [[-0.331531],
 [ 0.001887],
 [ 0.00072 ],
 [ 0.000536],
 [-0.015351],
 [-0.019226],
 [-0.010918],
 [-0.014977],
 [-0.013083],
 [ 0.004903],
 [ 0.000547],
 [ 0.001024],
 [-0.357674]]
spherical_charges_l1: [[-1.401236e-02,  1.007099e+00,  6.071953e-01],
 [ 3.272151e-05,  6.103382e-03,  2.799052e-03],
 [ 4.574719e-04,  4.185618e-03,  2.211759e-03],
 [-3.391946e-02,  1.244071e-01,  2.535842e-02],
 [ 1.046249e-02,  4.088553e-03,  5.756159e-03],
 [ 1.091221e-02, -2.107922e-03,  2.925995e-03],
 [ 4.626448e-03, -9.248528e-04,  9.964970e-03],
 [-9.454615e-03,  5.409362e-03,  1.071646e-02],
 [ 6.147999e-03,  2.558032e-03,  1.881091e-02],
 [ 3.827656e-02, -9.578200e-02,  3.721629e-02],
 [ 1.834841e-03, -3.491187e-03,  1.773585e-03],
 [ 3.283582e-03, -3.768892e-03,  1.959608e-03],
 [ 5.685571e-01, -7.830139e-01,  6.026437e-01]]
spherical_charges_l2: [[ 0.825691, -0.683029,  1.145678,  0.466777, -0.757472],
 [-0.023944,  0.011383, -0.018372,  0.006208,  0.00996 ],
 [-0.016635,  0.018488, -0.010468,  0.006253,  0.012079],
 [-0.011256,  0.044829,  0.027923,  0.011093,  0.021801],
 [ 0.0975  ,  0.067191, -0.039806, -0.070245,  0.039664],
 [ 0.080215,  0.071452, -0.036919, -0.024802,  0.03097 ],
 [ 0.042319,  0.016837,  0.006122,  0.017816,  0.046131],
 [ 0.050525,  0.071096, -0.028286,  0.026038,  0.009856],
 [ 0.063278,  0.083838, -0.023402,  0.033751,  0.013734],
 [ 0.002149, -0.027697,  0.026121,  0.015871,  0.001429],
 [-0.017304, -0.020351,  0.008555,  0.002936,  0.013599],
 [-0.007415, -0.026638,  0.011991,  0.007486,  0.012265],
 [ 0.751402,  0.897116, -0.213037, -0.923561, -1.01042 ]]
energy_short: [-0.946261,  0.610269,  0.605997, -0.52177 , -0.268196, -0.327142, -0.593028, -0.5178  , -0.506763, -0.649916,  0.627424,  0.619605, -0.712967]
energy_long: [0.08515 , 0.145904, 0.146373, 0.285326, 0.189347, 0.240545, 0.258593, 0.2944  , 0.334256, 0.281241, 0.151426, 0.150243, 0.200846]