step=1401750, graph_id=0, num_atoms=13
scalar_charges: [-0.792297,  1.564446,  1.56927 , -0.800075, -0.806607, -0.804402, -0.796397, -0.797412, -0.79743 , -0.794631,  1.558373,  1.561153, -0.797135]
spherical_charges_l0: [[-8.495666e-01],
 [ 3.166267e-03],
 [ 5.416925e-04],
 [ 3.884271e-03],
 [-4.619445e-02],
 [-5.308177e-02],
 [-2.913527e-02],
 [-4.132308e-02],
 [-3.855801e-02],
 [ 1.374759e-02],
 [-3.401358e-04],
 [ 7.479042e-04],
 [-8.898926e-01]]
spherical_charges_l1: [[-1.496433e-02,  2.145884e+00,  1.294360e+00],
 [-6.821572e-04,  1.339437e-02,  5.956951e-03],
 [ 1.832886e-03,  9.587714e-03,  5.438694e-03],
 [-7.662564e-02,  2.931419e-01,  5.903899e-02],
 [ 1.105103e-02,  9.426424e-03,  1.455083e-03],
 [ 1.812200e-02, -1.035040e-02, -6.010321e-04],
 [ 9.664338e-03, -2.285291e-03,  1.980891e-02],
 [-1.929881e-02,  1.328956e-02,  1.716414e-02],
 [ 1.358253e-02,  1.382260e-03,  3.490971e-02],
 [ 8.939213e-02, -2.247888e-01,  8.609786e-02],
 [ 9.743785e-04, -9.678640e-03,  4.776512e-03],
 [ 9.402665e-03, -6.925820e-03,  3.714457e-03],
 [ 1.204466e+00, -1.662286e+00,  1.263546e+00]]
spherical_charges_l2: [[ 1.670012e+00, -1.405835e+00,  2.348572e+00,  9.724169e-01, -1.557668e+00],
 [-3.974698e-02,  2.676762e-02, -2.852448e-02,  1.271227e-02,  2.033287e-02],
 [-3.333393e-02,  2.991501e-02, -2.288441e-02,  1.165477e-02,  2.149190e-02],
 [-1.544791e-02,  1.002662e-01,  6.333986e-02,  1.756856e-02,  5.278317e-02],
 [ 2.180697e-01,  1.469002e-01, -8.614484e-02, -1.546263e-01,  7.941967e-02],
 [ 1.759036e-01,  1.588238e-01, -8.884419e-02, -5.131867e-02,  7.314973e-02],
 [ 9.236511e-02,  3.664015e-02,  1.121304e-02,  3.643348e-02,  9.689584e-02],
 [ 1.157433e-01,  1.609805e-01, -5.564803e-02,  5.646930e-02,  2.161999e-02],
 [ 1.432463e-01,  1.843007e-01, -5.655919e-02,  7.597043e-02,  2.823666e-02],
 [ 8.786606e-03, -5.966098e-02,  5.633171e-02,  3.344811e-02,  4.323735e-04],
 [-2.613115e-02, -4.385753e-02,  1.913595e-02,  7.269531e-03,  2.371839e-02],
 [-2.130708e-02, -4.753337e-02,  2.106097e-02,  1.028470e-02,  2.380365e-02],
 [ 1.509760e+00,  1.806263e+00, -4.294221e-01, -1.868231e+00, -2.048458e+00]]
energy_short: [-0.738212,  0.411502,  0.40717 , -0.345096, -0.202413, -0.248463, -0.486442, -0.437546, -0.435732, -0.531887,  0.422613,  0.41719 , -0.452265]
energy_long: [0.046267, 0.110967, 0.112826, 0.242147, 0.145247, 0.204621, 0.23342 , 0.249692, 0.281524, 0.237486, 0.117844, 0.117   , 0.160525]