step=1674090, graph_id=0, num_atoms=13
scalar_charges: [-0.698427,  1.301889,  1.3049  , -0.708278, -0.716041, -0.713898, -0.703653, -0.705735, -0.705894, -0.702011,  1.295574,  1.298164, -0.701735]
spherical_charges_l0: [[-6.491653e-01],
 [ 2.353163e-03],
 [ 7.896828e-04],
 [ 5.894573e-03],
 [-2.936531e-02],
 [-3.571232e-02],
 [-1.971297e-02],
 [-2.772470e-02],
 [-2.512781e-02],
 [ 1.390603e-02],
 [-1.034340e-04],
 [ 9.171186e-04],
 [-6.864989e-01]]
spherical_charges_l1: [[-9.963639e-03,  1.742822e+00,  1.057773e+00],
 [-1.538012e-03,  1.175967e-02,  4.707018e-03],
 [ 1.999275e-03,  8.478529e-03,  4.948328e-03],
 [-5.583263e-02,  2.168170e-01,  4.345273e-02],
 [ 1.397624e-02,  3.752169e-03,  5.248958e-03],
 [ 1.388590e-02, -2.224487e-03,  1.041246e-03],
 [ 8.474371e-03, -1.881429e-03,  1.735471e-02],
 [-1.398779e-02,  7.384300e-03,  1.480520e-02],
 [ 9.657453e-03,  4.090474e-03,  2.757019e-02],
 [ 6.591097e-02, -1.648353e-01,  6.263486e-02],
 [ 5.440259e-04, -7.837384e-03,  3.859575e-03],
 [ 8.103101e-03, -5.655168e-03,  3.046982e-03],
 [ 9.767591e-01, -1.348587e+00,  1.030704e+00]]
spherical_charges_l2: [[ 1.378875, -1.145348,  1.881874,  0.739707, -1.245868],
 [-0.03486 ,  0.020133, -0.024284,  0.011638,  0.015366],
 [-0.02715 ,  0.025165, -0.01685 ,  0.011031,  0.016795],
 [-0.010887,  0.080318,  0.044949,  0.014902,  0.041583],
 [ 0.163533,  0.108047, -0.057525, -0.118493,  0.062345],
 [ 0.132968,  0.12202 , -0.060132, -0.034144,  0.055688],
 [ 0.069222,  0.025994,  0.00951 ,  0.02792 ,  0.073716],
 [ 0.085465,  0.119205, -0.045078,  0.042104,  0.019155],
 [ 0.105526,  0.139086, -0.040691,  0.059977,  0.024496],
 [ 0.007633, -0.04687 ,  0.043235,  0.027534,  0.002996],
 [-0.023182, -0.034745,  0.015116,  0.003911,  0.018571],
 [-0.014873, -0.039852,  0.017905,  0.00798 ,  0.017658],
 [ 1.22856 ,  1.474837, -0.354648, -1.493631, -1.644901]]
energy_short: [-0.821925,  0.476624,  0.472966, -0.355716, -0.189033, -0.236678, -0.479664, -0.425373, -0.421794, -0.532895,  0.486522,  0.482041, -0.540577]
energy_long: [0.056513, 0.109166, 0.109887, 0.237915, 0.14759 , 0.191106, 0.21928 , 0.24632 , 0.278847, 0.234062, 0.114524, 0.11371 , 0.1712  ]