step=909135, graph_id=0, num_atoms=13
scalar_charges: [-0.954332,  2.129151,  2.129204, -1.056981, -1.067819, -1.064544, -1.036234, -1.042932, -1.042892, -1.026479,  2.121457,  2.125495, -1.034445]
spherical_charges_l0: [[-1.601678e+00],
 [ 6.944484e-04],
 [-1.801684e-03],
 [ 1.796637e-02],
 [-8.136944e-02],
 [-9.537961e-02],
 [-5.469774e-02],
 [-7.434468e-02],
 [-6.947232e-02],
 [ 3.750324e-02],
 [-4.411886e-03],
 [-1.935706e-03],
 [-1.682823e+00]]
spherical_charges_l1: [[-1.986255e-02,  3.523135e+00,  2.128026e+00],
 [-5.096042e-03,  2.275030e-02,  7.750202e-03],
 [ 8.402772e-03,  1.145922e-02,  9.194016e-03],
 [-1.300998e-01,  4.923024e-01,  9.420580e-02],
 [ 3.806040e-03,  1.336712e-02, -1.308642e-02],
 [ 1.746101e-02, -2.085134e-02, -1.390570e-02],
 [ 1.500121e-02, -4.147196e-03,  3.166179e-02],
 [-2.728875e-02,  1.985998e-02,  1.889569e-02],
 [ 1.995033e-02, -9.151883e-04,  4.629996e-02],
 [ 1.484666e-01, -3.774506e-01,  1.495111e-01],
 [-1.742517e-03, -1.524835e-02,  7.411638e-03],
 [ 1.738811e-02, -7.329978e-03,  4.178808e-03],
 [ 1.976422e+00, -2.748069e+00,  2.081418e+00]]
spherical_charges_l2: [[ 2.567955e+00, -2.048733e+00,  3.602919e+00,  1.512056e+00, -2.321295e+00],
 [-6.206907e-02,  4.537738e-02, -4.067636e-02,  2.356905e-02,  3.163608e-02],
 [-5.564203e-02,  4.168564e-02, -3.571904e-02,  2.200725e-02,  2.953592e-02],
 [ 1.418124e-02,  1.669142e-01,  1.081509e-01,  2.274960e-02,  7.667774e-02],
 [ 3.512523e-01,  2.326543e-01, -1.130588e-01, -2.466296e-01,  1.259493e-01],
 [ 2.821402e-01,  2.589117e-01, -1.456701e-01, -7.745066e-02,  1.144382e-01],
 [ 1.460105e-01,  5.932099e-02,  1.637699e-02,  5.753775e-02,  1.551068e-01],
 [ 1.891584e-01,  2.590569e-01, -9.210333e-02,  8.282062e-02,  3.390691e-02],
 [ 2.268904e-01,  2.941987e-01, -8.836331e-02,  1.289031e-01,  4.492216e-02],
 [ 3.797030e-02, -6.819092e-02,  6.530096e-02,  6.904087e-02,  1.095128e-04],
 [-3.473374e-02, -6.792974e-02,  3.017679e-02,  9.125615e-03,  3.152438e-02],
 [-3.602031e-02, -7.023536e-02,  3.109990e-02,  1.104073e-02,  3.407919e-02],
 [ 2.323126e+00,  2.721066e+00, -6.182471e-01, -2.907852e+00, -3.145689e+00]]
energy_short: [-0.737365,  0.375753,  0.37026 , -0.277251, -0.158923, -0.204436, -0.43737 , -0.39295 , -0.392482, -0.478737,  0.391462,  0.383263, -0.435829]
energy_long: [0.054587, 0.106666, 0.109002, 0.237616, 0.147986, 0.197684, 0.23906 , 0.243978, 0.283789, 0.23618 , 0.113211, 0.112357, 0.162287]