step=3804750, graph_id=0, num_atoms=13
scalar_charges: [-0.538935,  0.974272,  0.975349, -0.530369, -0.529794, -0.530021, -0.530509, -0.530372, -0.530349, -0.530517,  0.973705,  0.973899, -0.531057]
spherical_charges_l0: [[-0.329266],
 [ 0.001711],
 [ 0.00065 ],
 [ 0.000722],
 [-0.01533 ],
 [-0.019225],
 [-0.011002],
 [-0.014989],
 [-0.0131  ],
 [ 0.005129],
 [ 0.000457],
 [ 0.000922],
 [-0.355537]]
spherical_charges_l1: [[-1.363787e-02,  1.004154e+00,  6.059726e-01],
 [-1.810992e-04,  6.193252e-03,  2.731547e-03],
 [ 6.592110e-04,  4.140730e-03,  2.275068e-03],
 [-3.387455e-02,  1.243381e-01,  2.556047e-02],
 [ 1.060843e-02,  4.143878e-03,  6.003605e-03],
 [ 1.110066e-02, -2.113327e-03,  3.171487e-03],
 [ 4.624417e-03, -9.645441e-04,  9.958805e-03],
 [-9.498937e-03,  5.451424e-03,  1.090004e-02],
 [ 6.189687e-03,  2.612150e-03,  1.902016e-02],
 [ 3.828859e-02, -9.567974e-02,  3.735936e-02],
 [ 1.765389e-03, -3.615017e-03,  1.831801e-03],
 [ 3.437043e-03, -3.714716e-03,  1.938071e-03],
 [ 5.669845e-01, -7.810472e-01,  6.008902e-01]]
spherical_charges_l2: [[ 0.818619, -0.678807,  1.137621,  0.465083, -0.752807],
 [-0.023368,  0.011261, -0.017826,  0.006191,  0.009757],
 [-0.01642 ,  0.017986, -0.010326,  0.006187,  0.011806],
 [-0.011221,  0.044745,  0.02797 ,  0.010868,  0.021878],
 [ 0.09723 ,  0.066861, -0.039456, -0.070178,  0.039601],
 [ 0.079915,  0.071243, -0.036806, -0.02452 ,  0.030818],
 [ 0.042296,  0.016761,  0.006067,  0.017783,  0.046023],
 [ 0.050471,  0.070947, -0.028259,  0.025924,  0.009881],
 [ 0.063131,  0.083622, -0.023322,  0.033832,  0.013765],
 [ 0.002063, -0.027722,  0.026182,  0.016059,  0.001487],
 [-0.016892, -0.020053,  0.008437,  0.002936,  0.013348],
 [-0.007399, -0.026094,  0.011742,  0.007268,  0.012034],
 [ 0.745782,  0.890387, -0.210965, -0.918898, -1.003938]]
energy_short: [-0.946084,  0.610224,  0.606007, -0.52492 , -0.272458, -0.331042, -0.596131, -0.521646, -0.510822, -0.65382 ,  0.627592,  0.619783, -0.713003]
energy_long: [0.085849, 0.146241, 0.146671, 0.28517 , 0.190194, 0.241036, 0.257592, 0.295871, 0.332217, 0.281237, 0.15181 , 0.150576, 0.201769]