step=96120, graph_id=0, num_atoms=13
scalar_charges: [-2.599828,  8.964646,  8.968533, -2.64413 , -2.715825, -2.697711, -2.683937, -2.700837, -2.709304, -2.65606 ,  8.965526,  8.965075, -2.620596]
spherical_charges_l0: [[-3.209337],
 [-0.032541],
 [-0.028195],
 [-0.165348],
 [-0.032985],
 [-0.090801],
 [-0.109808],
 [-0.100766],
 [-0.08857 ],
 [-0.192892],
 [-0.016264],
 [-0.024267],
 [-3.086011]]
spherical_charges_l1: [[ 2.345141e-01,  4.416218e+00,  2.242285e+00],
 [-3.351863e-02, -1.851227e-02, -2.568173e-02],
 [ 1.236534e-02, -2.214469e-02, -5.442231e-03],
 [-2.406066e-01,  1.042175e+00,  4.698913e-01],
 [-9.933350e-02,  3.703855e-02, -1.890168e-01],
 [-1.047329e-01, -7.225037e-02, -1.234421e-01],
 [ 2.954698e-02,  1.198707e-02,  7.106029e-02],
 [ 2.058250e-02,  2.366455e-02, -1.024770e-01],
 [-1.814989e-02, -6.744117e-02, -7.915711e-02],
 [ 4.029029e-01, -7.993062e-01,  5.199267e-01],
 [-5.454139e-02, -2.765796e-03, -4.953689e-04],
 [ 1.983065e-02,  3.577272e-02, -1.688056e-02],
 [ 2.492459e+00, -3.489177e+00,  2.243794e+00]]
spherical_charges_l2: [[ 2.664374e+00, -2.358710e+00,  3.919680e+00,  1.417138e+00, -2.707111e+00],
 [-1.379614e-02,  5.692605e-02,  1.162002e-02,  2.393175e-02,  2.624085e-02],
 [-5.155285e-02,  2.316119e-03, -2.802264e-02,  2.820912e-02, -1.436127e-04],
 [ 3.134315e-01,  2.277376e-01,  4.163241e-01, -6.251300e-02, -7.948849e-03],
 [ 3.281403e-01,  1.423088e-01,  9.663400e-02, -1.580206e-01,  1.599658e-01],
 [ 2.352843e-01,  2.505043e-01, -6.023820e-03,  2.181904e-02,  1.978113e-01],
 [ 1.475901e-01,  2.085186e-01, -5.394704e-03,  4.328142e-02,  1.809278e-01],
 [ 2.105719e-01,  2.700348e-01, -5.111752e-02,  8.295371e-02,  1.791946e-01],
 [ 1.843728e-01,  2.473377e-01, -1.033452e-01,  2.119890e-01,  1.288698e-01],
 [ 2.678762e-01,  1.712881e-01, -8.772117e-02,  1.021019e-01, -1.987533e-01],
 [-7.446646e-03, -5.195360e-02,  2.487728e-02, -4.418324e-05,  6.812499e-03],
 [-4.729924e-02, -3.785882e-02,  1.649365e-02, -1.783685e-02,  1.323557e-02],
 [ 2.277090e+00,  2.774897e+00, -7.362825e-01, -3.002690e+00, -3.474374e+00]]
energy_short: [-0.648666,  0.193793,  0.184684, -0.1105  ,  0.030446, -0.010337, -0.252258, -0.196217, -0.20189 , -0.283421,  0.220722,  0.203733, -0.386134]
energy_long: [0.037541, 0.09185 , 0.09347 , 0.126203, 0.03025 , 0.156057, 0.155717, 0.170023, 0.177457, 0.119935, 0.095041, 0.094497, 0.114237]