step=1581975, graph_id=0, num_atoms=13
scalar_charges: [-0.732418,  1.423107,  1.426074, -0.745918, -0.753656, -0.751497, -0.74025 , -0.742554, -0.742715, -0.73782 ,  1.418265,  1.420312, -0.737519]
spherical_charges_l0: [[-7.452796e-01],
 [ 2.203379e-03],
 [ 1.136115e-04],
 [ 9.582945e-03],
 [-3.518865e-02],
 [-4.121160e-02],
 [-2.324232e-02],
 [-3.171128e-02],
 [-2.859447e-02],
 [ 1.769883e-02],
 [-1.305356e-03],
 [ 2.449939e-05],
 [-7.898644e-01]]
spherical_charges_l1: [[-9.980001e-03,  1.924670e+00,  1.164324e+00],
 [-1.350403e-03,  1.238833e-02,  5.245756e-03],
 [ 1.354564e-03,  8.912165e-03,  5.097819e-03],
 [-6.329040e-02,  2.402481e-01,  5.108874e-02],
 [ 1.050156e-02,  7.134421e-03, -1.503989e-03],
 [ 1.327656e-02, -7.672818e-03, -3.536066e-03],
 [ 8.882474e-03, -2.017815e-03,  1.792160e-02],
 [-1.693536e-02,  1.027956e-02,  1.513917e-02],
 [ 1.141812e-02,  1.949397e-03,  2.965390e-02],
 [ 7.447939e-02, -1.853227e-01,  7.413916e-02],
 [-6.461131e-04, -8.226559e-03,  4.012912e-03],
 [ 9.043991e-03, -5.314518e-03,  2.914507e-03],
 [ 1.092601e+00, -1.518617e+00,  1.139607e+00]]
spherical_charges_l2: [[ 1.562345e+00, -1.261064e+00,  2.105053e+00,  8.065283e-01, -1.376513e+00],
 [-4.041037e-02,  2.417503e-02, -2.847900e-02,  1.346718e-02,  1.832723e-02],
 [-3.301791e-02,  2.929415e-02, -2.023477e-02,  1.334629e-02,  1.966018e-02],
 [-2.088163e-02,  8.650314e-02,  5.404422e-02,  2.564444e-02,  3.979197e-02],
 [ 1.773605e-01,  1.190703e-01, -6.641965e-02, -1.317163e-01,  7.022109e-02],
 [ 1.454629e-01,  1.336778e-01, -7.144490e-02, -3.602501e-02,  5.690623e-02],
 [ 7.403643e-02,  3.017532e-02,  1.064007e-02,  3.098239e-02,  8.153285e-02],
 [ 9.552409e-02,  1.292708e-01, -4.831710e-02,  4.162526e-02,  1.916645e-02],
 [ 1.160337e-01,  1.502571e-01, -4.334554e-02,  6.572854e-02,  2.191665e-02],
 [ 5.357617e-03, -5.801583e-02,  5.246494e-02,  2.343573e-02,  1.059379e-03],
 [-2.735679e-02, -4.041512e-02,  1.759106e-02,  4.036730e-03,  2.136984e-02],
 [-1.790354e-02, -4.634351e-02,  2.079358e-02,  9.105647e-03,  2.072792e-02],
 [ 1.396443e+00,  1.690111e+00, -4.184479e-01, -1.657294e+00, -1.852567e+00]]
energy_short: [-0.80443 ,  0.447491,  0.443792, -0.313872, -0.157241, -0.203447, -0.445345, -0.392049, -0.388479, -0.494428,  0.456205,  0.452065, -0.51373 ]
energy_long: [0.036849, 0.110307, 0.110947, 0.243326, 0.141515, 0.191037, 0.223561, 0.245621, 0.298694, 0.238138, 0.115199, 0.114532, 0.160462]