step=2186730, graph_id=0, num_atoms=13
scalar_charges: [-0.608018,  1.137848,  1.139921, -0.606835, -0.60803 , -0.607754, -0.606435, -0.606633, -0.606641, -0.605913,  1.135602,  1.136526, -0.606278]
spherical_charges_l0: [[-4.406844e-01],
 [ 1.311004e-03],
 [ 3.754716e-04],
 [ 1.206669e-03],
 [-2.060449e-02],
 [-2.557177e-02],
 [-1.399299e-02],
 [-1.994960e-02],
 [-1.777443e-02],
 [ 7.009541e-03],
 [-3.677036e-04],
 [ 3.172976e-04],
 [-4.635148e-01]]
spherical_charges_l1: [[-1.348746e-02,  1.253554e+00,  7.559746e-01],
 [-7.683698e-04,  7.254930e-03,  3.047597e-03],
 [ 1.188027e-03,  5.083332e-03,  3.049244e-03],
 [-4.322314e-02,  1.588214e-01,  3.048497e-02],
 [ 1.090428e-02,  4.233956e-03,  4.894332e-03],
 [ 1.232087e-02, -1.854006e-03,  1.804802e-03],
 [ 6.305966e-03, -1.431379e-03,  1.285560e-02],
 [-1.152063e-02,  5.854323e-03,  1.327659e-02],
 [ 7.727197e-03,  3.808810e-03,  2.294532e-02],
 [ 4.971660e-02, -1.247389e-01,  4.800876e-02],
 [ 1.183240e-04, -4.470256e-03,  2.195325e-03],
 [ 5.045483e-03, -3.292165e-03,  1.785527e-03],
 [ 7.024831e-01, -9.707450e-01,  7.450598e-01]]
spherical_charges_l2: [[ 1.022982e+00, -8.531693e-01,  1.428647e+00,  5.821081e-01, -9.523346e-01],
 [-2.562898e-02,  1.469272e-02, -1.805382e-02,  8.564795e-03,  1.120883e-02],
 [-1.971751e-02,  1.907161e-02, -1.223630e-02,  7.674171e-03,  1.277671e-02],
 [-1.490316e-02,  5.877540e-02,  3.366366e-02,  1.203176e-02,  3.014538e-02],
 [ 1.268205e-01,  8.551585e-02, -4.885755e-02, -9.278340e-02,  5.106438e-02],
 [ 1.054163e-01,  9.460760e-02, -5.087595e-02, -3.000545e-02,  4.158332e-02],
 [ 5.496523e-02,  2.036356e-02,  6.940954e-03,  2.172785e-02,  5.749721e-02],
 [ 6.721523e-02,  9.316762e-02, -3.518048e-02,  3.327958e-02,  1.193982e-02],
 [ 8.374372e-02,  1.090598e-01, -3.111424e-02,  4.440466e-02,  1.671132e-02],
 [-3.699050e-05, -4.068807e-02,  3.479436e-02,  2.138879e-02,  3.232773e-03],
 [-1.852054e-02, -2.366604e-02,  1.014532e-02,  2.145224e-03,  1.375988e-02],
 [-9.472168e-03, -2.957525e-02,  1.335340e-02,  6.522961e-03,  1.273721e-02],
 [ 9.263627e-01,  1.106656e+00, -2.633682e-01, -1.143382e+00, -1.252943e+00]]
energy_short: [-0.838032,  0.525593,  0.522548, -0.426232, -0.21946 , -0.272503, -0.52015 , -0.461824, -0.456218, -0.58874 ,  0.537736,  0.532633, -0.569187]
energy_long: [0.065923, 0.124608, 0.124283, 0.258624, 0.164906, 0.208864, 0.241025, 0.264805, 0.302271, 0.254813, 0.128609, 0.127665, 0.184299]