step=2487105, graph_id=0, num_atoms=13
scalar_charges: [-0.567805,  1.027137,  1.028875, -0.557781, -0.559889, -0.559283, -0.557304, -0.557659, -0.557712, -0.55702 ,  1.025168,  1.026053, -0.557095]
spherical_charges_l0: [[-3.917766e-01],
 [ 1.957422e-03],
 [ 8.731710e-04],
 [ 2.799878e-03],
 [-1.854508e-02],
 [-2.255944e-02],
 [-1.267299e-02],
 [-1.744637e-02],
 [-1.543458e-02],
 [ 7.564174e-03],
 [ 3.064785e-04],
 [ 9.235578e-04],
 [-4.177785e-01]]
spherical_charges_l1: [[-1.232642e-02,  1.159087e+00,  7.029549e-01],
 [-1.185478e-03,  7.664888e-03,  3.037132e-03],
 [ 1.675423e-03,  4.869946e-03,  3.186073e-03],
 [-3.983030e-02,  1.481849e-01,  2.839692e-02],
 [ 1.080353e-02,  4.497186e-03,  5.505098e-03],
 [ 1.204189e-02, -2.622220e-03,  2.286736e-03],
 [ 5.906755e-03, -1.101602e-03,  1.246731e-02],
 [-1.109779e-02,  5.960958e-03,  1.239425e-02],
 [ 7.464264e-03,  2.908829e-03,  2.178368e-02],
 [ 4.531951e-02, -1.137750e-01,  4.266073e-02],
 [ 8.548188e-05, -4.997324e-03,  2.453094e-03],
 [ 5.487457e-03, -3.418914e-03,  1.862911e-03],
 [ 6.560763e-01, -9.054118e-01,  6.931917e-01]]
spherical_charges_l2: [[ 9.250760e-01, -7.718659e-01,  1.297537e+00,  5.423019e-01, -8.585196e-01],
 [-2.522764e-02,  1.294858e-02, -1.858412e-02,  7.563178e-03,  1.056763e-02],
 [-1.842475e-02,  1.917457e-02, -1.134600e-02,  7.155337e-03,  1.260219e-02],
 [-1.737786e-02,  5.410982e-02,  2.922478e-02,  1.252980e-02,  2.792793e-02],
 [ 1.118789e-01,  7.546926e-02, -4.550013e-02, -8.291762e-02,  4.517893e-02],
 [ 9.211872e-02,  8.465719e-02, -4.375081e-02, -2.627189e-02,  3.575530e-02],
 [ 4.861159e-02,  1.834468e-02,  6.848812e-03,  1.981618e-02,  5.218945e-02],
 [ 5.860987e-02,  8.272650e-02, -3.209920e-02,  2.829405e-02,  1.109804e-02],
 [ 7.289876e-02,  9.703901e-02, -2.749134e-02,  3.993635e-02,  1.451851e-02],
 [-5.109294e-04, -3.776348e-02,  3.297376e-02,  1.815507e-02,  2.703801e-03],
 [-1.771865e-02, -2.179135e-02,  9.246877e-03,  2.687912e-03,  1.368923e-02],
 [-8.376138e-03, -2.778348e-02,  1.251190e-02,  7.112690e-03,  1.254263e-02],
 [ 8.462869e-01,  1.005297e+00, -2.363065e-01, -1.049861e+00, -1.145148e+00]]
energy_short: [-0.888364,  0.562585,  0.55941 , -0.460369, -0.241415, -0.296362, -0.549253, -0.485618, -0.477724, -0.612304,  0.574247,  0.569016, -0.627746]
energy_long: [0.070199, 0.131951, 0.13166 , 0.265639, 0.168139, 0.222682, 0.240702, 0.272649, 0.305968, 0.26419 , 0.136001, 0.134938, 0.186497]