step=3928905, graph_id=0, num_atoms=13
scalar_charges: [-0.539723,  0.975103,  0.97634 , -0.530848, -0.530167, -0.530429, -0.531186, -0.530988, -0.530956, -0.530988,  0.974083,  0.974388, -0.531906]
spherical_charges_l0: [[-0.330408],
 [ 0.001822],
 [ 0.000661],
 [ 0.000443],
 [-0.015323],
 [-0.019258],
 [-0.011017],
 [-0.015022],
 [-0.013102],
 [ 0.00491 ],
 [ 0.00045 ],
 [ 0.000942],
 [-0.356496]]
spherical_charges_l1: [[-1.411779e-02,  1.006419e+00,  6.076216e-01],
 [-1.393965e-04,  6.157398e-03,  2.739000e-03],
 [ 6.238679e-04,  4.102811e-03,  2.245190e-03],
 [-3.392428e-02,  1.245381e-01,  2.536892e-02],
 [ 1.041791e-02,  4.215856e-03,  5.730389e-03],
 [ 1.093485e-02, -2.278343e-03,  2.874844e-03],
 [ 4.652848e-03, -9.334387e-04,  1.000678e-02],
 [-9.486404e-03,  5.534831e-03,  1.065675e-02],
 [ 6.164862e-03,  2.451099e-03,  1.879991e-02],
 [ 3.818638e-02, -9.569591e-02,  3.714190e-02],
 [ 1.754155e-03, -3.556276e-03,  1.802755e-03],
 [ 3.378434e-03, -3.697715e-03,  1.927868e-03],
 [ 5.680388e-01, -7.825710e-01,  6.024516e-01]]
spherical_charges_l2: [[ 0.822509, -0.680504,  1.140251,  0.46558 , -0.753365],
 [-0.023767,  0.011292, -0.018289,  0.006145,  0.009892],
 [-0.016519,  0.018418, -0.01042 ,  0.006155,  0.012097],
 [-0.011634,  0.044632,  0.0279  ,  0.011105,  0.021768],
 [ 0.097343,  0.066953, -0.039432, -0.070418,  0.039777],
 [ 0.080025,  0.071595, -0.036617, -0.02437 ,  0.03082 ],
 [ 0.042265,  0.016802,  0.006262,  0.017896,  0.046315],
 [ 0.050439,  0.070954, -0.028487,  0.025833,  0.010063],
 [ 0.063052,  0.083785, -0.023233,  0.03402 ,  0.013814],
 [ 0.00191 , -0.027676,  0.026152,  0.015825,  0.001393],
 [-0.017158, -0.020186,  0.008475,  0.003058,  0.013617],
 [-0.00737 , -0.026402,  0.011876,  0.007531,  0.012267],
 [ 0.748425,  0.893331, -0.211693, -0.920011, -1.005317]]
energy_short: [-0.946238,  0.609347,  0.605176, -0.521438, -0.268679, -0.327368, -0.59296 , -0.517822, -0.506845, -0.649603,  0.626891,  0.618956, -0.713138]
energy_long: [0.085397, 0.145743, 0.146149, 0.284692, 0.189553, 0.239496, 0.257705, 0.294309, 0.332871, 0.280677, 0.151304, 0.150083, 0.201069]