step=1962450, graph_id=0, num_atoms=13
scalar_charges: [-0.639061,  1.213102,  1.215833, -0.641782, -0.647014, -0.645438, -0.640485, -0.641378, -0.64154 , -0.639419,  1.209183,  1.210852, -0.640377]
spherical_charges_l0: [[-5.108491e-01],
 [ 1.277898e-03],
 [ 5.689660e-04],
 [ 6.811792e-03],
 [-2.415914e-02],
 [-2.914230e-02],
 [-1.682663e-02],
 [-2.291706e-02],
 [-2.056349e-02],
 [ 1.344456e-02],
 [-3.135533e-04],
 [ 4.747112e-04],
 [-5.446606e-01]]
spherical_charges_l1: [[-6.441631e-03,  1.458839e+00,  8.833807e-01],
 [-1.576154e-03,  1.104017e-02,  4.473819e-03],
 [ 2.178957e-03,  7.511030e-03,  4.689022e-03],
 [-5.195069e-02,  1.860822e-01,  3.723466e-02],
 [ 1.119208e-02,  4.134120e-03,  3.926575e-03],
 [ 1.338271e-02, -3.074640e-03,  1.205505e-03],
 [ 6.575184e-03, -1.630549e-03,  1.337264e-02],
 [-1.354809e-02,  6.952595e-03,  1.535886e-02],
 [ 9.138167e-03,  4.124179e-03,  2.608737e-02],
 [ 5.601290e-02, -1.417419e-01,  5.609700e-02],
 [-2.481442e-04, -7.647166e-03,  3.740243e-03],
 [ 8.105658e-03, -4.700585e-03,  2.579483e-03],
 [ 8.320653e-01, -1.149499e+00,  8.770649e-01]]
spherical_charges_l2: [[ 1.164789, -0.978741,  1.630359,  0.671439, -1.084247],
 [-0.02933 ,  0.017317, -0.020648,  0.009645,  0.013188],
 [-0.02379 ,  0.021284, -0.014653,  0.009525,  0.014019],
 [-0.01961 ,  0.070138,  0.042088,  0.018574,  0.036588],
 [ 0.138392,  0.093077, -0.05534 , -0.101687,  0.054591],
 [ 0.113396,  0.102437, -0.056575, -0.033015,  0.044601],
 [ 0.05872 ,  0.021003,  0.008514,  0.02434 ,  0.063079],
 [ 0.072518,  0.101246, -0.037826,  0.035034,  0.011693],
 [ 0.091089,  0.118722, -0.034527,  0.047907,  0.016538],
 [ 0.002824, -0.048288,  0.044015,  0.02152 ,  0.004926],
 [-0.020623, -0.027713,  0.011953,  0.002524,  0.015507],
 [-0.011774, -0.033874,  0.015267,  0.00693 ,  0.014639],
 [ 1.069496,  1.275849, -0.301957, -1.331481, -1.455886]]
energy_short: [-0.816283,  0.495853,  0.492251, -0.399484, -0.207937, -0.259767, -0.507999, -0.449035, -0.44344 , -0.569171,  0.505913,  0.501499, -0.535995]
energy_long: [0.071613, 0.123125, 0.122702, 0.256909, 0.161295, 0.214003, 0.232865, 0.268791, 0.300676, 0.255482, 0.127713, 0.126703, 0.176426]