step=492615, graph_id=0, num_atoms=13
scalar_charges: [-1.433627,  3.56179 ,  3.559367, -1.490407, -1.50114 , -1.494069, -1.476978, -1.478906, -1.479692, -1.469672,  3.573367,  3.566189, -1.471818]
spherical_charges_l0: [[-3.379358],
 [-0.01948 ],
 [-0.02363 ],
 [ 0.045461],
 [-0.140232],
 [-0.164736],
 [-0.116935],
 [-0.135162],
 [-0.132011],
 [ 0.085354],
 [-0.028413],
 [-0.023231],
 [-3.525423]]
spherical_charges_l1: [[ 2.434002e-02,  5.930546e+00,  3.474233e+00],
 [ 6.677644e-03,  7.414210e-03,  6.267998e-03],
 [-1.308418e-02,  8.140394e-03, -2.491896e-03],
 [-1.688929e-01,  7.450186e-01,  1.631913e-01],
 [-3.382082e-02,  9.378766e-03, -6.988567e-02],
 [-1.455216e-02, -3.617355e-02, -4.328757e-02],
 [ 2.956172e-02, -1.334472e-02,  4.803041e-02],
 [-2.197179e-02,  3.106904e-02, -4.516864e-03],
 [ 1.889372e-02, -2.600548e-02,  3.271282e-02],
 [ 2.381287e-01, -5.891489e-01,  2.404043e-01],
 [-1.026945e-02, -2.677928e-05, -3.278668e-04],
 [ 9.272316e-03,  2.542817e-03, -9.281901e-04],
 [ 3.383365e+00, -4.734972e+00,  3.382853e+00]]
spherical_charges_l2: [[ 3.841944, -3.03753 ,  5.122679,  1.887468, -3.372573],
 [-0.153325,  0.142683, -0.093665,  0.061148,  0.09395 ],
 [-0.16271 ,  0.091644, -0.108256,  0.060782,  0.064772],
 [ 0.069173,  0.145665,  0.269953,  0.080065,  0.040802],
 [ 0.487131,  0.300894, -0.130282, -0.311615,  0.158207],
 [ 0.379538,  0.362696, -0.195511, -0.109909,  0.208088],
 [ 0.241044,  0.135687,  0.012661,  0.079231,  0.237949],
 [ 0.261992,  0.380536, -0.098897,  0.143022,  0.063774],
 [ 0.311644,  0.403927, -0.146622,  0.166129,  0.071906],
 [ 0.101322, -0.017455,  0.083742,  0.016884, -0.086871],
 [-0.066412, -0.195827,  0.08875 ,  0.033842,  0.078145],
 [-0.121977, -0.174348,  0.075886,  0.014146,  0.091508],
 [ 3.386731,  4.140706, -1.032312, -4.035758, -4.493093]]
energy_short: [-0.715073,  0.362091,  0.357046, -0.261502, -0.188378, -0.226944, -0.450975, -0.414857, -0.418126, -0.469049,  0.37718 ,  0.367835, -0.404571]
energy_long: [0.052334, 0.114921, 0.116369, 0.247863, 0.146873, 0.23008 , 0.243885, 0.254409, 0.310838, 0.245396, 0.117345, 0.115949, 0.148755]