step=2699370, graph_id=0, num_atoms=13
scalar_charges: [-0.559486,  1.022603,  1.023846, -0.554299, -0.555343, -0.555051, -0.554042, -0.554216, -0.55424 , -0.553796,  1.022681,  1.0227  , -0.554027]
spherical_charges_l0: [[-0.370792],
 [ 0.001558],
 [ 0.000894],
 [ 0.001046],
 [-0.017138],
 [-0.02124 ],
 [-0.011645],
 [-0.016629],
 [-0.014795],
 [ 0.005482],
 [ 0.000499],
 [ 0.000952],
 [-0.396731]]
spherical_charges_l1: [[-9.474676e-03,  1.102309e+00,  6.625767e-01],
 [-2.922529e-04,  7.425703e-03,  3.341332e-03],
 [ 7.523645e-04,  5.576256e-03,  3.010144e-03],
 [-3.758901e-02,  1.369414e-01,  2.746623e-02],
 [ 1.082826e-02,  4.059002e-03,  5.304965e-03],
 [ 1.095415e-02, -2.280368e-03,  2.323465e-03],
 [ 5.236350e-03, -8.480035e-04,  1.132391e-02],
 [-9.876319e-03,  5.396774e-03,  1.127631e-02],
 [ 6.640038e-03,  2.887112e-03,  2.000690e-02],
 [ 4.192061e-02, -1.045293e-01,  4.081594e-02],
 [ 1.632407e-03, -4.843797e-03,  2.428996e-03],
 [ 4.469436e-03, -4.394037e-03,  2.305742e-03],
 [ 6.208408e-01, -8.587415e-01,  6.534805e-01]]
spherical_charges_l2: [[ 9.121894e-01, -7.485280e-01,  1.239756e+00,  4.856517e-01, -8.203936e-01],
 [-2.346043e-02,  1.407336e-02, -1.663501e-02,  7.913805e-03,  1.053700e-02],
 [-1.870854e-02,  1.689945e-02, -1.167154e-02,  7.030853e-03,  1.157384e-02],
 [-1.638080e-02,  5.268552e-02,  2.872743e-02,  1.406240e-02,  2.548672e-02],
 [ 1.059683e-01,  7.197459e-02, -4.155291e-02, -7.720910e-02,  4.276782e-02],
 [ 8.799510e-02,  7.918328e-02, -4.088522e-02, -2.615216e-02,  3.455200e-02],
 [ 4.811097e-02,  1.921837e-02,  5.762876e-03,  1.918594e-02,  5.042984e-02],
 [ 5.591006e-02,  7.884461e-02, -3.054146e-02,  2.851095e-02,  1.092820e-02],
 [ 6.960589e-02,  9.184096e-02, -2.596924e-02,  3.742672e-02,  1.496624e-02],
 [ 2.202410e-04, -3.641756e-02,  3.134096e-02,  1.673657e-02,  2.216138e-03],
 [-1.568851e-02, -2.189916e-02,  9.417809e-03,  2.976171e-03,  1.278343e-02],
 [-9.621237e-03, -2.657679e-02,  1.192462e-02,  5.877400e-03,  1.209908e-02],
 [ 8.190093e-01,  9.871299e-01, -2.412543e-01, -9.876418e-01, -1.092756e+00]]
energy_short: [-0.909464,  0.576671,  0.573583, -0.481128, -0.248483, -0.305262, -0.56468 , -0.495391, -0.485666, -0.625505,  0.591264,  0.585513, -0.65634 ]
energy_long: [0.081786, 0.139847, 0.139824, 0.277079, 0.179802, 0.232383, 0.256322, 0.28667 , 0.31866 , 0.274342, 0.144508, 0.143302, 0.200729]