step=1618020, graph_id=0, num_atoms=13
scalar_charges: [-0.692619,  1.330612,  1.334282, -0.705875, -0.71868 , -0.714956, -0.699456, -0.702918, -0.703273, -0.698902,  1.323541,  1.326635, -0.697392]
spherical_charges_l0: [[-7.035469e-01],
 [ 2.295565e-03],
 [ 3.851133e-04],
 [ 2.519803e-03],
 [-3.181062e-02],
 [-3.763003e-02],
 [-2.050428e-02],
 [-2.912802e-02],
 [-2.617508e-02],
 [ 1.103311e-02],
 [-5.273459e-04],
 [ 5.788439e-04],
 [-7.519693e-01]]
spherical_charges_l1: [[-2.033782e-02,  1.942058e+00,  1.178098e+00],
 [-2.290992e-03,  1.444128e-02,  5.745644e-03],
 [ 3.315113e-03,  9.761509e-03,  6.410202e-03],
 [-6.308971e-02,  2.412489e-01,  4.958321e-02],
 [ 1.066315e-02,  8.020464e-03,  1.732249e-03],
 [ 1.537700e-02, -8.670648e-03, -1.810730e-03],
 [ 8.149284e-03, -2.013890e-03,  1.636992e-02],
 [-1.648943e-02,  1.053640e-02,  1.536319e-02],
 [ 1.160252e-02,  1.242928e-03,  2.937747e-02],
 [ 7.483212e-02, -1.881873e-01,  7.228586e-02],
 [ 3.592488e-04, -1.014902e-02,  4.989003e-03],
 [ 1.078718e-02, -6.574013e-03,  3.590626e-03],
 [ 1.105446e+00, -1.526156e+00,  1.162666e+00]]
spherical_charges_l2: [[ 1.521427, -1.230026,  2.073132,  0.827441, -1.34522 ],
 [-0.043382,  0.026427, -0.029677,  0.015127,  0.019607],
 [-0.034389,  0.03113 , -0.021201,  0.014134,  0.020623],
 [-0.016031,  0.086178,  0.045257,  0.014332,  0.04392 ],
 [ 0.168052,  0.112308, -0.062742, -0.126606,  0.066477],
 [ 0.136337,  0.125797, -0.066886, -0.034465,  0.054186],
 [ 0.069153,  0.022138,  0.012002,  0.029778,  0.076562],
 [ 0.087684,  0.120653, -0.045697,  0.039838,  0.015903],
 [ 0.108398,  0.141724, -0.04082 ,  0.060489,  0.019743],
 [ 0.002822, -0.054763,  0.046269,  0.034309,  0.007048],
 [-0.02882 , -0.043961,  0.019197,  0.004419,  0.022727],
 [-0.019182, -0.050148,  0.022545,  0.009364,  0.021883],
 [ 1.381019,  1.650762, -0.401761, -1.64763 , -1.83466 ]]
energy_short: [-0.78228 ,  0.454096,  0.449635, -0.352575, -0.178255, -0.227341, -0.470554, -0.416818, -0.413149, -0.528584,  0.463444,  0.459021, -0.497353]
energy_long: [0.034236, 0.109143, 0.109485, 0.232674, 0.14086 , 0.187297, 0.216372, 0.242919, 0.276166, 0.230499, 0.114163, 0.113191, 0.155047]