step=1273590, graph_id=0, num_atoms=13
scalar_charges: [-0.851684,  1.711218,  1.714263, -0.860469, -0.863884, -0.862576, -0.858396, -0.859525, -0.859646, -0.857757,  1.713648,  1.71303 , -0.858796]
spherical_charges_l0: [[-1.011184e+00],
 [ 3.499825e-03],
 [ 1.651113e-03],
 [ 5.264479e-03],
 [-4.464025e-02],
 [-5.225914e-02],
 [-2.776014e-02],
 [-3.991847e-02],
 [-3.714280e-02],
 [ 1.687760e-02],
 [ 1.389874e-04],
 [ 1.392779e-03],
 [-1.065978e+00]]
spherical_charges_l1: [[-1.212969e-02,  2.446477e+00,  1.481962e+00],
 [-2.079449e-03,  1.608274e-02,  6.453591e-03],
 [ 3.186638e-03,  1.161688e-02,  6.956878e-03],
 [-7.892980e-02,  2.939834e-01,  5.816563e-02],
 [ 9.213629e-03,  2.851728e-03, -5.904097e-03],
 [ 1.120603e-02, -3.092507e-03, -5.520350e-03],
 [ 1.098301e-02, -2.894668e-03,  2.101146e-02],
 [-1.681468e-02,  9.657688e-03,  1.450361e-02],
 [ 1.142840e-02,  3.447871e-03,  3.035771e-02],
 [ 8.772536e-02, -2.253871e-01,  8.630355e-02],
 [ 7.993138e-04, -1.249413e-02,  6.148939e-03],
 [ 1.191774e-02, -8.164060e-03,  4.405004e-03],
 [ 1.383030e+00, -1.912528e+00,  1.442118e+00]]
spherical_charges_l2: [[ 1.963386e+00, -1.628050e+00,  2.626791e+00,  1.010022e+00, -1.722899e+00],
 [-4.290384e-02,  3.155662e-02, -2.897744e-02,  1.580461e-02,  2.301246e-02],
 [-3.791692e-02,  2.852129e-02, -2.585462e-02,  1.408265e-02,  2.124924e-02],
 [-1.337657e-02,  1.026827e-01,  6.982476e-02,  2.147730e-02,  5.769440e-02],
 [ 2.249870e-01,  1.471419e-01, -6.580637e-02, -1.566231e-01,  8.489883e-02],
 [ 1.780143e-01,  1.570959e-01, -7.372721e-02, -4.562411e-02,  7.557749e-02],
 [ 9.516654e-02,  3.670291e-02,  1.113890e-02,  3.609607e-02,  9.728327e-02],
 [ 1.139110e-01,  1.560523e-01, -6.114345e-02,  5.727161e-02,  2.726296e-02],
 [ 1.411620e-01,  1.833865e-01, -5.215976e-02,  8.283500e-02,  3.814497e-02],
 [ 1.108601e-02, -5.871544e-02,  5.673273e-02,  3.592047e-02,  1.302019e-03],
 [-2.481508e-02, -4.748012e-02,  2.103830e-02,  6.671148e-03,  2.260988e-02],
 [-2.551525e-02, -4.971200e-02,  2.200424e-02,  7.919233e-03,  2.423269e-02],
 [ 1.737917e+00,  2.116526e+00, -5.234355e-01, -2.071815e+00, -2.303574e+00]]
energy_short: [-0.717902,  0.406336,  0.403067, -0.31775 , -0.171027, -0.218714, -0.458854, -0.407298, -0.404873, -0.50502 ,  0.416802,  0.41232 , -0.426083]
energy_long: [0.053204, 0.104439, 0.105851, 0.228083, 0.132845, 0.188881, 0.220607, 0.238468, 0.275211, 0.223852, 0.111062, 0.110035, 0.1587  ]