step=1766205, graph_id=0, num_atoms=13
scalar_charges: [-0.665089,  1.322886,  1.325973, -0.672068, -0.679684, -0.677716, -0.668719, -0.670419, -0.670538, -0.666821,  1.316749,  1.319237, -0.667477]
spherical_charges_l0: [[-6.005116e-01],
 [ 1.717448e-03],
 [ 1.484348e-04],
 [ 6.619513e-03],
 [-2.935233e-02],
 [-3.479977e-02],
 [-1.897220e-02],
 [-2.692608e-02],
 [-2.436683e-02],
 [ 1.391013e-02],
 [-3.210880e-04],
 [ 4.538573e-04],
 [-6.406183e-01]]
spherical_charges_l1: [[-1.133856e-02,  1.620382e+00,  9.752532e-01],
 [-2.137559e-03,  1.143644e-02,  4.323320e-03],
 [ 1.859257e-03,  7.860284e-03,  4.769975e-03],
 [-5.622966e-02,  2.101285e-01,  4.239453e-02],
 [ 1.242712e-02,  3.461888e-03,  2.088950e-03],
 [ 1.183841e-02, -1.261124e-03,  8.003560e-04],
 [ 7.755645e-03, -1.208030e-03,  1.677966e-02],
 [-1.261051e-02,  5.679821e-03,  1.480956e-02],
 [ 8.310420e-03,  4.781154e-03,  2.607234e-02],
 [ 6.362345e-02, -1.609259e-01,  6.174545e-02],
 [-1.846554e-04, -7.241880e-03,  3.544328e-03],
 [ 7.853755e-03, -5.006962e-03,  2.722233e-03],
 [ 9.234943e-01, -1.273073e+00,  9.712860e-01]]
spherical_charges_l2: [[ 1.307647, -1.085037,  1.805755,  0.722828, -1.199258],
 [-0.038084,  0.02036 , -0.026384,  0.012432,  0.015986],
 [-0.028261,  0.028056, -0.017415,  0.011918,  0.018158],
 [-0.018486,  0.078823,  0.045864,  0.021885,  0.042834],
 [ 0.15775 ,  0.106004, -0.06061 , -0.117613,  0.062713],
 [ 0.129426,  0.118612, -0.062388, -0.034824,  0.051182],
 [ 0.067307,  0.027405,  0.009111,  0.027727,  0.07315 ],
 [ 0.083409,  0.115333, -0.043473,  0.03892 ,  0.016998],
 [ 0.102476,  0.134347, -0.038567,  0.057391,  0.020072],
 [ 0.005082, -0.051724,  0.048463,  0.023672,  0.00655 ],
 [-0.026268, -0.035425,  0.015266,  0.003524,  0.020034],
 [-0.014199, -0.042702,  0.019247,  0.009331,  0.018617],
 [ 1.194527,  1.430037, -0.34549 , -1.449609, -1.602177]]
energy_short: [-0.810835,  0.480926,  0.477232, -0.366204, -0.179584, -0.228975, -0.475677, -0.419238, -0.415589, -0.539023,  0.490515,  0.486449, -0.52873 ]
energy_long: [0.042818, 0.110849, 0.110585, 0.242098, 0.144169, 0.194778, 0.214151, 0.247894, 0.288127, 0.237716, 0.1151  , 0.1143  , 0.160599]