step=1073340, graph_id=0, num_atoms=13
scalar_charges: [-0.923864,  2.019357,  2.020112, -0.956833, -0.963767, -0.961395, -0.948151, -0.95127 , -0.9513  , -0.94537 ,  2.020741,  2.019881, -0.950384]
spherical_charges_l0: [[-1.279627e+00],
 [ 4.069462e-03],
 [ 3.581120e-04],
 [ 1.612458e-02],
 [-5.831757e-02],
 [-6.790073e-02],
 [-3.837131e-02],
 [-5.309272e-02],
 [-4.976177e-02],
 [ 2.875325e-02],
 [-1.325732e-03],
 [ 4.750083e-04],
 [-1.347839e+00]]
spherical_charges_l1: [[-3.541120e-02,  2.832654e+00,  1.692272e+00],
 [ 1.345745e-04,  1.582671e-02,  7.721965e-03],
 [ 1.539986e-03,  1.089902e-02,  6.280918e-03],
 [-9.628119e-02,  3.786202e-01,  8.060689e-02],
 [ 1.166728e-02,  7.782364e-03, -1.186355e-03],
 [ 1.702955e-02, -1.230717e-02, -6.201924e-03],
 [ 1.401405e-02, -1.959845e-03,  2.869650e-02],
 [-2.314057e-02,  1.705798e-02,  1.657679e-02],
 [ 1.717446e-02, -1.519903e-03,  4.070782e-02],
 [ 1.136327e-01, -2.848947e-01,  1.144424e-01],
 [ 6.229958e-04, -9.470630e-03,  4.665199e-03],
 [ 1.021969e-02, -7.254542e-03,  3.906360e-03],
 [ 1.596428e+00, -2.214129e+00,  1.676612e+00]]
spherical_charges_l2: [[ 2.244269, -1.825005,  3.146925,  1.268038, -2.069328],
 [-0.062365,  0.044195, -0.04297 ,  0.021565,  0.03154 ],
 [-0.054181,  0.04172 , -0.034036,  0.020948,  0.028406],
 [-0.011275,  0.13277 ,  0.083992,  0.026075,  0.069982],
 [ 0.273707,  0.176512, -0.075762, -0.185683,  0.099471],
 [ 0.217817,  0.194798, -0.095845, -0.058908,  0.096658],
 [ 0.120645,  0.048398,  0.008998,  0.042198,  0.116644],
 [ 0.139354,  0.195021, -0.072575,  0.072994,  0.031201],
 [ 0.171571,  0.223642, -0.065885,  0.097679,  0.04659 ],
 [ 0.02045 , -0.06903 ,  0.068257,  0.050433,  0.006232],
 [-0.036248, -0.068209,  0.030257,  0.00835 ,  0.03171 ],
 [-0.03547 , -0.071662,  0.031814,  0.011271,  0.034026],
 [ 2.032823,  2.412958, -0.57734 , -2.511287, -2.777256]]
energy_short: [-0.704963,  0.381869,  0.37628 , -0.29665 , -0.175206, -0.21977 , -0.450877, -0.408551, -0.408934, -0.498007,  0.391658,  0.386088, -0.405488]
energy_long: [0.033579, 0.105212, 0.107188, 0.231447, 0.124111, 0.195423, 0.226286, 0.246594, 0.276585, 0.229749, 0.111149, 0.110369, 0.144801]