step=2475090, graph_id=0, num_atoms=13
scalar_charges: [-0.561016,  1.082376,  1.083806, -0.559933, -0.563352, -0.562385, -0.558894, -0.559681, -0.559779, -0.558312,  1.080465,  1.081241, -0.557789]
spherical_charges_l0: [[-0.389826],
 [ 0.002106],
 [ 0.001315],
 [ 0.001238],
 [-0.018066],
 [-0.022569],
 [-0.012524],
 [-0.017705],
 [-0.015638],
 [ 0.006215],
 [ 0.000752],
 [ 0.001311],
 [-0.416868]]
spherical_charges_l1: [[-9.985058e-03,  1.160727e+00,  7.005103e-01],
 [-2.222320e-04,  7.848178e-03,  3.636960e-03],
 [ 2.666061e-04,  6.276062e-03,  3.206671e-03],
 [-4.015913e-02,  1.454746e-01,  2.823397e-02],
 [ 1.145634e-02,  5.072100e-03,  5.651720e-03],
 [ 1.246435e-02, -4.082536e-03,  2.404850e-03],
 [ 5.662196e-03, -6.964876e-04,  1.285225e-02],
 [-1.126369e-02,  6.983501e-03,  1.203742e-02],
 [ 7.638255e-03,  2.147290e-03,  2.195691e-02],
 [ 4.398444e-02, -1.112773e-01,  4.285451e-02],
 [ 1.497270e-03, -5.005271e-03,  2.504239e-03],
 [ 4.716944e-03, -4.695727e-03,  2.462842e-03],
 [ 6.580053e-01, -9.065109e-01,  6.899956e-01]]
spherical_charges_l2: [[ 9.498172e-01, -7.822081e-01,  1.303356e+00,  5.204063e-01, -8.642591e-01],
 [-2.658149e-02,  1.680156e-02, -1.881467e-02,  8.986158e-03,  1.229422e-02],
 [-2.122968e-02,  1.938064e-02, -1.320952e-02,  7.977747e-03,  1.306922e-02],
 [-1.321654e-02,  5.399731e-02,  3.011379e-02,  1.012551e-02,  2.677825e-02],
 [ 1.121537e-01,  7.604881e-02, -4.424015e-02, -8.322623e-02,  4.570735e-02],
 [ 9.252079e-02,  8.465841e-02, -4.357234e-02, -2.666189e-02,  3.537933e-02],
 [ 4.817408e-02,  1.604612e-02,  7.141728e-03,  2.021031e-02,  5.148330e-02],
 [ 5.817588e-02,  8.211266e-02, -3.315286e-02,  2.890793e-02,  1.040304e-02],
 [ 7.278432e-02,  9.700893e-02, -2.654390e-02,  3.943006e-02,  1.499420e-02],
 [ 1.117611e-03, -3.496796e-02,  3.016597e-02,  2.004985e-02,  2.663058e-03],
 [-1.704978e-02, -2.497424e-02,  1.077539e-02,  3.706063e-03,  1.437063e-02],
 [-1.146161e-02, -2.960915e-02,  1.323468e-02,  6.540299e-03,  1.389893e-02],
 [ 8.640149e-01,  1.035070e+00, -2.509772e-01, -1.046409e+00, -1.156208e+00]]
energy_short: [-0.905143,  0.549343,  0.546698, -0.456973, -0.243375, -0.295891, -0.550164, -0.486   , -0.47903 , -0.612389,  0.562709,  0.557249, -0.643827]
energy_long: [0.065253, 0.129824, 0.129737, 0.267497, 0.16752 , 0.222473, 0.247976, 0.277449, 0.30866 , 0.26544 , 0.13423 , 0.133097, 0.181237]