step=3304125, graph_id=0, num_atoms=13
scalar_charges: [-0.527994,  0.970741,  0.971245, -0.520174, -0.52063 , -0.520535, -0.520261, -0.520287, -0.520287, -0.519865,  0.97139 ,  0.971218, -0.520656]
spherical_charges_l0: [[-3.344664e-01],
 [ 1.542422e-03],
 [ 6.284233e-04],
 [ 8.783493e-04],
 [-1.580102e-02],
 [-1.986193e-02],
 [-1.126776e-02],
 [-1.558819e-02],
 [-1.365449e-02],
 [ 4.946730e-03],
 [ 2.500559e-04],
 [ 7.668888e-04],
 [-3.612577e-01]]
spherical_charges_l1: [[-1.192137e-02,  1.012948e+00,  6.116530e-01],
 [-3.191288e-04,  6.730058e-03,  2.970179e-03],
 [ 8.727511e-04,  4.436877e-03,  2.539341e-03],
 [-3.515059e-02,  1.277859e-01,  2.535963e-02],
 [ 1.010279e-02,  4.579462e-03,  5.198546e-03],
 [ 1.120384e-02, -2.816949e-03,  2.941593e-03],
 [ 4.903954e-03, -9.379304e-04,  1.065586e-02],
 [-9.739468e-03,  5.816608e-03,  1.095524e-02],
 [ 6.468820e-03,  2.267802e-03,  1.936906e-02],
 [ 3.894759e-02, -9.809452e-02,  3.773963e-02],
 [ 1.525394e-03, -4.063478e-03,  2.043556e-03],
 [ 3.950361e-03, -3.830273e-03,  2.012219e-03],
 [ 5.737807e-01, -7.908342e-01,  6.066937e-01]]
spherical_charges_l2: [[ 0.84606 , -0.695891,  1.159545,  0.461902, -0.765707],
 [-0.024052,  0.012074, -0.017874,  0.006904,  0.010065],
 [-0.017233,  0.018134, -0.01088 ,  0.006479,  0.012071],
 [-0.012543,  0.046921,  0.027777,  0.010556,  0.022292],
 [ 0.099507,  0.068486, -0.040841, -0.072497,  0.040519],
 [ 0.081871,  0.073187, -0.038635, -0.024914,  0.031497],
 [ 0.043214,  0.016244,  0.006154,  0.01815 ,  0.04652 ],
 [ 0.051768,  0.072627, -0.028543,  0.02636 ,  0.009477],
 [ 0.065086,  0.085768, -0.024094,  0.034388,  0.013493],
 [ 0.001348, -0.029711,  0.026804,  0.017271,  0.001331],
 [-0.017389, -0.020719,  0.00873 ,  0.002913,  0.013648],
 [-0.007738, -0.026742,  0.012039,  0.007226,  0.012225],
 [ 0.767126,  0.92244 , -0.222648, -0.929686, -1.023266]]
energy_short: [-0.946537,  0.592536,  0.58854 , -0.505409, -0.257881, -0.315489, -0.579291, -0.505601, -0.494963, -0.637472,  0.60743 ,  0.600996, -0.704666]
energy_long: [0.084228, 0.145113, 0.145376, 0.283895, 0.189012, 0.23881 , 0.259393, 0.292612, 0.332439, 0.280006, 0.149694, 0.148777, 0.202843]