step=2042550, graph_id=0, num_atoms=13
scalar_charges: [-0.627289,  1.159822,  1.162124, -0.635098, -0.638617, -0.637922, -0.632185, -0.633473, -0.633583, -0.631181,  1.154236,  1.15626 , -0.630556]
spherical_charges_l0: [[-5.133622e-01],
 [ 1.787021e-03],
 [ 7.632041e-04],
 [ 4.150978e-03],
 [-2.141649e-02],
 [-2.670982e-02],
 [-1.534000e-02],
 [-2.108115e-02],
 [-1.847152e-02],
 [ 9.202992e-03],
 [ 2.061505e-04],
 [ 8.257361e-04],
 [-5.437590e-01]]
spherical_charges_l1: [[-1.412636e-02,  1.390385e+00,  8.393068e-01],
 [-5.142982e-04,  9.203777e-03,  4.193131e-03],
 [ 3.664781e-04,  6.919131e-03,  3.674721e-03],
 [-4.846635e-02,  1.686614e-01,  3.323107e-02],
 [ 1.059050e-02,  4.668911e-03,  2.168295e-03],
 [ 1.123222e-02, -3.511761e-03,  1.214188e-03],
 [ 6.661688e-03, -1.034572e-03,  1.477231e-02],
 [-1.162521e-02,  6.819084e-03,  1.252985e-02],
 [ 7.770143e-03,  2.161948e-03,  2.291815e-02],
 [ 5.010905e-02, -1.293601e-01,  5.060510e-02],
 [ 1.825227e-03, -5.450130e-03,  2.734978e-03],
 [ 5.275380e-03, -5.387576e-03,  2.822492e-03],
 [ 7.786781e-01, -1.076848e+00,  8.222591e-01]]
spherical_charges_l2: [[ 1.142157, -0.943324,  1.587369,  0.637979, -1.051215],
 [-0.031498,  0.019113, -0.021908,  0.010941,  0.013944],
 [-0.025308,  0.022693, -0.015314,  0.010038,  0.015142],
 [-0.014926,  0.064245,  0.038491,  0.017023,  0.03313 ],
 [ 0.129748,  0.088524, -0.049209, -0.095044,  0.052584],
 [ 0.108892,  0.098083, -0.050806, -0.031912,  0.041424],
 [ 0.057662,  0.020488,  0.007682,  0.023571,  0.060832],
 [ 0.069163,  0.096805, -0.038478,  0.034173,  0.012811],
 [ 0.085417,  0.113089, -0.030877,  0.04642 ,  0.017801],
 [ 0.003914, -0.042056,  0.038733,  0.02053 ,  0.003401],
 [-0.02084 , -0.03019 ,  0.01308 ,  0.003471,  0.016602],
 [-0.013437, -0.035666,  0.016016,  0.007159,  0.015888],
 [ 1.038642,  1.236385, -0.29723 , -1.272719, -1.407069]]
energy_short: [-0.88126 ,  0.500933,  0.497953, -0.388842, -0.196799, -0.248221, -0.496552, -0.436712, -0.431182, -0.555366,  0.512386,  0.508   , -0.608767]
energy_long: [0.064722, 0.123659, 0.123336, 0.257793, 0.160814, 0.208771, 0.241631, 0.264358, 0.30154 , 0.253021, 0.128111, 0.127058, 0.180467]