step=2282850, graph_id=0, num_atoms=13
scalar_charges: [-0.591335,  1.109197,  1.110738, -0.588433, -0.590777, -0.590106, -0.587779, -0.588207, -0.588257, -0.587406,  1.107842,  1.108494, -0.587388]
spherical_charges_l0: [[-4.232389e-01],
 [ 1.548625e-03],
 [ 5.928142e-04],
 [ 2.335146e-03],
 [-1.923380e-02],
 [-2.325681e-02],
 [-1.243403e-02],
 [-1.785585e-02],
 [-1.568918e-02],
 [ 7.907280e-03],
 [ 7.827812e-06],
 [ 6.487810e-04],
 [-4.494195e-01]]
spherical_charges_l1: [[-1.468983e-02,  1.248757e+00,  7.499287e-01],
 [-9.802995e-04,  8.274034e-03,  3.416038e-03],
 [ 1.113829e-03,  5.928780e-03,  3.377822e-03],
 [-4.283434e-02,  1.575624e-01,  3.089088e-02],
 [ 9.253890e-03,  3.557921e-03,  3.246770e-03],
 [ 1.085598e-02, -2.371620e-03,  7.535108e-04],
 [ 5.805350e-03, -7.051065e-04,  1.274310e-02],
 [-1.120619e-02,  6.078101e-03,  1.150993e-02],
 [ 7.423013e-03,  2.932756e-03,  2.085126e-02],
 [ 4.828123e-02, -1.208890e-01,  4.677119e-02],
 [ 9.586622e-04, -5.554568e-03,  2.755277e-03],
 [ 5.524884e-03, -4.404481e-03,  2.347177e-03],
 [ 6.982248e-01, -9.674882e-01,  7.383468e-01]]
spherical_charges_l2: [[ 1.004183, -0.844336,  1.424224,  0.594724, -0.94643 ],
 [-0.02798 ,  0.015219, -0.020297,  0.008852,  0.011987],
 [-0.020932,  0.020849, -0.012817,  0.008159,  0.013856],
 [-0.013837,  0.059228,  0.03191 ,  0.014363,  0.029184],
 [ 0.117856,  0.079984, -0.048072, -0.086578,  0.046225],
 [ 0.098674,  0.088449, -0.04823 , -0.028541,  0.037741],
 [ 0.051918,  0.019183,  0.006302,  0.020552,  0.054383],
 [ 0.063691,  0.088329, -0.033842,  0.030823,  0.010953],
 [ 0.078544,  0.102623, -0.029178,  0.042101,  0.015212],
 [ 0.003474, -0.037846,  0.032827,  0.020418,  0.004194],
 [-0.01974 , -0.02527 ,  0.0108  ,  0.002791,  0.015119],
 [-0.009964, -0.031473,  0.01419 ,  0.007363,  0.013863],
 [ 0.919363,  1.091155, -0.257794, -1.144854, -1.255919]]
energy_short: [-0.874171,  0.538653,  0.535713, -0.444135, -0.237914, -0.289609, -0.54095 , -0.479735, -0.473233, -0.606489,  0.550124,  0.545525, -0.602677]
energy_long: [0.066788, 0.130708, 0.13031 , 0.262245, 0.162564, 0.224313, 0.234927, 0.278631, 0.297998, 0.260158, 0.134762, 0.133812, 0.185702]