step=929160, graph_id=0, num_atoms=13
scalar_charges: [-1.070599,  2.115521,  2.11468 , -1.093139, -1.092962, -1.093249, -1.091408, -1.09184 , -1.09163 , -1.087977,  2.108527,  2.111583, -1.092137]
spherical_charges_l0: [[-1.574327e+00],
 [ 6.944963e-06],
 [-5.308566e-03],
 [ 2.121697e-02],
 [-7.625108e-02],
 [-8.469827e-02],
 [-5.145356e-02],
 [-6.742062e-02],
 [-6.611165e-02],
 [ 3.316607e-02],
 [-6.807348e-03],
 [-4.370971e-03],
 [-1.660896e+00]]
spherical_charges_l1: [[-1.965764e-03,  3.297661e+00,  1.962874e+00],
 [-4.528361e-04,  1.947306e-02,  8.921433e-03],
 [ 4.488571e-03,  1.169171e-02,  7.887632e-03],
 [-1.166644e-01,  4.333322e-01,  9.171510e-02],
 [-4.135875e-04,  1.474488e-02, -1.758243e-02],
 [ 1.492662e-02, -2.632373e-02, -1.326253e-02],
 [ 1.323065e-02,  1.466148e-04,  3.145272e-02],
 [-2.441056e-02,  2.319959e-02,  1.403468e-02],
 [ 1.701861e-02, -5.553229e-03,  3.957823e-02],
 [ 1.230530e-01, -3.123233e-01,  1.265981e-01],
 [-4.198077e-03, -1.495852e-02,  7.190306e-03],
 [ 1.793752e-02, -5.569998e-03,  3.338082e-03],
 [ 1.882910e+00, -2.604386e+00,  1.937253e+00]]
spherical_charges_l2: [[ 2.662842e+00, -2.174287e+00,  3.596134e+00,  1.363704e+00, -2.375824e+00],
 [-6.945526e-02,  4.572967e-02, -4.765949e-02,  2.399874e-02,  3.369541e-02],
 [-5.997439e-02,  4.966976e-02, -3.635651e-02,  2.557414e-02,  3.278916e-02],
 [-7.786348e-03,  1.381634e-01,  1.250905e-01,  4.791874e-02,  6.891128e-02],
 [ 2.974783e-01,  1.981548e-01, -8.619446e-02, -2.022751e-01,  1.084977e-01],
 [ 2.329044e-01,  2.010990e-01, -1.047069e-01, -7.034592e-02,  1.029293e-01],
 [ 1.389542e-01,  5.199173e-02,  9.671919e-03,  4.998473e-02,  1.317884e-01],
 [ 1.520344e-01,  2.157152e-01, -7.754604e-02,  8.650751e-02,  3.147630e-02],
 [ 1.944944e-01,  2.495479e-01, -7.549771e-02,  1.011711e-01,  4.870316e-02],
 [ 2.705382e-02, -7.153247e-02,  7.856496e-02,  4.824704e-02, -1.981559e-03],
 [-4.926577e-02, -7.084177e-02,  3.079412e-02,  6.420061e-03,  3.762610e-02],
 [-3.257855e-02, -8.148126e-02,  3.651331e-02,  1.553774e-02,  3.666037e-02],
 [ 2.370284e+00,  2.896356e+00, -7.315429e-01, -2.819582e+00, -3.173522e+00]]
energy_short: [-0.73327 ,  0.364148,  0.35888 , -0.289433, -0.179079, -0.222421, -0.449262, -0.409294, -0.411005, -0.499254,  0.376693,  0.369492, -0.429142]
energy_long: [0.069052, 0.109946, 0.11217 , 0.239299, 0.148259, 0.192236, 0.233313, 0.237698, 0.292861, 0.23724 , 0.114789, 0.114175, 0.155316]