step=3224025, graph_id=0, num_atoms=13
scalar_charges: [-0.532637,  0.991816,  0.992145, -0.527264, -0.528392, -0.528116, -0.527378, -0.527544, -0.52757 , -0.526794,  0.992844,  0.992527, -0.527399]
spherical_charges_l0: [[-3.390606e-01],
 [ 1.584133e-03],
 [ 6.438579e-04],
 [ 1.157193e-03],
 [-1.574124e-02],
 [-1.977525e-02],
 [-1.109324e-02],
 [-1.548195e-02],
 [-1.360721e-02],
 [ 5.216898e-03],
 [ 1.893470e-04],
 [ 7.200118e-04],
 [-3.635689e-01]]
spherical_charges_l1: [[-9.839316e-03,  1.024346e+00,  6.171425e-01],
 [ 2.083166e-04,  6.189527e-03,  3.006682e-03],
 [ 1.343865e-04,  4.652773e-03,  2.280910e-03],
 [-3.476261e-02,  1.244218e-01,  2.496692e-02],
 [ 1.026344e-02,  4.163031e-03,  5.615789e-03],
 [ 1.094388e-02, -2.187393e-03,  3.019557e-03],
 [ 4.727165e-03, -8.276383e-04,  1.044582e-02],
 [-9.525904e-03,  5.443988e-03,  1.105766e-02],
 [ 6.326764e-03,  2.609686e-03,  1.923126e-02],
 [ 3.774728e-02, -9.551069e-02,  3.699908e-02],
 [ 2.020450e-03, -3.593357e-03,  1.829804e-03],
 [ 3.251793e-03, -4.056750e-03,  2.099824e-03],
 [ 5.772355e-01, -7.960754e-01,  6.105102e-01]]
spherical_charges_l2: [[ 0.837006, -0.692995,  1.167057,  0.477242, -0.773158],
 [-0.022846,  0.012359, -0.016965,  0.006752,  0.009866],
 [-0.017122,  0.017024, -0.010833,  0.006123,  0.011585],
 [-0.010603,  0.046857,  0.027899,  0.010895,  0.023812],
 [ 0.098711,  0.06758 , -0.040462, -0.071801,  0.039667],
 [ 0.081169,  0.072986, -0.038891, -0.024581,  0.031326],
 [ 0.043245,  0.017459,  0.005701,  0.017697,  0.046462],
 [ 0.05191 ,  0.072865, -0.027989,  0.026028,  0.009473],
 [ 0.064686,  0.085189, -0.024303,  0.034168,  0.012986],
 [ 0.002713, -0.028588,  0.027131,  0.016536,  0.002479],
 [-0.015944, -0.020506,  0.0087  ,  0.003233,  0.013091],
 [-0.008212, -0.025668,  0.01152 ,  0.006701,  0.011974],
 [ 0.762958,  0.910979, -0.21662 , -0.937328, -1.026188]]
energy_short: [-0.922103,  0.587341,  0.583549, -0.503048, -0.252874, -0.309996, -0.57354 , -0.500329, -0.490193, -0.63595 ,  0.603344,  0.596499, -0.681357]
energy_long: [0.083459, 0.143724, 0.143797, 0.280975, 0.18764 , 0.237956, 0.256574, 0.291243, 0.327165, 0.278193, 0.148401, 0.147355, 0.199922]