step=2214765, graph_id=0, num_atoms=13
scalar_charges: [-0.617148,  1.136562,  1.138222, -0.612331, -0.61432 , -0.613775, -0.611779, -0.612234, -0.612296, -0.611777,  1.133533,  1.134688, -0.611365]
spherical_charges_l0: [[-4.349745e-01],
 [ 1.518298e-03],
 [ 3.233833e-04],
 [ 2.160670e-03],
 [-2.128513e-02],
 [-2.571818e-02],
 [-1.411740e-02],
 [-2.003952e-02],
 [-1.798426e-02],
 [ 8.089279e-03],
 [-3.755910e-04],
 [ 3.511259e-04],
 [-4.638760e-01]]
spherical_charges_l1: [[-9.366534e-03,  1.266778e+00,  7.627608e-01],
 [-8.255992e-04,  7.853324e-03,  3.352977e-03],
 [ 1.373276e-03,  5.915742e-03,  3.523435e-03],
 [-4.377688e-02,  1.675031e-01,  3.294948e-02],
 [ 9.886498e-03,  3.336822e-03,  3.599364e-03],
 [ 1.104713e-02, -1.958644e-03,  1.717396e-03],
 [ 6.438382e-03, -1.057203e-03,  1.366804e-02],
 [-1.078615e-02,  6.341148e-03,  1.164819e-02],
 [ 7.239087e-03,  2.574403e-03,  2.108536e-02],
 [ 5.167206e-02, -1.279213e-01,  4.793345e-02],
 [-1.788277e-05, -5.702874e-03,  2.795643e-03],
 [ 6.186987e-03, -3.796435e-03,  2.071789e-03],
 [ 7.162465e-01, -9.911107e-01,  7.544562e-01]]
spherical_charges_l2: [[ 1.055466e+00, -8.735785e-01,  1.444219e+00,  5.770804e-01, -9.554467e-01],
 [-2.811585e-02,  1.492295e-02, -2.083211e-02,  8.636480e-03,  1.218870e-02],
 [-2.068919e-02,  2.210932e-02, -1.276557e-02,  8.116590e-03,  1.472103e-02],
 [-1.716205e-02,  6.138967e-02,  3.580682e-02,  1.362277e-02,  3.335896e-02],
 [ 1.188514e-01,  8.200841e-02, -4.869957e-02, -8.791730e-02,  4.801591e-02],
 [ 1.009439e-01,  8.954699e-02, -4.703686e-02, -2.974418e-02,  3.809373e-02],
 [ 5.386695e-02,  1.892475e-02,  7.408732e-03,  2.178384e-02,  5.683442e-02],
 [ 6.354620e-02,  8.868248e-02, -3.583699e-02,  3.182943e-02,  1.113941e-02],
 [ 7.893196e-02,  1.041769e-01, -2.829016e-02,  4.200994e-02,  1.604746e-02],
 [ 5.580760e-04, -4.095734e-02,  3.809521e-02,  2.233711e-02,  5.455683e-03],
 [-2.076787e-02, -2.486677e-02,  1.051505e-02,  3.059272e-03,  1.593220e-02],
 [-9.299823e-03, -3.198436e-02,  1.442153e-02,  8.284696e-03,  1.432905e-02],
 [ 9.546772e-01,  1.147874e+00, -2.765911e-01, -1.157111e+00, -1.271896e+00]]
energy_short: [-0.860635,  0.531716,  0.528719, -0.434574, -0.233108, -0.285087, -0.535491, -0.474776, -0.469181, -0.595769,  0.54206 ,  0.537359, -0.588601]
energy_long: [0.067112, 0.12693 , 0.127112, 0.262406, 0.161443, 0.215583, 0.239424, 0.274743, 0.303151, 0.259442, 0.131485, 0.130695, 0.181517]