step=2903625, graph_id=0, num_atoms=13
scalar_charges: [-0.539406,  1.013716,  1.014219, -0.532708, -0.533649, -0.533398, -0.532582, -0.532746, -0.532771, -0.532349,  1.015063,  1.014649, -0.532529]
spherical_charges_l0: [[-0.353373],
 [ 0.001627],
 [ 0.000692],
 [ 0.000798],
 [-0.016073],
 [-0.02008 ],
 [-0.010764],
 [-0.015356],
 [-0.013263],
 [ 0.00525 ],
 [ 0.000409],
 [ 0.000861],
 [-0.379848]]
spherical_charges_l1: [[-1.289847e-02,  1.046538e+00,  6.336374e-01],
 [ 2.456555e-04,  6.232497e-03,  3.077789e-03],
 [ 3.336410e-04,  4.565992e-03,  2.375544e-03],
 [-3.618114e-02,  1.337638e-01,  2.631978e-02],
 [ 1.023292e-02,  4.593850e-03,  4.988528e-03],
 [ 1.105041e-02, -3.009113e-03,  1.969424e-03],
 [ 5.295771e-03, -8.330844e-04,  1.162799e-02],
 [-1.016629e-02,  5.881575e-03,  1.089810e-02],
 [ 6.773721e-03,  2.298124e-03,  1.962170e-02],
 [ 4.115855e-02, -1.029245e-01,  3.955287e-02],
 [ 1.962267e-03, -3.559467e-03,  1.811262e-03],
 [ 3.266104e-03, -3.976041e-03,  2.060950e-03],
 [ 5.894368e-01, -8.137422e-01,  6.237653e-01]]
spherical_charges_l2: [[ 0.87143 , -0.720693,  1.201309,  0.483339, -0.794669],
 [-0.022215,  0.012218, -0.016323,  0.006799,  0.009711],
 [-0.016755,  0.016461, -0.010633,  0.006065,  0.0113  ],
 [-0.011828,  0.049646,  0.028201,  0.011708,  0.024292],
 [ 0.102992,  0.070387, -0.041981, -0.07661 ,  0.041815],
 [ 0.085256,  0.077521, -0.041501, -0.023986,  0.032312],
 [ 0.043961,  0.016363,  0.006447,  0.018517,  0.047753],
 [ 0.054357,  0.075135, -0.029512,  0.025849,  0.009556],
 [ 0.067217,  0.088202, -0.024509,  0.036178,  0.012874],
 [ 0.002136, -0.031538,  0.028031,  0.01727 ,  0.002194],
 [-0.015502, -0.020775,  0.008883,  0.002945,  0.012592],
 [-0.008439, -0.025307,  0.011362,  0.006207,  0.011648],
 [ 0.791694,  0.946807, -0.226127, -0.964883, -1.058809]]
energy_short: [-0.96091 ,  0.590233,  0.587125, -0.492464, -0.254917, -0.31166 , -0.57197 , -0.501467, -0.492101, -0.633172,  0.604347,  0.598774, -0.710341]
energy_long: [0.081019, 0.143129, 0.14291 , 0.279927, 0.189408, 0.234048, 0.256663, 0.291272, 0.325498, 0.276713, 0.147703, 0.146701, 0.201918]