step=3556440, graph_id=0, num_atoms=13
scalar_charges: [-0.532097,  0.970316,  0.970775, -0.526369, -0.526457, -0.526481, -0.526472, -0.526459, -0.526459, -0.526325,  0.971025,  0.970726, -0.526667]
spherical_charges_l0: [[-0.330107],
 [ 0.001737],
 [ 0.00077 ],
 [ 0.000506],
 [-0.015208],
 [-0.019179],
 [-0.010695],
 [-0.014878],
 [-0.012992],
 [ 0.004869],
 [ 0.000529],
 [ 0.000987],
 [-0.355831]]
spherical_charges_l1: [[-1.357549e-02,  1.001743e+00,  6.057312e-01],
 [-1.175647e-04,  6.287013e-03,  2.828594e-03],
 [ 4.750582e-04,  4.419751e-03,  2.338151e-03],
 [-3.403533e-02,  1.246552e-01,  2.543614e-02],
 [ 1.025399e-02,  3.861875e-03,  5.461421e-03],
 [ 1.061020e-02, -1.668734e-03,  2.994176e-03],
 [ 4.693931e-03, -9.870437e-04,  1.014698e-02],
 [-9.217329e-03,  5.175927e-03,  1.066158e-02],
 [ 6.027039e-03,  2.656644e-03,  1.857828e-02],
 [ 3.820368e-02, -9.577938e-02,  3.711057e-02],
 [ 1.641656e-03, -3.782296e-03,  1.909626e-03],
 [ 3.542431e-03, -3.779231e-03,  1.973338e-03],
 [ 5.646926e-01, -7.790519e-01,  5.988717e-01]]
spherical_charges_l2: [[ 0.818766, -0.677061,  1.136175,  0.463558, -0.751117],
 [-0.023509,  0.012112, -0.017786,  0.006453,  0.010129],
 [-0.016922,  0.017863, -0.010784,  0.00619 ,  0.011878],
 [-0.012202,  0.045472,  0.027464,  0.011137,  0.022543],
 [ 0.096706,  0.067003, -0.040112, -0.070148,  0.039534],
 [ 0.080003,  0.070954, -0.037093, -0.025086,  0.030448],
 [ 0.042109,  0.01589 ,  0.006098,  0.01763 ,  0.045515],
 [ 0.049954,  0.07037 , -0.028318,  0.026018,  0.009073],
 [ 0.062893,  0.083311, -0.022999,  0.03305 ,  0.013338],
 [ 0.001472, -0.028912,  0.026792,  0.015808,  0.001831],
 [-0.016785, -0.020539,  0.008673,  0.003063,  0.013423],
 [-0.007906, -0.026261,  0.011796,  0.007164,  0.012242],
 [ 0.745419,  0.889006, -0.210693, -0.916562, -1.002248]]
energy_short: [-0.938472,  0.605485,  0.601368, -0.524419, -0.268348, -0.326835, -0.591847, -0.517062, -0.506292, -0.652985,  0.621402,  0.614296, -0.704037]
energy_long: [0.088871, 0.145905, 0.146324, 0.284495, 0.189747, 0.240331, 0.261411, 0.294537, 0.331503, 0.280766, 0.151388, 0.150119, 0.202518]