step=3364200, graph_id=0, num_atoms=13
scalar_charges: [-0.53139 ,  0.959295,  0.95989 , -0.524403, -0.524656, -0.524623, -0.524471, -0.52448 , -0.524483, -0.524345,  0.959184,  0.959284, -0.524671]
spherical_charges_l0: [[-0.336208],
 [ 0.001681],
 [ 0.000791],
 [ 0.000767],
 [-0.015087],
 [-0.019087],
 [-0.01072 ],
 [-0.014821],
 [-0.012849],
 [ 0.005039],
 [ 0.000503],
 [ 0.000953],
 [-0.359808]]
spherical_charges_l1: [[-1.356362e-02,  1.005665e+00,  6.057279e-01],
 [ 1.957688e-04,  5.911390e-03,  2.845159e-03],
 [ 2.099857e-04,  4.206500e-03,  2.120255e-03],
 [-3.430494e-02,  1.242547e-01,  2.484791e-02],
 [ 1.026576e-02,  4.377766e-03,  5.755622e-03],
 [ 1.127678e-02, -2.527556e-03,  2.956587e-03],
 [ 4.707301e-03, -8.162726e-04,  1.029131e-02],
 [-9.780233e-03,  5.638850e-03,  1.095066e-02],
 [ 6.406184e-03,  2.485750e-03,  1.924277e-02],
 [ 3.804465e-02, -9.592478e-02,  3.713139e-02],
 [ 1.946096e-03, -3.193060e-03,  1.631020e-03],
 [ 2.848458e-03, -3.823587e-03,  1.971845e-03],
 [ 5.629902e-01, -7.777291e-01,  5.972561e-01]]
spherical_charges_l2: [[ 0.821767, -0.682498,  1.146225,  0.469277, -0.760208],
 [-0.022594,  0.012079, -0.01685 ,  0.00659 ,  0.009837],
 [-0.016709,  0.016997, -0.010667,  0.006027,  0.011577],
 [-0.011847,  0.045868,  0.026554,  0.010778,  0.022774],
 [ 0.098305,  0.067371, -0.04012 , -0.071244,  0.039645],
 [ 0.081131,  0.07284 , -0.038226, -0.024825,  0.030983],
 [ 0.043211,  0.017107,  0.005696,  0.017749,  0.04634 ],
 [ 0.051361,  0.072374, -0.028688,  0.026022,  0.00958 ],
 [ 0.063938,  0.08488 , -0.023646,  0.034263,  0.013544],
 [ 0.001854, -0.028959,  0.026537,  0.015721,  0.001651],
 [-0.015818, -0.020258,  0.008596,  0.003138,  0.012921],
 [-0.008132, -0.025403,  0.0114  ,  0.006636,  0.011859],
 [ 0.747632,  0.89118 , -0.211709, -0.92281 , -1.009721]]
energy_short: [-0.930737,  0.599564,  0.595459, -0.513798, -0.260432, -0.318753, -0.583274, -0.508812, -0.498049, -0.644991,  0.615279,  0.608449, -0.692358]
energy_long: [0.087681, 0.144967, 0.144979, 0.282299, 0.188675, 0.237683, 0.257582, 0.293434, 0.328247, 0.278573, 0.149856, 0.148643, 0.204067]