step=889110, graph_id=0, num_atoms=13
scalar_charges: [-1.017626,  2.124188,  2.122168, -1.094188, -1.104417, -1.100843, -1.073769, -1.080819, -1.080797, -1.068172,  2.118581,  2.121544, -1.080339]
spherical_charges_l0: [[-1.776795e+00],
 [ 1.043802e-03],
 [-1.134605e-03],
 [ 2.144068e-02],
 [-8.908859e-02],
 [-9.866232e-02],
 [-5.689191e-02],
 [-7.672452e-02],
 [-7.417674e-02],
 [ 3.315061e-02],
 [-4.643941e-03],
 [-1.704763e-03],
 [-1.856877e+00]]
spherical_charges_l1: [[-3.187661e-02,  3.721603e+00,  2.209292e+00],
 [-1.949789e-04,  2.575254e-02,  1.251199e-02],
 [ 3.548868e-03,  1.840217e-02,  1.080937e-02],
 [-1.149332e-01,  4.517561e-01,  9.196954e-02],
 [ 7.680005e-04,  1.014297e-02, -2.286316e-02],
 [ 9.480045e-03, -1.948627e-02, -2.006892e-02],
 [ 1.642441e-02, -2.814316e-03,  3.570672e-02],
 [-2.429412e-02,  1.980053e-02,  1.192495e-02],
 [ 1.739431e-02, -5.171059e-03,  3.919969e-02],
 [ 1.445438e-01, -3.555380e-01,  1.400426e-01],
 [ 5.321330e-03, -1.645915e-02,  8.249124e-03],
 [ 1.583388e-02, -1.517744e-02,  7.981194e-03],
 [ 2.083955e+00, -2.911363e+00,  2.164860e+00]]
spherical_charges_l2: [[ 2.967406, -2.432079,  3.919995,  1.430143, -2.594156],
 [-0.083286,  0.066102, -0.053362,  0.03363 ,  0.043994],
 [-0.078475,  0.052076, -0.050086,  0.030728,  0.03747 ],
 [-0.006245,  0.141526,  0.119257,  0.03574 ,  0.061635],
 [ 0.348783,  0.234048, -0.119602, -0.240173,  0.123088],
 [ 0.26979 ,  0.237891, -0.144591, -0.079372,  0.123759],
 [ 0.140498,  0.057234,  0.012014,  0.05147 ,  0.13834 ],
 [ 0.180039,  0.24444 , -0.071976,  0.09065 ,  0.03121 ],
 [ 0.225137,  0.278502, -0.093749,  0.112649,  0.041883],
 [ 0.018733, -0.077878,  0.07383 ,  0.045418, -0.017441],
 [-0.042531, -0.095532,  0.042922,  0.012009,  0.039957],
 [-0.054209, -0.094815,  0.04185 ,  0.011369,  0.046064],
 [ 2.602971,  3.203073, -0.831785, -3.063071, -3.48925 ]]
energy_short: [-0.698925,  0.361925,  0.357436, -0.285257, -0.168557, -0.215979, -0.451195, -0.406004, -0.406069, -0.487682,  0.375702,  0.368873, -0.402328]
energy_long: [0.039507, 0.107509, 0.110221, 0.23877 , 0.134654, 0.204191, 0.229464, 0.245403, 0.293867, 0.234721, 0.114978, 0.114312, 0.161972]