step=2206755, graph_id=0, num_atoms=13
scalar_charges: [-0.607329,  1.134087,  1.136122, -0.605659, -0.60689 , -0.606664, -0.605086, -0.60537 , -0.605384, -0.604938,  1.130506,  1.131822, -0.604713]
spherical_charges_l0: [[-4.490424e-01],
 [ 1.402995e-03],
 [ 3.148421e-04],
 [ 1.232150e-03],
 [-2.103266e-02],
 [-2.603617e-02],
 [-1.446739e-02],
 [-2.017575e-02],
 [-1.769206e-02],
 [ 6.939203e-03],
 [-2.922698e-04],
 [ 3.785364e-04],
 [-4.782593e-01]]
spherical_charges_l1: [[-7.666610e-03,  1.300212e+00,  7.846541e-01],
 [-3.120145e-04,  7.510870e-03,  3.414446e-03],
 [ 7.620431e-04,  5.869713e-03,  3.137740e-03],
 [-4.187478e-02,  1.583735e-01,  3.102361e-02],
 [ 1.080568e-02,  4.502758e-03,  3.821437e-03],
 [ 1.198410e-02, -3.140888e-03,  1.367539e-03],
 [ 5.764619e-03, -9.186630e-04,  1.266402e-02],
 [-1.184468e-02,  6.356851e-03,  1.287111e-02],
 [ 7.910929e-03,  3.182909e-03,  2.280517e-02],
 [ 4.850043e-02, -1.210044e-01,  4.612700e-02],
 [ 1.509780e-03, -5.025549e-03,  2.514129e-03],
 [ 4.695471e-03, -4.585453e-03,  2.407722e-03],
 [ 7.319155e-01, -1.012024e+00,  7.702618e-01]]
spherical_charges_l2: [[ 1.048825, -0.879122,  1.44939 ,  0.591657, -0.957896],
 [-0.025541,  0.015354, -0.018652,  0.00835 ,  0.011767],
 [-0.020422,  0.019329, -0.013185,  0.007144,  0.013772],
 [-0.010766,  0.060016,  0.0314  ,  0.009613,  0.029032],
 [ 0.123938,  0.084024, -0.049322, -0.091545,  0.049052],
 [ 0.101941,  0.091569, -0.051662, -0.028992,  0.037652],
 [ 0.053377,  0.019873,  0.006558,  0.021429,  0.056173],
 [ 0.066399,  0.091363, -0.034318,  0.030438,  0.011036],
 [ 0.081703,  0.106262, -0.030573,  0.044349,  0.014654],
 [ 0.003849, -0.035652,  0.030486,  0.022434,  0.002405],
 [-0.017769, -0.024469,  0.01048 ,  0.003681,  0.014741],
 [-0.010436, -0.029402,  0.013169,  0.007069,  0.01377 ],
 [ 0.951576,  1.137779, -0.27153 , -1.169201, -1.281478]]
energy_short: [-0.850948,  0.529433,  0.526793, -0.417801, -0.214973, -0.267392, -0.51782 , -0.457303, -0.450817, -0.578647,  0.543399,  0.538037, -0.583734]
energy_long: [0.060436, 0.12436 , 0.124428, 0.263594, 0.161888, 0.217888, 0.237874, 0.272388, 0.301271, 0.261533, 0.129129, 0.128196, 0.186019]