step=552690, graph_id=0, num_atoms=13
scalar_charges: [-1.384236,  3.150797,  3.145518, -1.500795, -1.526953, -1.514172, -1.473214, -1.479603, -1.480853, -1.461128,  3.157772,  3.150739, -1.460305]
spherical_charges_l0: [[-2.928681],
 [-0.003323],
 [-0.008765],
 [ 0.02687 ],
 [-0.13184 ],
 [-0.148314],
 [-0.08685 ],
 [-0.115714],
 [-0.113944],
 [ 0.062462],
 [-0.015961],
 [-0.010996],
 [-3.058845]]
spherical_charges_l1: [[-6.873574e-02,  5.100563e+00,  3.035636e+00],
 [-5.070526e-04,  2.003525e-02,  8.913223e-03],
 [ 3.376021e-03,  1.246372e-02,  7.398518e-03],
 [-1.697354e-01,  7.248458e-01,  1.409895e-01],
 [-4.431201e-02,  2.581741e-03, -7.982419e-02],
 [-2.065526e-02, -2.808731e-02, -4.883017e-02],
 [ 2.522572e-02, -9.150250e-03,  4.641835e-02],
 [-1.872815e-02,  2.393917e-02, -8.244917e-03],
 [ 1.512180e-02, -1.919855e-02,  2.103062e-02],
 [ 2.230252e-01, -5.593764e-01,  2.182029e-01],
 [-5.486981e-03, -1.458945e-02,  6.966708e-03],
 [ 2.128602e-02, -1.956583e-03,  1.677563e-03],
 [ 2.889496e+00, -4.019454e+00,  3.017746e+00]]
spherical_charges_l2: [[ 3.739686e+00, -2.836680e+00,  4.924932e+00,  1.794373e+00, -3.139209e+00],
 [-9.333266e-02,  7.638241e-02, -5.135327e-02,  4.212899e-02,  4.902102e-02],
 [-9.427211e-02,  5.315156e-02, -5.605366e-02,  4.388732e-02,  3.339020e-02],
 [ 6.315110e-02,  1.924275e-01,  1.936319e-01,  5.204948e-02,  7.020546e-02],
 [ 4.803987e-01,  3.080490e-01, -1.514931e-01, -3.111143e-01,  1.584946e-01],
 [ 3.685709e-01,  3.380685e-01, -1.930761e-01, -1.170238e-01,  1.880517e-01],
 [ 2.183702e-01,  9.951214e-02,  1.554909e-02,  7.585210e-02,  2.120796e-01],
 [ 2.464374e-01,  3.596445e-01, -1.050101e-01,  1.391680e-01,  5.009295e-02],
 [ 3.052788e-01,  3.948351e-01, -1.372168e-01,  1.586844e-01,  6.781106e-02],
 [ 8.513115e-02, -4.233821e-02,  6.529746e-02,  6.706796e-02, -3.475416e-02],
 [-4.663848e-02, -1.071616e-01,  4.885156e-02,  4.493091e-03,  3.618445e-02],
 [-6.285544e-02, -1.069276e-01,  4.768456e-02,  3.801470e-03,  4.490360e-02],
 [ 3.296100e+00,  3.992603e+00, -9.966770e-01, -3.851480e+00, -4.321284e+00]]
energy_short: [-0.739482,  0.375975,  0.36961 , -0.276205, -0.185294, -0.225043, -0.449229, -0.411113, -0.413701, -0.473537,  0.388965,  0.380069, -0.441239]
energy_long: [0.056686, 0.117064, 0.117901, 0.251015, 0.125359, 0.224492, 0.248989, 0.269522, 0.314371, 0.246871, 0.120034, 0.119392, 0.170189]