step=925155, graph_id=0, num_atoms=13
scalar_charges: [-1.080503,  2.329345,  2.328565, -1.09074 , -1.091092, -1.090857, -1.090769, -1.091234, -1.091283, -1.090583,  2.322282,  2.326294, -1.091317]
spherical_charges_l0: [[-1.458063e+00],
 [ 3.497545e-03],
 [ 5.305653e-04],
 [ 6.786715e-03],
 [-8.063271e-02],
 [-8.985624e-02],
 [-5.184689e-02],
 [-6.875331e-02],
 [-6.506046e-02],
 [ 1.957276e-02],
 [-1.218016e-03],
 [ 7.815102e-04],
 [-1.520950e+00]]
spherical_charges_l1: [[-6.259546e-02,  3.025005e+00,  1.816538e+00],
 [-4.384452e-04,  1.809041e-02,  8.810788e-03],
 [ 2.866390e-03,  1.179555e-02,  7.645994e-03],
 [-1.166611e-01,  4.714420e-01,  8.783350e-02],
 [-1.084070e-02,  8.240107e-03, -3.328033e-02],
 [ 2.082997e-03, -1.716814e-02, -2.466607e-02],
 [ 1.547148e-02, -5.701901e-03,  2.755742e-02],
 [-2.129181e-02,  1.828693e-02,  6.523512e-03],
 [ 1.562115e-02, -9.016540e-03,  2.848860e-02],
 [ 1.459091e-01, -3.656094e-01,  1.345079e-01],
 [-2.418038e-04, -1.455501e-02,  7.130302e-03],
 [ 1.486956e-02, -8.317749e-03,  4.586597e-03],
 [ 1.694018e+00, -2.360156e+00,  1.809445e+00]]
spherical_charges_l2: [[ 2.350012, -2.042856,  3.442798,  1.521589, -2.287244],
 [-0.070865,  0.049019, -0.049843,  0.023462,  0.036162],
 [-0.059106,  0.051032, -0.038051,  0.023127,  0.034391],
 [-0.02369 ,  0.146087,  0.117527,  0.028777,  0.057085],
 [ 0.321936,  0.208344, -0.106773, -0.240434,  0.112473],
 [ 0.256169,  0.257049, -0.134266, -0.055547,  0.115741],
 [ 0.145359,  0.071811,  0.015628,  0.058281,  0.158314],
 [ 0.178372,  0.245408, -0.082211,  0.072069,  0.042351],
 [ 0.20734 ,  0.271243, -0.085012,  0.12506 ,  0.0394  ],
 [ 0.006344, -0.088566,  0.073005,  0.058381, -0.015305],
 [-0.043853, -0.069691,  0.030466,  0.008399,  0.036208],
 [-0.034852, -0.078857,  0.035061,  0.015721,  0.038004],
 [ 2.205104,  2.540535, -0.568081, -2.875833, -3.120559]]
energy_short: [-0.70135 ,  0.373369,  0.368301, -0.294604, -0.17737 , -0.221962, -0.456982, -0.411837, -0.412293, -0.493894,  0.387867,  0.380584, -0.402643]
energy_long: [0.058121, 0.106114, 0.108284, 0.243677, 0.141643, 0.212544, 0.240218, 0.252117, 0.291006, 0.241053, 0.111281, 0.110851, 0.167856]