step=392490, graph_id=0, num_atoms=13
scalar_charges: [-1.542599,  4.388468,  4.391155, -1.615462, -1.649805, -1.627652, -1.594462, -1.598029, -1.603354, -1.583734,  4.390418,  4.39087 , -1.586227]
spherical_charges_l0: [[-3.627463],
 [-0.028123],
 [-0.031774],
 [-0.010653],
 [-0.13883 ],
 [-0.151773],
 [-0.091041],
 [-0.119953],
 [-0.118346],
 [ 0.04297 ],
 [-0.035764],
 [-0.029234],
 [-3.727226]]
spherical_charges_l1: [[ 5.127374e-03,  5.999408e+00,  3.486029e+00],
 [ 1.479755e-02, -2.681020e-03,  5.222447e-03],
 [-2.113096e-02,  9.668273e-04, -1.006892e-02],
 [-1.618234e-01,  8.046487e-01,  1.885801e-01],
 [-6.727614e-02,  1.600218e-02, -1.120613e-01],
 [-4.443855e-02, -6.003125e-02, -7.685250e-02],
 [ 2.673557e-02, -8.047951e-03,  4.593733e-02],
 [-1.271562e-02,  4.072522e-02, -3.870593e-02],
 [ 1.238875e-02, -4.716781e-02, -4.853122e-03],
 [ 2.641556e-01, -6.299031e-01,  2.559657e-01],
 [-1.521419e-02,  3.508171e-03, -2.228365e-03],
 [ 3.112733e-04,  4.916852e-03, -2.393693e-03],
 [ 3.463778e+00, -4.795230e+00,  3.472598e+00]]
spherical_charges_l2: [[ 3.737587e+00, -2.947492e+00,  5.259646e+00,  2.171091e+00, -3.347054e+00],
 [-1.495060e-01,  1.562653e-01, -7.738082e-02,  7.446460e-02,  9.331975e-02],
 [-1.730229e-01,  8.142519e-02, -1.141148e-01,  6.532941e-02,  6.145906e-02],
 [ 1.089581e-01,  1.818516e-01,  3.151800e-01,  7.727398e-02, -3.229020e-03],
 [ 4.246137e-01,  2.689676e-01, -1.112502e-01, -2.684187e-01,  1.355868e-01],
 [ 3.346394e-01,  3.205673e-01, -1.485786e-01, -9.980066e-02,  1.895949e-01],
 [ 2.358814e-01,  1.143951e-01,  1.690545e-02,  7.773869e-02,  2.257320e-01],
 [ 2.268874e-01,  3.515546e-01, -1.092039e-01,  1.429818e-01,  6.098706e-02],
 [ 2.791816e-01,  3.809870e-01, -1.286705e-01,  1.503985e-01,  8.016717e-02],
 [ 1.411613e-01,  4.312128e-03,  4.317284e-02,  1.126821e-02, -1.516277e-01],
 [-6.101592e-02, -1.871873e-01,  8.557984e-02,  2.408847e-02,  6.592762e-02],
 [-1.239300e-01, -1.653935e-01,  7.227427e-02,  1.386108e-03,  8.082035e-02],
 [ 3.361992e+00,  3.982284e+00, -9.436200e-01, -4.192961e+00, -4.607626e+00]]
energy_short: [-0.670844,  0.285343,  0.281854, -0.281093, -0.176832, -0.215828, -0.442933, -0.403624, -0.406735, -0.481069,  0.303724,  0.293506, -0.383052]
energy_long: [0.0753  , 0.121888, 0.121325, 0.262204, 0.152339, 0.247043, 0.240026, 0.268494, 0.333301, 0.25504 , 0.124249, 0.122589, 0.192444]