step=1133415, graph_id=0, num_atoms=13
scalar_charges: [-0.901328,  1.817994,  1.820883, -0.922704, -0.923478, -0.923206, -0.921275, -0.921671, -0.921606, -0.917825,  1.81582 ,  1.817311, -0.921123]
spherical_charges_l0: [[-1.153311e+00],
 [ 2.589310e-03],
 [ 3.008179e-06],
 [ 1.005208e-02],
 [-5.304176e-02],
 [-6.129873e-02],
 [-3.583935e-02],
 [-4.804748e-02],
 [-4.485333e-02],
 [ 2.511609e-02],
 [-1.310839e-03],
 [ 3.333001e-04],
 [-1.221432e+00]]
spherical_charges_l1: [[-1.435587e-02,  2.730211e+00,  1.643497e+00],
 [-2.668971e-03,  2.198409e-02,  9.184767e-03],
 [ 4.334556e-03,  1.352966e-02,  9.022442e-03],
 [-9.323271e-02,  3.624182e-01,  6.603946e-02],
 [ 2.585202e-03,  7.179844e-03, -1.142904e-02],
 [ 1.312369e-02, -1.305684e-02, -1.081085e-02],
 [ 1.256188e-02, -2.106612e-03,  2.525595e-02],
 [-2.085502e-02,  1.544977e-02,  1.310969e-02],
 [ 1.445815e-02, -1.665703e-03,  3.200986e-02],
 [ 1.110389e-01, -2.805517e-01,  1.021026e-01],
 [-2.367703e-03, -1.361548e-02,  6.596353e-03],
 [ 1.596547e-02, -7.132399e-03,  4.040814e-03],
 [ 1.555110e+00, -2.149627e+00,  1.621957e+00]]
spherical_charges_l2: [[ 2.140633e+00, -1.727893e+00,  2.964859e+00,  1.213111e+00, -1.929073e+00],
 [-5.816234e-02,  4.019319e-02, -3.994289e-02,  1.974566e-02,  3.002250e-02],
 [-5.015339e-02,  4.197653e-02, -3.279605e-02,  1.955380e-02,  2.870001e-02],
 [-1.781771e-02,  1.220906e-01,  9.268037e-02,  3.534986e-02,  5.878387e-02],
 [ 2.336861e-01,  1.583990e-01, -7.655491e-02, -1.712000e-01,  9.101095e-02],
 [ 1.935194e-01,  1.774287e-01, -8.614491e-02, -5.323211e-02,  7.797953e-02],
 [ 1.095991e-01,  4.629819e-02,  1.276397e-02,  4.253122e-02,  1.150430e-01],
 [ 1.247768e-01,  1.760087e-01, -7.063808e-02,  6.080707e-02,  2.712245e-02],
 [ 1.524322e-01,  2.043278e-01, -5.604871e-02,  8.828238e-02,  3.609379e-02],
 [ 1.356142e-02, -7.922033e-02,  7.608812e-02,  3.532514e-02,  5.669930e-04],
 [-3.938802e-02, -6.252302e-02,  2.727839e-02,  8.294707e-03,  3.319249e-02],
 [-3.130163e-02, -6.920861e-02,  3.073453e-02,  1.362882e-02,  3.362000e-02],
 [ 1.949414e+00,  2.333573e+00, -5.572214e-01, -2.355768e+00, -2.596260e+00]]
energy_short: [-0.750185,  0.380423,  0.375201, -0.289095, -0.161646, -0.20738 , -0.444005, -0.396274, -0.395084, -0.484503,  0.387789,  0.383092, -0.449195]
energy_long: [0.043503, 0.108085, 0.10997 , 0.235675, 0.134188, 0.196909, 0.228978, 0.245387, 0.281371, 0.230439, 0.113319, 0.112862, 0.141495]