step=1029285, graph_id=0, num_atoms=13
scalar_charges: [-0.971975,  2.084429,  2.086205, -1.015749, -1.020684, -1.019008, -1.008044, -1.010718, -1.01072 , -1.005826,  2.078985,  2.081964, -1.006907]
spherical_charges_l0: [[-1.415677e+00],
 [ 4.496398e-03],
 [-1.124071e-03],
 [ 1.411304e-02],
 [-7.053632e-02],
 [-7.984436e-02],
 [-4.774661e-02],
 [-6.337037e-02],
 [-5.972377e-02],
 [ 2.965769e-02],
 [-3.201493e-03],
 [-7.085627e-04],
 [-1.489226e+00]]
spherical_charges_l1: [[-7.739221e-02,  3.220254e+00,  1.900635e+00],
 [ 1.378108e-03,  1.246842e-02,  6.668096e-03],
 [-1.815410e-03,  1.045699e-02,  4.645385e-03],
 [-1.224825e-01,  4.446958e-01,  8.706560e-02],
 [-8.582926e-03,  1.141912e-02, -2.948996e-02],
 [ 8.619388e-03, -1.778987e-02, -1.905002e-02],
 [ 1.437706e-02, -4.955464e-03,  2.669307e-02],
 [-2.383370e-02,  1.724450e-02,  1.273810e-02],
 [ 1.686895e-02, -4.754222e-03,  3.557449e-02],
 [ 1.259317e-01, -3.299799e-01,  1.299119e-01],
 [-1.536865e-03, -8.110801e-03,  3.924735e-03],
 [ 9.265195e-03, -5.194359e-03,  2.863810e-03],
 [ 1.804257e+00, -2.537039e+00,  1.913357e+00]]
spherical_charges_l2: [[ 2.477542, -2.031545,  3.375274,  1.312718, -2.217979],
 [-0.067966,  0.049957, -0.046632,  0.024484,  0.035714],
 [-0.064121,  0.045042, -0.03886 ,  0.026273,  0.030936],
 [-0.012748,  0.153109,  0.091958,  0.037048,  0.073101],
 [ 0.317285,  0.204046, -0.095595, -0.220983,  0.10709 ],
 [ 0.241742,  0.228294, -0.121576, -0.058347,  0.117455],
 [ 0.129421,  0.063756,  0.008526,  0.046571,  0.130716],
 [ 0.168524,  0.229949, -0.067234,  0.07403 ,  0.040099],
 [ 0.201216,  0.253972, -0.086527,  0.116709,  0.04398 ],
 [ 0.018418, -0.083159,  0.07355 ,  0.056682,  0.010343],
 [-0.038743, -0.077347,  0.034523,  0.00871 ,  0.03393 ],
 [-0.041706, -0.078543,  0.03484 ,  0.010082,  0.036903],
 [ 2.245695,  2.713208, -0.657734, -2.719292, -3.013528]]
energy_short: [-0.728473,  0.383863,  0.378565, -0.259432, -0.147753, -0.189709, -0.423395, -0.377082, -0.376293, -0.449727,  0.393873,  0.387678, -0.430153]
energy_long: [0.04286 , 0.101565, 0.103571, 0.233663, 0.137447, 0.205225, 0.220489, 0.251341, 0.268085, 0.231602, 0.107904, 0.107049, 0.156827]