step=1305630, graph_id=0, num_atoms=13
scalar_charges: [-0.797401,  1.651097,  1.655763, -0.822667, -0.828822, -0.827093, -0.816667, -0.818747, -0.818802, -0.812778,  1.648758,  1.650513, -0.816592]
spherical_charges_l0: [[-9.645742e-01],
 [ 3.619202e-03],
 [ 1.121776e-04],
 [ 4.071716e-03],
 [-4.270233e-02],
 [-4.974206e-02],
 [-2.568129e-02],
 [-3.823803e-02],
 [-3.534481e-02],
 [ 1.412713e-02],
 [-3.478887e-04],
 [ 9.026022e-04],
 [-1.020673e+00]]
spherical_charges_l1: [[-7.181270e-03,  2.362277e+00,  1.413980e+00],
 [-3.333932e-03,  1.504653e-02,  5.230471e-03],
 [ 4.136192e-03,  8.154554e-03,  5.926056e-03],
 [-7.822550e-02,  2.856617e-01,  5.731404e-02],
 [ 1.161291e-02,  8.640086e-03, -1.461846e-03],
 [ 1.649122e-02, -1.011298e-02, -3.428247e-03],
 [ 1.079329e-02, -2.158722e-03,  2.335072e-02],
 [-1.939332e-02,  1.091360e-02,  1.739023e-02],
 [ 1.362392e-02,  2.087265e-03,  3.515311e-02],
 [ 8.381165e-02, -2.156346e-01,  8.447333e-02],
 [-1.825749e-03, -1.062768e-02,  5.145609e-03],
 [ 1.177932e-02, -5.138686e-03,  2.917285e-03],
 [ 1.335395e+00, -1.858458e+00,  1.390423e+00]]
spherical_charges_l2: [[ 1.899384e+00, -1.565149e+00,  2.551442e+00,  9.538894e-01, -1.702018e+00],
 [-4.981289e-02,  3.368957e-02, -3.467745e-02,  1.653318e-02,  2.459875e-02],
 [-4.274212e-02,  3.455609e-02, -2.685311e-02,  1.666466e-02,  2.314360e-02],
 [-1.135831e-02,  1.054972e-01,  6.734129e-02,  2.361681e-02,  4.967997e-02],
 [ 2.172396e-01,  1.422596e-01, -7.214520e-02, -1.562382e-01,  7.956214e-02],
 [ 1.750203e-01,  1.591952e-01, -8.097212e-02, -4.688474e-02,  7.524692e-02],
 [ 9.586503e-02,  3.434557e-02,  1.095608e-02,  3.690735e-02,  9.625065e-02],
 [ 1.134018e-01,  1.593631e-01, -5.790568e-02,  5.767422e-02,  2.433253e-02],
 [ 1.402383e-01,  1.823832e-01, -5.463671e-02,  7.865933e-02,  3.295052e-02],
 [ 1.351706e-02, -5.973217e-02,  5.435310e-02,  3.596495e-02,  8.989404e-04],
 [-2.887305e-02, -5.428988e-02,  2.408135e-02,  6.684954e-03,  2.528568e-02],
 [-2.758011e-02, -5.714239e-02,  2.540747e-02,  9.079660e-03,  2.681103e-02],
 [ 1.696159e+00,  2.083211e+00, -5.243982e-01, -2.021199e+00, -2.264608e+00]]
energy_short: [-0.767782,  0.414777,  0.409166, -0.330936, -0.180149, -0.226795, -0.471652, -0.417573, -0.413954, -0.51452 ,  0.422313,  0.418011, -0.470843]
energy_long: [0.040927, 0.105684, 0.107906, 0.229923, 0.136558, 0.190126, 0.222593, 0.239079, 0.27935 , 0.22629 , 0.112306, 0.111499, 0.156375]