step=1301625, graph_id=0, num_atoms=13
scalar_charges: [-0.801182,  1.669324,  1.672976, -0.80882 , -0.813687, -0.811924, -0.806217, -0.807795, -0.807959, -0.807117,  1.666779,  1.668003, -0.805818]
spherical_charges_l0: [[-0.973287],
 [ 0.001453],
 [-0.001694],
 [ 0.00631 ],
 [-0.044034],
 [-0.053703],
 [-0.028968],
 [-0.042009],
 [-0.038824],
 [ 0.016987],
 [-0.003051],
 [-0.001616],
 [-1.021394]]
spherical_charges_l1: [[-1.582187e-02,  2.289435e+00,  1.377762e+00],
 [-2.557943e-03,  1.679100e-02,  6.556517e-03],
 [ 2.867281e-03,  1.054790e-02,  6.508328e-03],
 [-8.192220e-02,  3.135240e-01,  6.399305e-02],
 [ 1.403146e-02,  7.433571e-03,  3.039581e-03],
 [ 1.699992e-02, -9.038321e-03, -1.482168e-03],
 [ 1.106612e-02, -2.576116e-03,  2.291905e-02],
 [-1.876548e-02,  1.119269e-02,  1.739252e-02],
 [ 1.366232e-02,  2.982727e-03,  3.631521e-02],
 [ 9.492273e-02, -2.398413e-01,  9.395915e-02],
 [-8.130621e-04, -1.085820e-02,  5.293461e-03],
 [ 1.169664e-02, -6.328623e-03,  3.498843e-03],
 [ 1.287524e+00, -1.778582e+00,  1.353778e+00]]
spherical_charges_l2: [[ 1.882659, -1.537135,  2.564024,  0.986659, -1.693956],
 [-0.052819,  0.036791, -0.036562,  0.018347,  0.026442],
 [-0.046388,  0.037317, -0.029821,  0.017266,  0.026356],
 [-0.011944,  0.113586,  0.065934,  0.024597,  0.061934],
 [ 0.23041 ,  0.149256, -0.070663, -0.157884,  0.082717],
 [ 0.186489,  0.166341, -0.085372, -0.055444,  0.077939],
 [ 0.105957,  0.041314,  0.008648,  0.038093,  0.102883],
 [ 0.119254,  0.16933 , -0.063951,  0.063493,  0.024133],
 [ 0.147425,  0.193331, -0.055957,  0.082035,  0.038155],
 [ 0.01416 , -0.063535,  0.06035 ,  0.037659,  0.00514 ],
 [-0.031647, -0.058713,  0.02585 ,  0.009558,  0.029678],
 [-0.030285, -0.061213,  0.027097,  0.01087 ,  0.030169],
 [ 1.686347,  2.03999 , -0.498551, -2.018435, -2.241829]]
energy_short: [-0.750433,  0.410808,  0.40591 , -0.312405, -0.171713, -0.219   , -0.460355, -0.409028, -0.406445, -0.498999,  0.421365,  0.416045, -0.456563]
energy_long: [0.044752, 0.107359, 0.109066, 0.230611, 0.128909, 0.194758, 0.207502, 0.24138 , 0.279404, 0.226951, 0.113705, 0.112956, 0.152683]