step=1690110, graph_id=0, num_atoms=13
scalar_charges: [-0.683699,  1.38392 ,  1.386888, -0.698886, -0.704376, -0.70328 , -0.694242, -0.695449, -0.695383, -0.69004 ,  1.378412,  1.380494, -0.69285 ]
spherical_charges_l0: [[-0.657862],
 [ 0.002362],
 [ 0.001395],
 [ 0.01043 ],
 [-0.029781],
 [-0.035624],
 [-0.020097],
 [-0.028206],
 [-0.025364],
 [ 0.018322],
 [ 0.000779],
 [ 0.00144 ],
 [-0.699359]]
spherical_charges_l1: [[-1.792322e-02,  1.725700e+00,  1.042157e+00],
 [ 2.211087e-04,  1.119457e-02,  5.321007e-03],
 [ 8.988888e-05,  1.030591e-02,  4.969436e-03],
 [-5.871915e-02,  2.297498e-01,  4.782008e-02],
 [ 1.530009e-02,  7.700377e-03,  4.949337e-03],
 [ 1.668473e-02, -7.235561e-03,  1.484993e-03],
 [ 8.685776e-03, -5.301448e-04,  1.946997e-02],
 [-1.610826e-02,  9.304704e-03,  1.613753e-02],
 [ 1.090723e-02,  3.148170e-03,  3.111529e-02],
 [ 7.277945e-02, -1.787882e-01,  6.949770e-02],
 [ 1.736235e-03, -7.532871e-03,  3.750798e-03],
 [ 7.223668e-03, -6.757805e-03,  3.558437e-03],
 [ 9.785556e-01, -1.349495e+00,  1.030763e+00]]
spherical_charges_l2: [[ 1.389478, -1.142584,  1.917334,  0.760416, -1.264985],
 [-0.033785,  0.021981, -0.022869,  0.012022,  0.016116],
 [-0.027683,  0.023611, -0.017614,  0.011002,  0.015961],
 [-0.010878,  0.081257,  0.039882,  0.009125,  0.043228],
 [ 0.163145,  0.104968, -0.049449, -0.116374,  0.065243],
 [ 0.131221,  0.118457, -0.057416, -0.033402,  0.053673],
 [ 0.070979,  0.02518 ,  0.008908,  0.027875,  0.072945],
 [ 0.084044,  0.117427, -0.046021,  0.041684,  0.019477],
 [ 0.103384,  0.136847, -0.038223,  0.060816,  0.026715],
 [ 0.005191, -0.04873 ,  0.042763,  0.029967,  0.005397],
 [-0.021029, -0.033672,  0.014739,  0.00396 ,  0.017319],
 [-0.015963, -0.038065,  0.017017,  0.007093,  0.01741 ],
 [ 1.270606,  1.520133, -0.366407, -1.536545, -1.698872]]
energy_short: [-0.804077,  0.462021,  0.458871, -0.353264, -0.178393, -0.22758 , -0.468942, -0.41699 , -0.41385 , -0.531781,  0.471312,  0.46748 , -0.514768]
energy_long: [0.044605, 0.112433, 0.113028, 0.239331, 0.142565, 0.190862, 0.217901, 0.24523 , 0.289091, 0.234596, 0.117838, 0.116892, 0.161182]