step=3680595, graph_id=0, num_atoms=13
scalar_charges: [-0.539266,  0.974676,  0.975614, -0.530088, -0.529992, -0.530066, -0.530277, -0.5302  , -0.530191, -0.530151,  0.974297,  0.974466, -0.530768]
spherical_charges_l0: [[-0.331445],
 [ 0.00177 ],
 [ 0.000812],
 [ 0.000656],
 [-0.015221],
 [-0.019135],
 [-0.010772],
 [-0.014869],
 [-0.012952],
 [ 0.00504 ],
 [ 0.000538],
 [ 0.001016],
 [-0.357893]]
spherical_charges_l1: [[-1.358382e-02,  1.013844e+00,  6.105394e-01],
 [ 1.306589e-05,  6.209209e-03,  2.855770e-03],
 [ 3.818856e-04,  4.372171e-03,  2.287075e-03],
 [-3.410763e-02,  1.248588e-01,  2.545037e-02],
 [ 1.046673e-02,  4.183014e-03,  5.700877e-03],
 [ 1.093368e-02, -2.257241e-03,  2.750681e-03],
 [ 4.670072e-03, -9.647669e-04,  9.975768e-03],
 [-9.602283e-03,  5.588630e-03,  1.066386e-02],
 [ 6.300271e-03,  2.417475e-03,  1.891823e-02],
 [ 3.833052e-02, -9.602752e-02,  3.732036e-02],
 [ 1.498825e-03, -3.633943e-03,  1.832166e-03],
 [ 3.516182e-03, -3.643421e-03,  1.905896e-03],
 [ 5.733079e-01, -7.900594e-01,  6.061296e-01]]
spherical_charges_l2: [[ 0.823393, -0.683126,  1.142835,  0.465727, -0.757063],
 [-0.023911,  0.011677, -0.018083,  0.006434,  0.010009],
 [-0.016764,  0.018297, -0.010547,  0.006378,  0.011907],
 [-0.011646,  0.044909,  0.027407,  0.010996,  0.021799],
 [ 0.098186,  0.06745 , -0.040221, -0.071138,  0.039958],
 [ 0.080676,  0.072288, -0.037448, -0.024604,  0.031029],
 [ 0.042364,  0.016703,  0.006241,  0.017913,  0.046352],
 [ 0.050867,  0.071476, -0.028511,  0.025827,  0.009749],
 [ 0.063587,  0.084277, -0.023441,  0.034024,  0.013571],
 [ 0.001706, -0.028339,  0.026277,  0.016   ,  0.001737],
 [-0.017144, -0.020353,  0.008576,  0.002804,  0.013389],
 [-0.00759 , -0.026502,  0.011927,  0.007269,  0.012165],
 [ 0.75096 ,  0.897187, -0.213374, -0.92274 , -1.009937]]
energy_short: [-0.939508,  0.608087,  0.60369 , -0.521188, -0.267375, -0.326216, -0.591886, -0.516877, -0.505834, -0.648708,  0.623922,  0.616668, -0.705958]
energy_long: [0.086141, 0.146228, 0.14674 , 0.28503 , 0.190114, 0.23989 , 0.258409, 0.295239, 0.332076, 0.281135, 0.151657, 0.150548, 0.201976]