step=2931660, graph_id=0, num_atoms=13
scalar_charges: [-0.535562,  1.004211,  1.004958, -0.527961, -0.528951, -0.528696, -0.527826, -0.528006, -0.528037, -0.52758 ,  1.005055,  1.00486 , -0.52783 ]
spherical_charges_l0: [[-3.457734e-01],
 [ 1.301195e-03],
 [ 5.929125e-04],
 [ 1.559273e-03],
 [-1.662997e-02],
 [-2.067205e-02],
 [-1.143630e-02],
 [-1.608483e-02],
 [-1.408551e-02],
 [ 6.166483e-03],
 [ 1.091630e-04],
 [ 6.198147e-04],
 [-3.746001e-01]]
spherical_charges_l1: [[-1.037849e-02,  1.047767e+00,  6.345674e-01],
 [-4.669187e-04,  6.577485e-03,  2.898267e-03],
 [ 1.082797e-03,  4.495505e-03,  2.741779e-03],
 [-3.513726e-02,  1.284693e-01,  2.588950e-02],
 [ 1.079190e-02,  3.824653e-03,  5.196679e-03],
 [ 1.088672e-02, -2.071036e-03,  2.105837e-03],
 [ 5.148504e-03, -7.363501e-04,  1.129840e-02],
 [-9.857622e-03,  5.235038e-03,  1.105783e-02],
 [ 6.496839e-03,  2.927318e-03,  1.952312e-02],
 [ 3.940976e-02, -9.843589e-02,  3.842054e-02],
 [ 7.612713e-04, -4.228670e-03,  2.098825e-03],
 [ 4.373149e-03, -3.346944e-03,  1.789657e-03],
 [ 5.963370e-01, -8.197892e-01,  6.294958e-01]]
spherical_charges_l2: [[ 0.86252 , -0.7121  ,  1.206626,  0.49602 , -0.797159],
 [-0.022624,  0.011807, -0.016632,  0.006738,  0.009648],
 [-0.016491,  0.016956, -0.010655,  0.005969,  0.011517],
 [-0.010827,  0.04831 ,  0.029602,  0.012154,  0.024307],
 [ 0.102048,  0.070436, -0.041567, -0.075275,  0.041576],
 [ 0.084356,  0.075474, -0.040793, -0.024464,  0.032458],
 [ 0.043982,  0.01639 ,  0.006251,  0.018263,  0.047042],
 [ 0.05371 ,  0.074468, -0.028593,  0.026422,  0.009642],
 [ 0.066989,  0.087566, -0.024862,  0.035523,  0.012994],
 [ 0.002759, -0.030591,  0.028579,  0.016929,  0.003074],
 [-0.016291, -0.019932,  0.008427,  0.002824,  0.012896],
 [-0.00781 , -0.025291,  0.011364,  0.006666,  0.011695],
 [ 0.793491,  0.939825, -0.221362, -0.976657, -1.069094]]
energy_short: [-0.955017,  0.582866,  0.579629, -0.49903 , -0.259971, -0.317265, -0.578354, -0.507656, -0.49806 , -0.637239,  0.595854,  0.590346, -0.702867]
energy_long: [0.082852, 0.143871, 0.143822, 0.280375, 0.187119, 0.236366, 0.255889, 0.293502, 0.320692, 0.2769  , 0.147908, 0.146916, 0.198763]