step=3540420, graph_id=0, num_atoms=13
scalar_charges: [-0.533804,  0.968507,  0.969176, -0.529542, -0.529625, -0.529653, -0.529612, -0.529608, -0.529606, -0.529466,  0.969022,  0.968896, -0.529708]
spherical_charges_l0: [[-0.334247],
 [ 0.001799],
 [ 0.00074 ],
 [ 0.000653],
 [-0.01514 ],
 [-0.019158],
 [-0.010757],
 [-0.014966],
 [-0.013047],
 [ 0.005049],
 [ 0.000516],
 [ 0.000998],
 [-0.360164]]
spherical_charges_l1: [[-1.378656e-02,  1.006657e+00,  6.076997e-01],
 [-5.385387e-05,  6.279970e-03,  2.868128e-03],
 [ 5.003152e-04,  4.247892e-03,  2.276215e-03],
 [-3.393376e-02,  1.247069e-01,  2.533150e-02],
 [ 1.041402e-02,  4.004551e-03,  5.481529e-03],
 [ 1.077589e-02, -2.021987e-03,  2.694564e-03],
 [ 4.751601e-03, -8.659000e-04,  1.027841e-02],
 [-9.426103e-03,  5.321348e-03,  1.061352e-02],
 [ 6.178960e-03,  2.591879e-03,  1.879228e-02],
 [ 3.828657e-02, -9.575956e-02,  3.717519e-02],
 [ 1.729150e-03, -3.685759e-03,  1.865393e-03],
 [ 3.473323e-03, -3.786473e-03,  1.974693e-03],
 [ 5.681434e-01, -7.830861e-01,  6.019701e-01]]
spherical_charges_l2: [[ 0.831076, -0.688172,  1.148752,  0.464548, -0.760373],
 [-0.023741,  0.01107 , -0.01804 ,  0.006368,  0.009656],
 [-0.016399,  0.018279, -0.010162,  0.006317,  0.011888],
 [-0.011242,  0.045546,  0.027453,  0.010307,  0.022758],
 [ 0.098006,  0.066969, -0.03899 , -0.07082 ,  0.039686],
 [ 0.080182,  0.071492, -0.03719 , -0.02411 ,  0.030918],
 [ 0.041918,  0.015711,  0.005996,  0.017467,  0.04518 ],
 [ 0.050491,  0.070779, -0.028122,  0.025622,  0.009532],
 [ 0.063229,  0.083502, -0.023323,  0.033933,  0.013543],
 [ 0.001978, -0.028299,  0.026297,  0.016682,  0.001932],
 [-0.017245, -0.019912,  0.008359,  0.002712,  0.013343],
 [-0.00708 , -0.026253,  0.011837,  0.007323,  0.011907],
 [ 0.754358,  0.903464, -0.215726, -0.924671, -1.013072]]
energy_short: [-0.943831,  0.603745,  0.599517, -0.525273, -0.270707, -0.329452, -0.594371, -0.519751, -0.509078, -0.654854,  0.619299,  0.612221, -0.706879]
energy_long: [0.085373, 0.145955, 0.146244, 0.285259, 0.190592, 0.240197, 0.260427, 0.296184, 0.332409, 0.281677, 0.151175, 0.149979, 0.204061]