step=937170, graph_id=0, num_atoms=13
scalar_charges: [-1.013694,  2.199674,  2.198692, -1.076261, -1.083754, -1.081118, -1.063649, -1.068569, -1.068624, -1.060981,  2.193472,  2.196402, -1.062958]
spherical_charges_l0: [[-1.569989e+00],
 [ 6.014774e-04],
 [-3.331144e-03],
 [ 1.361662e-02],
 [-7.461680e-02],
 [-8.446665e-02],
 [-4.591367e-02],
 [-6.477401e-02],
 [-6.196421e-02],
 [ 2.759426e-02],
 [-6.605131e-03],
 [-3.652115e-03],
 [-1.683083e+00]]
spherical_charges_l1: [[-1.173466e-03,  3.422134e+00,  2.032325e+00],
 [-6.308026e-03,  2.359490e-02,  7.473368e-03],
 [ 8.518151e-03,  1.031852e-02,  8.861294e-03],
 [-1.153927e-01,  4.523308e-01,  8.925225e-02],
 [-5.458768e-03,  8.524274e-03, -2.164671e-02],
 [ 7.765995e-03, -1.457834e-02, -1.412118e-02],
 [ 1.416539e-02, -3.298702e-03,  3.029764e-02],
 [-2.010183e-02,  1.564104e-02,  1.296187e-02],
 [ 1.494216e-02, -3.166076e-03,  3.422927e-02],
 [ 1.408875e-01, -3.507295e-01,  1.375961e-01],
 [-4.432662e-03, -1.636143e-02,  7.869019e-03],
 [ 2.056056e-02, -5.341271e-03,  3.312474e-03],
 [ 1.973773e+00, -2.733382e+00,  2.026027e+00]]
spherical_charges_l2: [[ 2.69218 , -2.148619,  3.623408,  1.361736, -2.389038],
 [-0.074591,  0.050439, -0.04995 ,  0.027088,  0.036413],
 [-0.064089,  0.051559, -0.039127,  0.027283,  0.034307],
 [-0.018283,  0.133528,  0.116589,  0.042238,  0.058605],
 [ 0.315057,  0.209324, -0.100129, -0.20478 ,  0.107723],
 [ 0.247739,  0.211994, -0.121931, -0.078417,  0.110149],
 [ 0.136191,  0.051265,  0.009078,  0.047173,  0.12791 ],
 [ 0.159579,  0.223172, -0.073135,  0.088058,  0.02691 ],
 [ 0.202941,  0.254849, -0.081564,  0.101065,  0.046812],
 [ 0.017464, -0.08063 ,  0.080002,  0.037715, -0.013252],
 [-0.048823, -0.076247,  0.033454,  0.006596,  0.037793],
 [-0.036981, -0.085883,  0.038434,  0.014498,  0.038489],
 [ 2.422236,  2.943999, -0.742957, -2.869273, -3.232911]]
energy_short: [-0.773428,  0.373647,  0.367584, -0.304759, -0.184651, -0.229029, -0.463636, -0.418818, -0.419185, -0.510187,  0.386368,  0.379125, -0.463987]
energy_long: [0.049048, 0.112594, 0.114604, 0.243729, 0.138854, 0.209135, 0.227924, 0.250127, 0.296349, 0.24041 , 0.11827 , 0.11725 , 0.15855 ]