step=668835, graph_id=0, num_atoms=13
scalar_charges: [-1.273402,  3.17767 ,  3.175497, -1.349846, -1.362814, -1.357154, -1.326437, -1.33242 , -1.332039, -1.320797,  3.177526,  3.1762  , -1.329109]
spherical_charges_l0: [[-2.287317e+00],
 [-5.244765e-04],
 [-3.549628e-03],
 [ 4.961152e-02],
 [-1.128799e-01],
 [-1.252992e-01],
 [-7.679752e-02],
 [-9.909907e-02],
 [-9.846292e-02],
 [ 7.783901e-02],
 [-9.192741e-03],
 [-4.492215e-03],
 [-2.372072e+00]]
spherical_charges_l1: [[-2.592096e-02,  4.355587e+00,  2.625496e+00],
 [ 6.049656e-03,  1.731026e-02,  1.145714e-02],
 [-5.504900e-03,  1.444247e-02,  4.431268e-03],
 [-1.369864e-01,  6.135416e-01,  1.251337e-01],
 [-7.550014e-03, -1.551397e-03, -3.678051e-02],
 [-7.246811e-04, -1.663364e-02, -2.911636e-02],
 [ 2.103613e-02, -3.670594e-03,  4.395892e-02],
 [-2.307945e-02,  2.026666e-02,  6.553227e-03],
 [ 1.719814e-02, -6.589350e-03,  3.599919e-02],
 [ 1.935049e-01, -4.663056e-01,  1.853064e-01],
 [ 4.091001e-03, -5.792969e-03,  2.981074e-03],
 [ 6.992293e-03, -1.029439e-02,  5.289432e-03],
 [ 2.442845e+00, -3.384285e+00,  2.553815e+00]]
spherical_charges_l2: [[ 3.368652, -2.703099,  4.621961,  1.822695, -2.98137 ],
 [-0.088785,  0.077241, -0.060418,  0.032289,  0.052695],
 [-0.089894,  0.058443, -0.058822,  0.033002,  0.041959],
 [ 0.02905 ,  0.176336,  0.166697,  0.044041,  0.088463],
 [ 0.426803,  0.270499, -0.11281 , -0.273707,  0.149245],
 [ 0.324698,  0.293094, -0.168434, -0.098068,  0.161588],
 [ 0.178818,  0.085928,  0.010238,  0.059923,  0.173221],
 [ 0.217433,  0.307222, -0.088368,  0.117169,  0.049964],
 [ 0.268975,  0.344225, -0.118984,  0.147665,  0.064015],
 [ 0.057423, -0.066691,  0.083847,  0.06389 , -0.013444],
 [-0.04559 , -0.110739,  0.049874,  0.015734,  0.045799],
 [-0.064193, -0.105712,  0.046405,  0.01268 ,  0.053515],
 [ 2.991778,  3.600182, -0.864995, -3.680098, -4.051002]]
energy_short: [-0.725517,  0.390632,  0.386568, -0.271821, -0.181518, -0.221184, -0.444823, -0.406701, -0.409343, -0.480197,  0.405057,  0.39699 , -0.423909]
energy_long: [0.064397, 0.119988, 0.12055 , 0.249389, 0.135941, 0.222968, 0.240135, 0.259525, 0.297458, 0.245504, 0.123595, 0.122718, 0.151487]