step=1746180, graph_id=0, num_atoms=13
scalar_charges: [-0.66921 ,  1.27178 ,  1.274993, -0.677431, -0.68398 , -0.682502, -0.673987, -0.675622, -0.675752, -0.67179 ,  1.264201,  1.267134, -0.672124]
spherical_charges_l0: [[-6.035143e-01],
 [ 5.342863e-04],
 [-5.731678e-04],
 [ 4.260820e-03],
 [-2.765005e-02],
 [-3.319207e-02],
 [-1.762536e-02],
 [-2.587706e-02],
 [-2.325553e-02],
 [ 1.120125e-02],
 [-1.623879e-03],
 [-6.802150e-04],
 [-6.443236e-01]]
spherical_charges_l1: [[-1.269303e-02,  1.684291e+00,  1.016655e+00],
 [-2.876887e-03,  1.207458e-02,  4.130459e-03],
 [ 3.673385e-03,  7.221751e-03,  5.083806e-03],
 [-5.581616e-02,  2.094683e-01,  3.965896e-02],
 [ 1.021382e-02,  6.400322e-03,  1.910946e-03],
 [ 1.434935e-02, -5.728079e-03,  5.850757e-04],
 [ 7.976869e-03, -5.379745e-04,  1.793063e-02],
 [-1.459831e-02,  8.837675e-03,  1.519178e-02],
 [ 9.962507e-03,  2.418029e-03,  2.811046e-02],
 [ 6.304163e-02, -1.602456e-01,  5.996077e-02],
 [-4.136252e-04, -8.297555e-03,  4.051552e-03],
 [ 8.965089e-03, -4.859944e-03,  2.685191e-03],
 [ 9.563875e-01, -1.317572e+00,  1.004556e+00]]
spherical_charges_l2: [[ 1.359614e+00, -1.105691e+00,  1.860625e+00,  7.301190e-01, -1.223448e+00],
 [-3.442772e-02,  1.897887e-02, -2.399999e-02,  1.198066e-02,  1.478275e-02],
 [-2.689680e-02,  2.489376e-02, -1.693665e-02,  1.068675e-02,  1.740718e-02],
 [-1.477809e-02,  6.964983e-02,  5.208727e-02,  1.647836e-02,  3.526321e-02],
 [ 1.569394e-01,  1.063119e-01, -6.339756e-02, -1.136404e-01,  5.677986e-02],
 [ 1.277058e-01,  1.139348e-01, -6.752785e-02, -3.637222e-02,  4.912350e-02],
 [ 6.629715e-02,  2.403017e-02,  8.263689e-03,  2.633191e-02,  6.963369e-02],
 [ 8.322331e-02,  1.133780e-01, -4.102061e-02,  3.886698e-02,  1.153634e-02],
 [ 1.036265e-01,  1.319108e-01, -3.918345e-02,  5.322612e-02,  1.739864e-02],
 [ 4.307086e-03, -4.689129e-02,  4.419734e-02,  2.364304e-02, -2.814020e-04],
 [-2.525945e-02, -3.265465e-02,  1.399220e-02,  3.371796e-03,  1.918725e-02],
 [-1.271898e-02, -3.974907e-02,  1.793607e-02,  8.969030e-03,  1.729658e-02],
 [ 1.237486e+00,  1.492974e+00, -3.649709e-01, -1.479476e+00, -1.642055e+00]]
energy_short: [-0.821297,  0.473145,  0.469651, -0.358024, -0.172277, -0.220356, -0.463136, -0.40777 , -0.403083, -0.528202,  0.485372,  0.480532, -0.53967 ]
energy_long: [0.048107, 0.110832, 0.111063, 0.245075, 0.145437, 0.192356, 0.217001, 0.251577, 0.287783, 0.241464, 0.11579 , 0.11496 , 0.163336]