step=3612510, graph_id=0, num_atoms=13
scalar_charges: [-0.534185,  0.961486,  0.96223 , -0.526626, -0.526594, -0.52665 , -0.526754, -0.526714, -0.526711, -0.526637,  0.961591,  0.961583, -0.527084]
spherical_charges_l0: [[-0.327795],
 [ 0.0017  ],
 [ 0.000767],
 [ 0.000909],
 [-0.015128],
 [-0.01909 ],
 [-0.010857],
 [-0.01489 ],
 [-0.012989],
 [ 0.005339],
 [ 0.000474],
 [ 0.000958],
 [-0.353537]]
spherical_charges_l1: [[-1.463534e-02,  9.960039e-01,  6.017876e-01],
 [-2.235661e-04,  6.366191e-03,  2.818845e-03],
 [ 7.456650e-04,  4.257873e-03,  2.387905e-03],
 [-3.389068e-02,  1.242658e-01,  2.516250e-02],
 [ 1.040537e-02,  3.732204e-03,  5.531802e-03],
 [ 1.073554e-02, -1.706209e-03,  2.810863e-03],
 [ 4.681946e-03, -8.951512e-04,  1.012754e-02],
 [-9.453319e-03,  5.276585e-03,  1.082739e-02],
 [ 6.129097e-03,  2.753772e-03,  1.882168e-02],
 [ 3.824892e-02, -9.567032e-02,  3.707760e-02],
 [ 1.617771e-03, -3.693376e-03,  1.865158e-03],
 [ 3.566837e-03, -3.705820e-03,  1.938092e-03],
 [ 5.620571e-01, -7.743671e-01,  5.968056e-01]]
spherical_charges_l2: [[ 0.815129, -0.674242,  1.132844,  0.463805, -0.749077],
 [-0.023554,  0.011461, -0.017781,  0.006421,  0.009804],
 [-0.016524,  0.018075, -0.010381,  0.006274,  0.011853],
 [-0.011513,  0.045527,  0.026998,  0.011338,  0.022471],
 [ 0.097356,  0.066896, -0.039587, -0.070437,  0.039687],
 [ 0.080118,  0.071612, -0.037125, -0.024618,  0.030876],
 [ 0.042398,  0.016689,  0.006017,  0.017684,  0.04599 ],
 [ 0.050433,  0.071049, -0.028228,  0.025952,  0.009579],
 [ 0.06327 ,  0.083934, -0.023459,  0.033716,  0.013545],
 [ 0.002037, -0.028598,  0.026591,  0.015716,  0.002132],
 [-0.016871, -0.020008,  0.00842 ,  0.002882,  0.013285],
 [-0.007399, -0.026053,  0.011726,  0.007204,  0.011975],
 [ 0.74266 ,  0.885313, -0.209768, -0.914049, -0.999322]]
energy_short: [-0.94462 ,  0.609903,  0.605576, -0.525209, -0.270959, -0.329584, -0.594543, -0.51998 , -0.509227, -0.654249,  0.62649 ,  0.61907 , -0.709763]
energy_long: [0.088793, 0.146174, 0.146546, 0.284532, 0.19046 , 0.239965, 0.259265, 0.29238 , 0.331586, 0.280706, 0.151389, 0.150198, 0.203785]