step=2226780, graph_id=0, num_atoms=13
scalar_charges: [-0.613267,  1.160905,  1.162822, -0.609214, -0.610391, -0.610082, -0.608758, -0.608952, -0.608963, -0.608411,  1.157599,  1.158984, -0.608588]
spherical_charges_l0: [[-0.447383],
 [ 0.001609],
 [ 0.00106 ],
 [ 0.003303],
 [-0.018564],
 [-0.023398],
 [-0.01329 ],
 [-0.01829 ],
 [-0.015945],
 [ 0.008919],
 [ 0.000616],
 [ 0.001069],
 [-0.476518]]
spherical_charges_l1: [[-1.252817e-02,  1.282944e+00,  7.758884e-01],
 [ 4.709501e-04,  7.653920e-03,  3.990707e-03],
 [-1.156341e-04,  6.616042e-03,  3.237040e-03],
 [-4.303056e-02,  1.627937e-01,  3.384005e-02],
 [ 9.190722e-03,  5.269001e-03,  3.420370e-03],
 [ 1.253940e-02, -4.363707e-03,  1.661514e-03],
 [ 5.965786e-03, -4.464544e-04,  1.361257e-02],
 [-1.191222e-02,  7.098036e-03,  1.270387e-02],
 [ 8.036035e-03,  2.525864e-03,  2.277262e-02],
 [ 5.095707e-02, -1.251931e-01,  4.926665e-02],
 [ 2.379591e-03, -4.807121e-03,  2.437631e-03],
 [ 4.275165e-03, -5.233047e-03,  2.712114e-03],
 [ 7.208709e-01, -9.974957e-01,  7.618461e-01]]
spherical_charges_l2: [[ 1.068215, -0.874142,  1.467341,  0.570991, -0.973568],
 [-0.027479,  0.016414, -0.019769,  0.009005,  0.012369],
 [-0.020956,  0.020714, -0.013279,  0.007802,  0.013914],
 [-0.01214 ,  0.060081,  0.035091,  0.013116,  0.031573],
 [ 0.120524,  0.079959, -0.044664, -0.087361,  0.04843 ],
 [ 0.097987,  0.087824, -0.044979, -0.028503,  0.038707],
 [ 0.053556,  0.018586,  0.006574,  0.021161,  0.05493 ],
 [ 0.062227,  0.088289, -0.034674,  0.03223 ,  0.012142],
 [ 0.078441,  0.103903, -0.029305,  0.042856,  0.017738],
 [ 0.004042, -0.037918,  0.034885,  0.022133,  0.004632],
 [-0.018364, -0.025688,  0.011061,  0.003333,  0.014829],
 [-0.011041, -0.031058,  0.013935,  0.007037,  0.014172],
 [ 0.964347,  1.157096, -0.282458, -1.163175, -1.289424]]
energy_short: [-0.884432,  0.542157,  0.539262, -0.415755, -0.212243, -0.262629, -0.510602, -0.45148 , -0.445779, -0.579241,  0.555189,  0.550067, -0.614054]
energy_long: [0.057772, 0.126709, 0.127126, 0.26054 , 0.164777, 0.21475 , 0.237889, 0.271478, 0.304118, 0.2577  , 0.131364, 0.130271, 0.179597]