step=1329660, graph_id=0, num_atoms=13
scalar_charges: [-0.757349,  1.561039,  1.5654  , -0.789133, -0.795668, -0.794051, -0.782712, -0.784072, -0.783929, -0.774818,  1.55641 ,  1.558881, -0.781316]
spherical_charges_l0: [[-9.310449e-01],
 [ 2.230787e-03],
 [-7.930413e-04],
 [ 2.945819e-03],
 [-4.246469e-02],
 [-5.102440e-02],
 [-2.687651e-02],
 [-3.883826e-02],
 [-3.550453e-02],
 [ 1.316515e-02],
 [-2.024381e-03],
 [-5.647020e-04],
 [-9.871865e-01]]
spherical_charges_l1: [[-2.291485e-02,  2.379983e+00,  1.450370e+00],
 [ 1.415275e-03,  1.458475e-02,  7.677339e-03],
 [ 2.603974e-04,  1.141380e-02,  5.730534e-03],
 [-7.826671e-02,  3.012944e-01,  5.708221e-02],
 [ 7.275530e-03,  6.755022e-03, -5.062317e-03],
 [ 1.396288e-02, -9.852426e-03, -3.916771e-03],
 [ 1.070270e-02, -1.024541e-03,  2.341959e-02],
 [-1.698463e-02,  1.234818e-02,  1.435657e-02],
 [ 1.161665e-02,  4.687867e-04,  3.024114e-02],
 [ 8.742414e-02, -2.264652e-01,  8.223189e-02],
 [ 2.304878e-03, -8.599618e-03,  4.292987e-03],
 [ 8.370557e-03, -8.364905e-03,  4.386626e-03],
 [ 1.352760e+00, -1.872027e+00,  1.433203e+00]]
spherical_charges_l2: [[ 1.753111, -1.467352,  2.484007,  1.037234, -1.64893 ],
 [-0.052572,  0.033839, -0.035067,  0.01896 ,  0.024352],
 [-0.044701,  0.03805 , -0.026899,  0.019033,  0.024855],
 [-0.007713,  0.101206,  0.066264,  0.02009 ,  0.051659],
 [ 0.204285,  0.134006, -0.060983, -0.147809,  0.077452],
 [ 0.163411,  0.149841, -0.076671, -0.04234 ,  0.062855],
 [ 0.088356,  0.034837,  0.010822,  0.03523 ,  0.093501],
 [ 0.10688 ,  0.147421, -0.059364,  0.048517,  0.021469],
 [ 0.128973,  0.171282, -0.046496,  0.076381,  0.029924],
 [ 0.01399 , -0.054469,  0.055793,  0.036017,  0.005568],
 [-0.033742, -0.055749,  0.024571,  0.005121,  0.026772],
 [-0.02644 , -0.061472,  0.027551,  0.009816,  0.027028],
 [ 1.611639,  1.91141 , -0.450391, -2.020534, -2.211084]]
energy_short: [-0.758334,  0.408766,  0.404163, -0.303291, -0.146481, -0.195132, -0.439837, -0.38439 , -0.380807, -0.486367,  0.418621,  0.413652, -0.465346]
energy_long: [0.057107, 0.105787, 0.107084, 0.238364, 0.139972, 0.18877 , 0.215763, 0.247561, 0.278687, 0.234833, 0.111217, 0.110412, 0.158856]