step=2643300, graph_id=0, num_atoms=13
scalar_charges: [-0.568933,  1.043912,  1.045028, -0.560592, -0.561434, -0.561249, -0.560382, -0.560548, -0.560563, -0.560341,  1.043216,  1.043555, -0.560348]
spherical_charges_l0: [[-3.849032e-01],
 [ 1.483676e-03],
 [ 6.739148e-04],
 [ 8.863832e-04],
 [-1.714243e-02],
 [-2.134839e-02],
 [-1.177473e-02],
 [-1.664067e-02],
 [-1.480733e-02],
 [ 4.959503e-03],
 [ 8.807053e-05],
 [ 6.322985e-04],
 [-4.077421e-01]]
spherical_charges_l1: [[-7.267370e-03,  1.126769e+00,  6.752142e-01],
 [-1.929228e-04,  6.717161e-03,  3.095275e-03],
 [ 5.053480e-04,  5.142221e-03,  2.720332e-03],
 [-3.793951e-02,  1.404777e-01,  2.750655e-02],
 [ 9.591640e-03,  3.986027e-03,  3.634669e-03],
 [ 1.041688e-02, -2.685379e-03,  1.410854e-03],
 [ 5.565379e-03, -3.932679e-04,  1.262004e-02],
 [-9.785654e-03,  5.700507e-03,  1.043202e-02],
 [ 6.548272e-03,  2.203574e-03,  1.913545e-02],
 [ 4.304104e-02, -1.075187e-01,  4.113097e-02],
 [ 1.464689e-03, -4.239150e-03,  2.127439e-03],
 [ 4.070658e-03, -4.006131e-03,  2.102679e-03],
 [ 6.309288e-01, -8.737056e-01,  6.630126e-01]]
spherical_charges_l2: [[ 9.169339e-01, -7.641585e-01,  1.260542e+00,  4.977538e-01, -8.425424e-01],
 [-2.433856e-02,  1.364201e-02, -1.766105e-02,  7.780536e-03,  1.057706e-02],
 [-1.855850e-02,  1.805060e-02, -1.148971e-02,  6.977993e-03,  1.218100e-02],
 [-1.292195e-02,  5.133034e-02,  2.915001e-02,  1.136423e-02,  2.439272e-02],
 [ 1.051363e-01,  7.031669e-02, -3.914821e-02, -7.682758e-02,  4.295262e-02],
 [ 8.594155e-02,  7.709928e-02, -3.927216e-02, -2.478157e-02,  3.376536e-02],
 [ 4.594930e-02,  1.561928e-02,  6.298510e-03,  1.861357e-02,  4.771738e-02],
 [ 5.365749e-02,  7.559508e-02, -3.010191e-02,  2.762341e-02,  1.015890e-02],
 [ 6.757446e-02,  8.934766e-02, -2.477156e-02,  3.639016e-02,  1.476562e-02],
 [ 8.723198e-04, -3.370635e-02,  2.870845e-02,  1.893286e-02,  2.395826e-03],
 [-1.723533e-02, -2.258408e-02,  9.646188e-03,  2.959602e-03,  1.369404e-02],
 [-9.120359e-03, -2.763867e-02,  1.242703e-02,  6.611810e-03,  1.251640e-02],
 [ 8.220083e-01,  9.937583e-01, -2.421732e-01, -1.005637e+00, -1.109669e+00]]
energy_short: [-0.916759,  0.574943,  0.571702, -0.480101, -0.246058, -0.300085, -0.556411, -0.490108, -0.482493, -0.625617,  0.589323,  0.583421, -0.663063]
energy_long: [0.075317, 0.136812, 0.136324, 0.271476, 0.170748, 0.22666 , 0.250149, 0.285216, 0.314265, 0.269643, 0.141019, 0.139712, 0.194135]