step=3700620, graph_id=0, num_atoms=13
scalar_charges: [-0.53594 ,  0.971104,  0.971869, -0.53001 , -0.529733, -0.529876, -0.53014 , -0.530062, -0.530047, -0.530043,  0.970753,  0.970904, -0.530462]
spherical_charges_l0: [[-0.330741],
 [ 0.001868],
 [ 0.000801],
 [ 0.000475],
 [-0.015077],
 [-0.019055],
 [-0.01088 ],
 [-0.014888],
 [-0.012968],
 [ 0.004821],
 [ 0.00063 ],
 [ 0.001078],
 [-0.356537]]
spherical_charges_l1: [[-1.450426e-02,  1.006514e+00,  6.069382e-01],
 [ 1.037778e-04,  6.156052e-03,  2.880459e-03],
 [ 3.347729e-04,  4.363908e-03,  2.233925e-03],
 [-3.387612e-02,  1.237779e-01,  2.509871e-02],
 [ 1.096626e-02,  4.004521e-03,  6.242043e-03],
 [ 1.119597e-02, -2.074631e-03,  3.119066e-03],
 [ 4.631692e-03, -9.078706e-04,  1.003685e-02],
 [-9.596423e-03,  5.417716e-03,  1.096639e-02],
 [ 6.265422e-03,  2.714581e-03,  1.919007e-02],
 [ 3.793977e-02, -9.526414e-02,  3.694478e-02],
 [ 2.098522e-03, -3.526050e-03,  1.799435e-03],
 [ 3.192444e-03, -3.976285e-03,  2.058189e-03],
 [ 5.672531e-01, -7.818470e-01,  6.014863e-01]]
spherical_charges_l2: [[ 0.818072, -0.680033,  1.140038,  0.467514, -0.75516 ],
 [-0.02355 ,  0.011607, -0.017937,  0.00631 ,  0.009931],
 [-0.01671 ,  0.017976, -0.0106  ,  0.006146,  0.011932],
 [-0.011383,  0.04501 ,  0.028157,  0.010839,  0.022334],
 [ 0.097707,  0.067107, -0.039229, -0.070128,  0.039735],
 [ 0.080155,  0.07121 , -0.036623, -0.024784,  0.031064],
 [ 0.042698,  0.017012,  0.005904,  0.017748,  0.046037],
 [ 0.050489,  0.071201, -0.028323,  0.026359,  0.009993],
 [ 0.063428,  0.084069, -0.023469,  0.033861,  0.01415 ],
 [ 0.002082, -0.027935,  0.026561,  0.015964,  0.001385],
 [-0.016766, -0.020456,  0.008627,  0.003145,  0.013482],
 [-0.007748, -0.026262,  0.011801,  0.007274,  0.012249],
 [ 0.746805,  0.889998, -0.210754, -0.920812, -1.006801]]
energy_short: [-0.942935,  0.608407,  0.604185, -0.52068 , -0.26658 , -0.325576, -0.591191, -0.516464, -0.505609, -0.650043,  0.625816,  0.618101, -0.709176]
energy_long: [0.085951, 0.145683, 0.145957, 0.284631, 0.188159, 0.23896 , 0.257224, 0.29443 , 0.331178, 0.280862, 0.151007, 0.149771, 0.200129]