step=1169460, graph_id=0, num_atoms=13
scalar_charges: [-0.845927,  1.735462,  1.738572, -0.879741, -0.886399, -0.884461, -0.873037, -0.875343, -0.875289, -0.868224,  1.732523,  1.733707, -0.872715]
spherical_charges_l0: [[-1.221358e+00],
 [ 5.214987e-04],
 [-1.523361e-03],
 [ 1.030865e-02],
 [-5.511336e-02],
 [-6.234714e-02],
 [-3.570072e-02],
 [-4.876058e-02],
 [-4.606958e-02],
 [ 2.081438e-02],
 [-2.749071e-03],
 [-1.487448e-03],
 [-1.283452e+00]]
spherical_charges_l1: [[-2.218169e-02,  2.845957e+00,  1.697368e+00],
 [-5.015796e-03,  2.180125e-02,  8.220803e-03],
 [ 6.020653e-03,  1.208571e-02,  9.263493e-03],
 [-9.450666e-02,  3.528586e-01,  7.044432e-02],
 [ 4.660506e-03,  7.039058e-03, -1.462305e-02],
 [ 9.693531e-03, -9.447589e-03, -9.363292e-03],
 [ 1.260065e-02, -2.739783e-03,  2.465450e-02],
 [-1.844622e-02,  1.400622e-02,  1.395933e-02],
 [ 1.226949e-02, -6.745108e-04,  3.215754e-02],
 [ 1.075402e-01, -2.740199e-01,  1.066926e-01],
 [-2.187397e-03, -1.511214e-02,  7.336318e-03],
 [ 1.706483e-02, -7.502657e-03,  4.259824e-03],
 [ 1.598936e+00, -2.218322e+00,  1.660841e+00]]
spherical_charges_l2: [[ 2.177485, -1.83627 ,  3.053115,  1.234733, -2.032972],
 [-0.061721,  0.046308, -0.044439,  0.020222,  0.033801],
 [-0.054279,  0.045142, -0.037261,  0.018437,  0.032628],
 [-0.018635,  0.120144,  0.082494,  0.02109 ,  0.058081],
 [ 0.263635,  0.171297, -0.078844, -0.187612,  0.095199],
 [ 0.209392,  0.194562, -0.100806, -0.051309,  0.093902],
 [ 0.115436,  0.05649 ,  0.009706,  0.042368,  0.11841 ],
 [ 0.14104 ,  0.193163, -0.064614,  0.065443,  0.033392],
 [ 0.168756,  0.216774, -0.06777 ,  0.098525,  0.038745],
 [ 0.010984, -0.071139,  0.066981,  0.044576,  0.003304],
 [-0.038412, -0.067187,  0.029409,  0.011319,  0.035556],
 [-0.035461, -0.071783,  0.03162 ,  0.014963,  0.037325],
 [ 1.979051,  2.365575, -0.564308, -2.472646, -2.719414]]
energy_short: [-0.736636,  0.39566 ,  0.391241, -0.312758, -0.167754, -0.214162, -0.44754 , -0.40058 , -0.399485, -0.498942,  0.405933,  0.40094 , -0.441659]
energy_long: [0.038346, 0.108295, 0.110333, 0.234255, 0.135347, 0.192011, 0.224151, 0.236891, 0.28201 , 0.231096, 0.11447 , 0.113944, 0.151936]