step=3956940, graph_id=0, num_atoms=13
scalar_charges: [-0.540407,  0.975183,  0.976419, -0.531174, -0.530482, -0.53075 , -0.531567, -0.531357, -0.531324, -0.531344,  0.974113,  0.974425, -0.532315]
spherical_charges_l0: [[-0.330911],
 [ 0.0019  ],
 [ 0.000732],
 [ 0.000487],
 [-0.015377],
 [-0.019264],
 [-0.010972],
 [-0.014996],
 [-0.013104],
 [ 0.004895],
 [ 0.000562],
 [ 0.001037],
 [-0.356925]]
spherical_charges_l1: [[-1.404046e-02,  1.007246e+00,  6.076896e-01],
 [-5.086564e-05,  6.194150e-03,  2.796740e-03],
 [ 4.974933e-04,  4.245005e-03,  2.254775e-03],
 [-3.376786e-02,  1.240826e-01,  2.526195e-02],
 [ 1.054779e-02,  4.061533e-03,  5.892310e-03],
 [ 1.093606e-02, -2.089800e-03,  2.971548e-03],
 [ 4.658076e-03, -9.629267e-04,  9.975931e-03],
 [-9.458872e-03,  5.462191e-03,  1.073448e-02],
 [ 6.153479e-03,  2.530499e-03,  1.883485e-02],
 [ 3.814771e-02, -9.551101e-02,  3.703171e-02],
 [ 1.885242e-03, -3.588767e-03,  1.823128e-03],
 [ 3.342225e-03, -3.822453e-03,  1.987835e-03],
 [ 5.681742e-01, -7.827698e-01,  6.026443e-01]]
spherical_charges_l2: [[ 0.824833, -0.682691,  1.143361,  0.465876, -0.755709],
 [-0.023916,  0.011371, -0.01837 ,  0.006189,  0.00995 ],
 [-0.016625,  0.018458, -0.010472,  0.006232,  0.012082],
 [-0.011744,  0.044732,  0.027725,  0.011084,  0.02189 ],
 [ 0.097294,  0.067006, -0.039645, -0.070216,  0.039659],
 [ 0.07994 ,  0.071412, -0.036693, -0.024583,  0.030854],
 [ 0.042267,  0.016746,  0.006221,  0.017847,  0.04617 ],
 [ 0.050329,  0.070909, -0.028351,  0.025939,  0.009918],
 [ 0.063044,  0.083716, -0.023302,  0.033811,  0.01378 ],
 [ 0.001756, -0.0279  ,  0.026208,  0.015951,  0.001504],
 [-0.01724 , -0.020387,  0.008571,  0.00301 ,  0.013631],
 [-0.007459, -0.026603,  0.011969,  0.007509,  0.012309],
 [ 0.749886,  0.895656, -0.21232 , -0.921933, -1.007455]]
energy_short: [-0.945242,  0.608659,  0.604469, -0.519524, -0.267722, -0.326519, -0.592493, -0.517145, -0.506052, -0.647695,  0.626224,  0.618283, -0.71287 ]
energy_long: [0.084932, 0.145618, 0.146021, 0.284627, 0.188936, 0.239656, 0.257325, 0.294273, 0.332533, 0.280438, 0.151219, 0.149949, 0.201117]