step=1998495, graph_id=0, num_atoms=13
scalar_charges: [-0.642454,  1.174015,  1.176417, -0.648783, -0.653806, -0.65258 , -0.646481, -0.647736, -0.647873, -0.645078,  1.168835,  1.170849, -0.645158]
spherical_charges_l0: [[-5.073596e-01],
 [ 2.077274e-03],
 [ 5.975776e-04],
 [ 5.087453e-03],
 [-2.400385e-02],
 [-2.883266e-02],
 [-1.527009e-02],
 [-2.235562e-02],
 [-1.996788e-02],
 [ 1.082568e-02],
 [ 6.964919e-05],
 [ 8.134914e-04],
 [-5.373482e-01]]
spherical_charges_l1: [[-1.170992e-02,  1.414308e+00,  8.556830e-01],
 [-2.202532e-04,  9.575853e-03,  4.444741e-03],
 [ 1.424597e-03,  7.275123e-03,  4.116785e-03],
 [-4.841965e-02,  1.831233e-01,  3.775011e-02],
 [ 1.289411e-02,  4.634685e-03,  4.615320e-03],
 [ 1.263812e-02, -3.458839e-03,  1.011471e-03],
 [ 7.510077e-03, -5.333140e-04,  1.674209e-02],
 [-1.241472e-02,  7.108692e-03,  1.277625e-02],
 [ 8.590837e-03,  2.652053e-03,  2.445008e-02],
 [ 5.609114e-02, -1.390301e-01,  5.531826e-02],
 [ 1.276913e-03, -6.609578e-03,  3.283118e-03],
 [ 6.455185e-03, -5.270320e-03,  2.803213e-03],
 [ 8.005469e-01, -1.106611e+00,  8.474828e-01]]
spherical_charges_l2: [[ 1.160813, -0.972971,  1.609416,  0.646877, -1.074831],
 [-0.02918 ,  0.014645, -0.02123 ,  0.009064,  0.011892],
 [-0.021531,  0.023011, -0.012811,  0.008821,  0.015079],
 [-0.01564 ,  0.071676,  0.037976,  0.014549,  0.035865],
 [ 0.143457,  0.095224, -0.053955, -0.103544,  0.05505 ],
 [ 0.118182,  0.106755, -0.05943 , -0.033914,  0.046977],
 [ 0.062508,  0.020985,  0.007446,  0.024759,  0.063596],
 [ 0.075091,  0.104708, -0.039578,  0.037437,  0.012125],
 [ 0.09351 ,  0.121579, -0.034554,  0.049324,  0.018383],
 [ 0.002968, -0.046152,  0.038703,  0.025762,  0.004459],
 [-0.021567, -0.027211,  0.011609,  0.002987,  0.016443],
 [-0.009877, -0.033908,  0.015325,  0.008241,  0.014717],
 [ 1.063138,  1.277125, -0.307546, -1.297403, -1.427962]]
energy_short: [-0.856838,  0.506613,  0.503384, -0.403039, -0.207979, -0.259713, -0.505988, -0.448599, -0.442569, -0.569976,  0.517623,  0.512949, -0.581761]
energy_long: [0.061143, 0.125772, 0.125969, 0.254644, 0.163371, 0.208911, 0.241718, 0.267559, 0.299225, 0.251873, 0.130739, 0.130003, 0.179093]