step=3436290, graph_id=0, num_atoms=13
scalar_charges: [-1.317501, -1.080389, -1.109159, -1.408059, -1.687888, -1.620561, -1.284138, -1.537133, -1.541733, -1.293836, -1.102136, -1.101242, -1.260883]
spherical_charges_l0: [[ 3.996886e+00],
 [-1.138597e-03],
 [ 4.997034e-03],
 [ 7.032901e-03],
 [ 1.637217e-01],
 [ 4.836280e-01],
 [-5.454532e-02],
 [ 2.809582e-01],
 [ 5.165706e-02],
 [ 1.091058e-01],
 [-1.949272e-03],
 [ 6.986029e-04],
 [ 3.191172e+00]]
spherical_charges_l1: [[ 8.335180e-01,  1.034700e+00,  7.268971e-01],
 [ 1.646262e-03,  1.518183e-03,  1.109310e-03],
 [-7.988946e-04,  3.122835e-03,  4.885217e-04],
 [-9.618624e-02, -1.709050e-01, -1.853523e-02],
 [ 1.571079e-01, -3.060841e-01,  9.203652e-02],
 [-4.722533e-02,  3.092679e-01,  2.342697e-01],
 [ 2.895505e-02,  1.261294e-02, -5.356957e-03],
 [-9.758336e-02,  7.397872e-02,  1.219035e-01],
 [-4.553955e-02,  8.136121e-02,  1.002534e-01],
 [-2.546468e-02,  1.061914e-01, -6.253383e-03],
 [ 3.156487e-03,  8.094675e-05, -2.248928e-04],
 [-3.149210e-04, -9.040693e-04,  5.439485e-04],
 [ 8.179184e-01, -9.380208e-01,  1.933062e-01]]
spherical_charges_l2: [[ 3.923023e+00,  4.116626e-01,  6.860390e+00,  1.702656e+00, -1.757003e+00],
 [-8.663757e-03,  5.053752e-03, -1.291662e-02, -1.728869e-03,  6.665417e-03],
 [-2.581571e-03,  4.773980e-03, -7.372993e-04,  8.791529e-04,  1.484540e-03],
 [-3.917758e-01,  2.387414e-02, -9.556946e-01, -3.366738e-02,  1.067291e-01],
 [-1.917339e-01,  1.438248e-01, -3.385175e-01, -1.288070e-01,  2.790656e-01],
 [-3.291827e-01,  5.886241e-01,  1.010211e+00,  5.896001e-01, -2.455449e-01],
 [ 3.212631e-02,  7.590263e-03,  2.207319e-02,  1.644056e-02,  2.015210e-02],
 [ 2.311468e-01,  6.309634e-01, -4.259104e-01, -4.559628e-02, -9.377349e-01],
 [-1.807032e-01,  4.589918e-02,  5.862734e-02,  1.788478e-01,  3.712882e-01],
 [-1.181999e-01, -6.338414e-02,  1.531942e-01,  5.409034e-02,  5.035833e-01],
 [-1.245227e-02, -1.086932e-02,  5.192456e-03,  6.454376e-04,  7.597187e-03],
 [-2.302647e-03, -8.702578e-03,  3.947585e-03, -1.519724e-03,  8.653973e-04],
 [ 3.493215e+00,  3.222130e+00, -1.490168e+00, -2.097109e+00, -4.342449e+00]]
energy_short: [-0.618972,  0.959077,  0.940167, -0.408855, -0.167919, -0.188629, -0.320315, -0.345573, -0.344542, -0.477142,  0.97631 ,  0.960913, -0.402335]
energy_long: [-0.109677,  0.000493, -0.003603, -0.125067,  0.031691,  0.018196, -0.017581,  0.012652,  0.005862, -0.118231, -0.001316, -0.002113, -0.094212]