step=2715390, graph_id=0, num_atoms=13
scalar_charges: [-1.682726, -1.28346 , -1.302407, -1.715321, -1.953841, -1.888255, -1.582398, -1.835902, -1.850998, -1.609875, -1.300063, -1.298454, -1.61707 ]
spherical_charges_l0: [[ 4.665792e+00],
 [-6.410488e-04],
 [ 7.264321e-03],
 [ 1.038693e-01],
 [ 2.443684e-01],
 [ 3.951357e-01],
 [-2.622722e-02],
 [ 1.980649e-01],
 [ 7.649098e-02],
 [ 1.764047e-01],
 [-2.561323e-03],
 [ 1.043848e-03],
 [ 3.948619e+00]]
spherical_charges_l1: [[ 7.619702e-01,  1.052738e+00,  6.771402e-01],
 [ 1.542255e-03,  3.047575e-03,  2.082735e-03],
 [-1.838505e-03,  4.457620e-03,  9.603251e-04],
 [-3.769357e-02, -2.046282e-01, -3.280817e-02],
 [ 1.305402e-01, -1.944954e-01,  8.442291e-02],
 [ 3.973083e-03,  2.645544e-01,  2.154527e-01],
 [ 2.677876e-02,  1.430733e-02,  7.866797e-04],
 [-7.641274e-02,  8.762503e-02,  1.082065e-01],
 [-1.155236e-02,  5.751928e-02,  1.404309e-01],
 [ 2.377438e-02,  4.770756e-02,  2.915673e-02],
 [ 3.113273e-03, -2.424550e-03,  1.614598e-03],
 [ 1.482681e-03, -2.465814e-03,  1.516010e-03],
 [ 7.644813e-01, -9.246258e-01,  2.443927e-01]]
spherical_charges_l2: [[ 4.160309e+00,  2.758300e-01,  6.684918e+00,  1.460853e+00, -1.852410e+00],
 [-7.307734e-03,  5.831559e-03, -1.090193e-02, -2.376324e-03,  7.165688e-03],
 [-4.350097e-03,  6.866117e-04, -6.199601e-03, -1.860103e-03,  1.123598e-03],
 [-4.015194e-01,  8.909944e-02, -9.702349e-01,  4.435520e-02,  7.925748e-02],
 [-1.697237e-01,  7.771897e-02, -2.625542e-01, -1.775738e-01,  2.009363e-01],
 [-1.984960e-01,  5.203153e-01,  8.701987e-01,  5.235087e-01, -2.231689e-01],
 [-1.571669e-03, -3.116131e-04,  3.086373e-02,  2.477149e-02,  2.946020e-02],
 [ 2.644143e-01,  5.471002e-01, -4.082839e-01, -9.195696e-02, -7.891395e-01],
 [-1.825933e-01,  2.283096e-02,  3.383970e-02,  1.770457e-01,  3.008685e-01],
 [-1.089658e-01, -5.889732e-02,  1.197369e-01,  2.291665e-02,  3.967291e-01],
 [-1.089463e-02, -1.184723e-02,  5.232596e-03,  5.881378e-03,  1.068337e-02],
 [-4.673044e-03, -7.699500e-03,  2.054458e-03,  8.231590e-04,  4.028724e-03],
 [ 3.405422e+00,  3.151525e+00, -1.412265e+00, -2.125824e+00, -4.274369e+00]]
energy_short: [-0.561082,  0.964962,  0.947285, -0.369031, -0.171701, -0.186246, -0.307985, -0.34443 , -0.347009, -0.442731,  0.984899,  0.968942, -0.335349]
energy_long: [-0.136004, -0.028536, -0.03229 , -0.138886,  0.001034, -0.017191, -0.041538, -0.014928, -0.018034, -0.136299, -0.029577, -0.030123, -0.117011]