step=2763450, graph_id=0, num_atoms=13
scalar_charges: [-1.565218, -1.206507, -1.233919, -1.574867, -1.785462, -1.76063 , -1.476883, -1.70842 , -1.686065, -1.477163, -1.227286, -1.227612, -1.508571]
spherical_charges_l0: [[ 3.651419e+00],
 [-9.974064e-04],
 [ 9.743807e-03],
 [ 5.044010e-02],
 [ 1.338767e-01],
 [ 3.559940e-01],
 [-1.317654e-02],
 [ 1.818514e-01],
 [ 2.622887e-02],
 [ 9.893107e-02],
 [-2.791138e-03],
 [ 1.828342e-03],
 [ 3.096344e+00]]
spherical_charges_l1: [[ 0.69281 ,  0.901363,  0.666283],
 [ 0.001859,  0.002969,  0.002592],
 [-0.00345 ,  0.006152,  0.001491],
 [-0.022468, -0.169016, -0.032146],
 [ 0.07841 , -0.152088,  0.02579 ],
 [ 0.01356 ,  0.199827,  0.184982],
 [ 0.02616 ,  0.014956,  0.009783],
 [-0.060849,  0.088985,  0.080002],
 [-0.019463,  0.048606,  0.074721],
 [ 0.01115 ,  0.044288,  0.010471],
 [ 0.00289 , -0.002138,  0.001306],
 [ 0.001322, -0.003144,  0.001877],
 [ 0.623475, -0.697113,  0.258327]]
spherical_charges_l2: [[ 3.140203e+00,  3.585131e-01,  5.052811e+00,  1.100199e+00, -1.346472e+00],
 [-1.055966e-02,  5.822330e-03, -1.683184e-02, -3.707026e-03,  9.043106e-03],
 [-5.906834e-03,  8.153638e-03, -7.261273e-03, -1.263836e-03,  5.455837e-03],
 [-2.671822e-01,  5.797613e-02, -6.553091e-01,  2.199926e-02,  6.056442e-02],
 [-1.131643e-01,  3.033353e-02, -2.124517e-01, -1.612008e-01,  1.487290e-01],
 [-1.918833e-01,  4.253794e-01,  7.702768e-01,  4.384098e-01, -1.558883e-01],
 [-2.777060e-04, -1.051344e-02,  3.057350e-02,  3.262211e-02,  3.769524e-02],
 [ 2.017143e-01,  4.642608e-01, -3.736946e-01, -3.317121e-02, -6.572018e-01],
 [-1.492298e-01,  1.759812e-02,  2.394892e-02,  1.356122e-01,  2.293669e-01],
 [-5.276279e-02, -1.359869e-02,  9.200922e-02,  2.338601e-02,  3.289221e-01],
 [-1.569997e-02, -1.728766e-02,  8.517468e-03,  4.594730e-03,  1.348064e-02],
 [-5.802597e-03, -1.526889e-02,  6.110827e-03,  3.419151e-03,  7.713857e-03],
 [ 2.744412e+00,  2.528270e+00, -1.180557e+00, -1.544219e+00, -3.329533e+00]]
energy_short: [-0.564509,  0.973005,  0.952836, -0.37994 , -0.169047, -0.195327, -0.314969, -0.352287, -0.342268, -0.45363 ,  0.991568,  0.975536, -0.339942]
energy_long: [-0.116794, -0.01765 , -0.021327, -0.135238,  0.009875, -0.005917, -0.032506, -0.006228, -0.011573, -0.132386, -0.018872, -0.019719, -0.101921]