step=552690, graph_id=0, num_atoms=13
scalar_charges: [ 2.67124 , -6.989242, -6.971625,  2.888766,  2.723606,  2.665524,  2.53924 ,  2.633742,  2.613817,  2.801758, -6.989278, -6.963549,  2.625655]
spherical_charges_l0: [[3.137903e-02],
 [7.696550e-05],
 [2.256675e-04],
 [4.154059e+00],
 [2.688226e-01],
 [1.881418e-01],
 [1.194549e-01],
 [1.326959e-01],
 [9.632096e-02],
 [3.191746e+00],
 [7.213376e-05],
 [9.093932e-05],
 [2.059674e-02]]
spherical_charges_l1: [[-1.983877e-03,  4.949600e-02,  3.704884e-02],
 [-3.284120e-05,  1.021630e-04,  3.542973e-05],
 [ 9.465215e-05,  3.632921e-05,  5.292498e-05],
 [-2.195757e-01, -3.434592e+00, -1.515204e+00],
 [ 1.161464e-01, -2.223326e-01, -1.599092e-02],
 [ 8.289858e-03,  7.108061e-02,  1.303774e-01],
 [-4.423419e-03, -1.985569e-02,  2.379843e-03],
 [ 7.235991e-02,  1.870972e-01,  1.584379e-01],
 [-4.522178e-02,  1.062404e-01,  6.095006e-02],
 [-1.428264e+00,  2.618629e+00, -1.538894e+00],
 [-3.528728e-05, -1.146897e-05,  1.855753e-05],
 [ 5.221407e-05,  2.032282e-06,  2.016866e-05],
 [ 2.404247e-02, -4.332534e-02,  3.550493e-02]]
spherical_charges_l2: [[-1.856584e-02, -1.401472e-02,  1.187814e-01,  9.271140e-02, -6.754141e-02],
 [-1.158441e-04,  4.062506e-05, -7.318010e-05, -1.496207e-05, -1.653432e-05],
 [-2.680678e-04,  2.313654e-06,  5.400406e-05,  1.853866e-04, -8.138885e-05],
 [-1.373164e+00, -1.671708e+00, -7.544432e+00, -3.037081e+00,  1.305727e+00],
 [ 1.847363e-01,  6.152545e-01,  6.184305e-01,  3.409646e-01,  1.081522e-01],
 [ 6.964594e-01, -1.850266e-01, -7.172024e-02, -4.079998e-01,  1.246091e-01],
 [-1.636573e-01,  9.860630e-02, -9.523392e-02, -2.299575e-02, -1.241629e-01],
 [ 1.758659e-01, -3.329951e-03, -2.433798e-02, -1.488810e-01,  1.448850e-01],
 [ 1.392639e-01,  1.728116e-01, -1.771827e-01, -1.482914e-02, -2.826016e-01],
 [-1.697053e+00, -2.039936e+00,  1.772695e+00,  1.483433e+00,  5.063131e+00],
 [ 2.185212e-05, -1.972164e-04,  1.164127e-04, -1.599321e-04, -1.276074e-04],
 [-1.232520e-04, -1.455900e-04,  8.435344e-05, -2.099717e-04, -9.750983e-05],
 [ 3.875416e-02,  4.727426e-03,  3.112969e-02, -1.398505e-01, -8.045924e-02]]
energy_short: [ 0.027948, -0.333642, -0.358713,  0.26384 ,  0.256453,  0.279287,  0.154932,  0.119006,  0.106325,  0.017214, -0.319004, -0.342282,  0.403794]
energy_long: [ 0.02213 , -0.087436, -0.087391, -0.087603,  0.079999,  0.096697,  0.062743,  0.079724,  0.06443 , -0.096997, -0.087423, -0.087424,  0.026008]