step=3007755, graph_id=0, num_atoms=13
scalar_charges: [-1.334729, -1.073503, -1.099397, -1.380076, -1.580211, -1.525947, -1.268011, -1.472103, -1.476716, -1.287325, -1.094213, -1.093689, -1.28134 ]
spherical_charges_l0: [[ 3.980898e+00],
 [-4.805624e-07],
 [ 8.206228e-03],
 [ 4.352255e-02],
 [ 1.683014e-01],
 [ 4.280383e-01],
 [-4.106502e-02],
 [ 2.296810e-01],
 [ 4.280657e-02],
 [ 1.130569e-01],
 [-1.561577e-03],
 [ 2.170190e-03],
 [ 3.210419e+00]]
spherical_charges_l1: [[ 7.453126e-01,  1.129371e+00,  7.259125e-01],
 [ 8.903507e-04,  1.786500e-03,  5.938588e-04],
 [-5.181133e-04,  2.689504e-03,  4.409469e-04],
 [-4.326558e-02, -1.965969e-01, -1.478309e-02],
 [ 1.271727e-01, -2.724023e-01,  3.522977e-02],
 [-3.099306e-02,  2.795318e-01,  2.127663e-01],
 [ 2.935684e-02,  1.639281e-02,  5.987759e-04],
 [-8.968604e-02,  1.058573e-01,  8.565741e-02],
 [-4.346808e-02,  6.879020e-02,  8.563500e-02],
 [-6.177337e-04,  8.135055e-02,  7.609135e-03],
 [ 2.150926e-03,  8.464205e-04, -4.274870e-04],
 [-5.264469e-04, -5.826082e-04,  4.574658e-04],
 [ 8.183013e-01, -9.881121e-01,  2.713360e-01]]
spherical_charges_l2: [[ 3.714784e+00,  3.865782e-01,  6.273008e+00,  1.444848e+00, -1.574888e+00],
 [-7.913823e-03,  7.568464e-03, -1.355787e-02, -3.332808e-03,  8.578635e-03],
 [-5.829434e-03,  1.761072e-03, -4.896217e-03, -4.513222e-04,  1.387991e-03],
 [-4.104627e-01,  6.357985e-02, -9.327899e-01,  1.379657e-02,  7.918139e-02],
 [-1.691255e-01,  9.781627e-02, -3.033046e-01, -1.726266e-01,  2.477768e-01],
 [-2.362759e-01,  5.704860e-01,  9.682355e-01,  5.382673e-01, -2.215024e-01],
 [ 1.464731e-02,  8.562536e-03,  2.871945e-02,  2.057154e-02,  3.136568e-02],
 [ 2.463078e-01,  5.696501e-01, -4.025311e-01, -3.545733e-02, -8.409106e-01],
 [-1.821661e-01,  5.916885e-02,  3.317694e-02,  2.039001e-01,  3.457068e-01],
 [-1.218513e-01, -7.046747e-02,  1.351377e-01,  2.823503e-02,  3.906333e-01],
 [-1.386128e-02, -1.541409e-02,  8.046029e-03,  2.252837e-03,  1.010179e-02],
 [-6.097549e-03, -1.093951e-02,  4.304612e-03, -1.648930e-03,  3.493438e-03],
 [ 3.189012e+00,  2.948784e+00, -1.345232e+00, -1.904330e+00, -3.946789e+00]]
energy_short: [-0.583817,  0.964848,  0.945558, -0.363174, -0.139067, -0.156332, -0.28111 , -0.312859, -0.31245 , -0.435324,  0.979775,  0.965334, -0.357933]
energy_long: [-0.118987, -0.016331, -0.019451, -0.132499,  0.012226, -0.004   , -0.033223, -0.006945, -0.013127, -0.128169, -0.017128, -0.018225, -0.104859]