step=1738170, graph_id=0, num_atoms=13
scalar_charges: [ 2.003273, -5.359315, -5.358991,  2.015839,  2.002345,  2.025031,  2.054809,  2.03862 ,  2.030546,  2.027217, -5.346555, -5.351418,  2.03469 ]
spherical_charges_l0: [[2.764517e-02],
 [2.146208e-04],
 [3.370401e-04],
 [4.433295e+00],
 [3.338070e-01],
 [1.117949e-01],
 [5.807465e-02],
 [8.769881e-02],
 [1.486296e-01],
 [3.583690e+00],
 [7.148451e-04],
 [5.743816e-04],
 [5.933518e-02]]
spherical_charges_l1: [[-7.312274e-03,  4.027594e-02,  2.978852e-02],
 [-3.351247e-05, -3.513963e-05, -6.450638e-05],
 [ 2.523530e-05,  1.762879e-05,  5.044093e-05],
 [ 3.121343e-02, -3.092164e+00, -1.186236e+00],
 [ 1.320929e-01, -1.811715e-01, -2.124313e-02],
 [-2.939638e-02,  5.918860e-02,  4.609597e-02],
 [ 9.166964e-03, -1.974078e-02,  4.170487e-02],
 [ 3.663946e-02,  8.852794e-02,  1.401702e-01],
 [-3.497414e-02,  9.651019e-02,  6.094212e-02],
 [-1.440683e+00,  2.512568e+00, -1.198589e+00],
 [-2.336721e-04,  3.874950e-05, -7.816508e-05],
 [ 9.634913e-05,  2.547247e-04, -1.166712e-04],
 [ 1.728739e-02, -3.925681e-02,  2.544815e-02]]
spherical_charges_l2: [[-2.813960e-02, -2.132555e-02,  6.507795e-02,  8.246870e-02, -3.995244e-02],
 [ 9.095630e-05, -1.042945e-03,  1.169558e-04, -1.028706e-04, -4.889586e-04],
 [ 4.007294e-04, -4.451066e-04,  1.197363e-04, -2.238050e-04, -1.897376e-04],
 [-7.849527e-01, -1.463196e+00, -6.545742e+00, -2.950918e+00,  1.665084e+00],
 [ 9.450465e-02,  3.695091e-01,  7.122972e-01,  3.356506e-01, -3.869311e-02],
 [ 3.929974e-01, -8.889311e-02, -5.175502e-02, -2.917000e-01,  1.092727e-01],
 [-1.194323e-01,  1.541771e-01, -5.512467e-02,  1.855054e-03, -4.048760e-02],
 [ 1.777203e-02, -2.154852e-02, -6.699321e-02, -1.179424e-01,  1.524759e-02],
 [ 8.683713e-02,  1.100733e-01, -1.771576e-01, -3.070148e-02, -3.064404e-01],
 [-1.523440e+00, -1.959190e+00,  1.785097e+00,  1.309510e+00,  5.046737e+00],
 [ 2.658187e-04, -2.041368e-04,  1.501351e-04,  9.619445e-04,  9.510278e-04],
 [-8.995666e-04,  8.531570e-05, -7.832488e-06, -2.049262e-05,  4.614661e-04],
 [ 2.624378e-02, -7.951943e-03,  2.679541e-02, -1.360463e-01, -7.339364e-02]]
energy_short: [ 0.166226, -0.592962, -0.626059,  0.320379,  0.477978,  0.487687,  0.350731,  0.326553,  0.316106,  0.139613, -0.579484, -0.606264,  0.479465]
energy_long: [ 0.039981, -0.185185, -0.185244, -0.155738,  0.093409,  0.10751 ,  0.068691,  0.08631 ,  0.083688, -0.14731 , -0.184993, -0.185013,  0.041974]