step=2134665, graph_id=0, num_atoms=13
scalar_charges: [-3.91506 , -3.750704, -3.748282, -3.957058, -4.086828, -4.044241, -3.974978, -4.090449, -4.0759  , -3.932136, -3.748405, -3.750004, -3.90524 ]
spherical_charges_l0: [[3.498996],
 [0.011593],
 [0.013584],
 [0.45771 ],
 [0.239281],
 [0.106674],
 [0.029304],
 [0.075135],
 [0.108525],
 [0.144375],
 [0.010826],
 [0.010074],
 [2.888794]]
spherical_charges_l1: [[-5.722775e-02,  1.355039e-01, -6.414388e-03],
 [ 3.668305e-03, -5.885087e-03, -2.168895e-03],
 [-9.210113e-03, -2.093463e-04, -5.854474e-03],
 [ 1.965349e-02, -6.475887e-02, -1.608182e-02],
 [-7.672501e-03,  3.368850e-02,  8.217980e-03],
 [-8.005264e-03, -1.306972e-02, -2.410221e-02],
 [ 1.879109e-02,  2.236350e-03,  2.898096e-02],
 [ 3.865110e-03,  1.100221e-03, -3.539226e-02],
 [-6.253556e-04, -2.470937e-02,  2.990058e-02],
 [-7.475015e-03,  2.934400e-02,  2.310977e-02],
 [ 5.591419e-03,  1.179243e-02, -5.404992e-03],
 [-1.110670e-02, -1.230158e-03,  1.269019e-04],
 [ 8.843390e-02, -3.152818e-01,  1.064168e-01]]
spherical_charges_l2: [[ 3.617537e+00, -1.371963e+00,  3.639300e+00, -3.842790e-01, -1.611593e+00],
 [ 3.092715e-03, -1.020737e-02,  5.010660e-03,  7.359247e-04, -6.019768e-03],
 [ 1.337968e-02, -2.488487e-03,  1.037776e-02, -3.037667e-03, -3.384246e-03],
 [ 1.164604e-01,  1.615102e-02, -2.840806e-03, -9.533215e-02, -8.011779e-02],
 [ 1.811449e-01,  1.777634e-02,  1.168384e-01, -4.389025e-02,  2.725225e-02],
 [ 5.846528e-02,  9.233843e-02,  4.428268e-02,  6.473082e-03,  2.631222e-02],
 [ 4.990695e-02,  7.765085e-02,  1.696302e-02,  2.048892e-02,  8.414264e-02],
 [ 6.295918e-02,  9.097662e-02, -3.817530e-02,  1.871365e-02,  4.971370e-02],
 [ 9.740425e-02,  9.846080e-02, -1.731301e-02,  2.729108e-02,  3.966020e-02],
 [ 5.695190e-02,  1.128446e-01, -6.169322e-02,  3.867533e-02, -5.564652e-02],
 [-9.115879e-03,  1.213135e-02, -6.596943e-03, -6.872197e-03, -4.093319e-03],
 [ 1.404423e-02,  2.406149e-03, -1.212969e-03,  4.426925e-03, -5.162284e-03],
 [ 2.273916e+00,  2.882495e+00, -1.360854e+00, -1.025422e+00, -2.348846e+00]]
energy_short: [-0.602913,  0.85745 ,  0.835   , -0.394166, -0.227313, -0.208624, -0.383559, -0.399282, -0.396477, -0.476663,  0.881241,  0.855973, -0.42966 ]
energy_long: [-0.041815,  0.046307,  0.046286, -0.095355,  0.06958 ,  0.062868,  0.05093 ,  0.072674,  0.070556, -0.073945,  0.05951 ,  0.054859, -0.002468]