step=1726155, graph_id=0, num_atoms=13
scalar_charges: [ 1.975585, -5.390581, -5.391574,  1.978321,  1.975329,  2.001621,  2.039488,  2.01802 ,  2.01039 ,  1.991226, -5.376606, -5.383073,  2.014217]
spherical_charges_l0: [[2.926248e-02],
 [2.379375e-04],
 [3.461421e-04],
 [4.351154e+00],
 [3.501186e-01],
 [1.108428e-01],
 [6.385539e-02],
 [8.488167e-02],
 [1.537441e-01],
 [3.496994e+00],
 [6.984573e-04],
 [5.455358e-04],
 [5.997008e-02]]
spherical_charges_l1: [[-7.477301e-03,  4.181923e-02,  3.094629e-02],
 [-7.029135e-05, -5.045147e-05, -8.456921e-05],
 [-4.861953e-06, -6.962661e-05,  1.448479e-07],
 [-4.408669e-02, -2.949336e+00, -1.170570e+00],
 [ 1.463875e-01, -1.725846e-01, -2.521737e-02],
 [-3.058044e-02,  5.262348e-02,  4.574842e-02],
 [ 1.068650e-02, -1.919182e-02,  4.357855e-02],
 [ 4.333059e-02,  8.824273e-02,  1.379842e-01],
 [-3.509705e-02,  9.482066e-02,  5.426928e-02],
 [-1.395838e+00,  2.417619e+00, -1.113628e+00],
 [-2.490612e-04,  1.288643e-04, -1.341944e-04],
 [-1.063651e-06,  2.885234e-04, -1.472848e-04],
 [ 1.479026e-02, -3.590308e-02,  2.191351e-02]]
spherical_charges_l2: [[-2.681776e-02, -2.316557e-02,  7.133178e-02,  9.249166e-02, -4.443988e-02],
 [ 2.495366e-04, -1.193809e-03,  2.318969e-04, -1.934667e-04, -5.952768e-04],
 [ 4.682734e-04, -5.370574e-04,  2.893852e-04, -1.784834e-04, -3.134737e-04],
 [-9.513191e-01, -1.298887e+00, -6.365180e+00, -2.688074e+00,  1.532697e+00],
 [ 9.853983e-02,  3.567173e-01,  7.118137e-01,  3.235584e-01, -4.998603e-02],
 [ 3.921687e-01, -8.447800e-02, -4.205381e-02, -2.761677e-01,  1.083161e-01],
 [-1.136199e-01,  1.579111e-01, -5.443775e-02,  2.291673e-03, -5.038016e-02],
 [ 1.384554e-02, -2.708568e-02, -7.387526e-02, -1.249754e-01,  1.199033e-02],
 [ 1.006739e-01,  1.204172e-01, -1.781603e-01, -3.961084e-02, -3.013867e-01],
 [-1.494687e+00, -1.975395e+00,  1.809303e+00,  1.168260e+00,  4.792955e+00],
 [ 3.522835e-04,  1.193744e-04, -8.787902e-06,  8.208416e-04,  7.244901e-04],
 [-6.516649e-04,  4.044338e-04, -1.310353e-04, -8.687038e-05,  2.122107e-04],
 [ 3.568476e-02,  4.834402e-03,  2.418005e-02, -1.395555e-01, -7.331531e-02]]
energy_short: [ 0.162856, -0.59078 , -0.623675,  0.328447,  0.489263,  0.498388,  0.359695,  0.336786,  0.325544,  0.148851, -0.576994, -0.60397 ,  0.476754]
energy_long: [ 0.043188, -0.193462, -0.193529, -0.151197,  0.094098,  0.104754,  0.070087,  0.086631,  0.085296, -0.142524, -0.193356, -0.193314,  0.045276]