step=1225530, graph_id=0, num_atoms=13
scalar_charges: [ 2.364611, -6.504147, -6.513363,  2.440162,  2.36989 ,  2.367914,  2.363085,  2.365644,  2.373283,  2.428508, -6.490902, -6.505977,  2.38921 ]
spherical_charges_l0: [[4.063232e-02],
 [2.144153e-04],
 [4.828619e-04],
 [5.485353e+00],
 [4.148587e-01],
 [1.440448e-01],
 [6.186984e-02],
 [9.235194e-02],
 [1.924150e-01],
 [4.378411e+00],
 [6.075671e-04],
 [3.616943e-04],
 [5.919417e-02]]
spherical_charges_l1: [[-2.757929e-02,  5.876081e-02,  3.450488e-02],
 [-3.764635e-04, -4.762823e-05, -2.356010e-04],
 [ 5.144973e-04, -6.450366e-04,  3.617692e-05],
 [-1.026864e-01, -3.839714e+00, -1.582380e+00],
 [ 1.136204e-01, -2.146148e-01, -5.003686e-02],
 [-2.735813e-02,  6.012366e-02,  5.101167e-02],
 [ 4.667094e-03, -1.740833e-02,  4.043069e-02],
 [ 3.164480e-02,  1.218184e-01,  1.401438e-01],
 [-3.871498e-02,  1.050924e-01,  7.192828e-02],
 [-1.723212e+00,  3.020721e+00, -1.572146e+00],
 [-5.856882e-04,  1.388655e-04, -1.585860e-04],
 [ 3.100654e-04,  6.821977e-04, -3.350331e-04],
 [ 1.838107e-02, -5.367927e-02,  3.116812e-02]]
spherical_charges_l2: [[-2.631230e-02, -2.044095e-02,  7.965092e-02,  8.605647e-02, -3.419095e-02],
 [-2.800274e-04, -6.862370e-04, -1.613957e-04, -9.782867e-05, -4.072280e-04],
 [-4.467177e-04, -6.007361e-04,  1.468550e-04,  5.037776e-04, -3.917393e-04],
 [-1.172014e+00, -1.612863e+00, -8.316562e+00, -3.869129e+00,  2.113476e+00],
 [ 1.578906e-01,  3.899579e-01,  8.601446e-01,  3.651367e-01, -6.858335e-02],
 [ 4.756312e-01, -7.322676e-02, -1.765854e-02, -3.389677e-01,  1.326714e-01],
 [-1.170622e-01,  1.425819e-01, -6.975830e-02, -8.078693e-03, -5.088786e-02],
 [ 1.864784e-02,  2.179583e-03, -8.238900e-02, -1.459173e-01,  1.572553e-02],
 [ 1.400506e-01,  1.523280e-01, -1.895258e-01, -5.855865e-02, -3.544667e-01],
 [-1.973560e+00, -2.340631e+00,  1.949705e+00,  2.114474e+00,  5.962814e+00],
 [ 9.086442e-04, -9.946903e-05,  1.832108e-05, -2.822544e-04, -6.300031e-04],
 [-6.828035e-04,  4.614775e-04, -1.584155e-04, -6.468433e-04, -2.771641e-04],
 [ 3.273980e-02,  2.471642e-03,  3.559786e-02, -1.435938e-01, -6.603108e-02]]
energy_short: [ 0.278162, -0.744078, -0.779808,  0.480091,  0.536518,  0.559906,  0.422213,  0.397293,  0.377923,  0.262528, -0.728903, -0.760104,  0.631284]
energy_long: [ 0.010668, -0.193495, -0.193532, -0.169788,  0.062317,  0.078129,  0.041349,  0.055887,  0.052968, -0.166923, -0.193601, -0.193628,  0.011029]