step=2711385, graph_id=0, num_atoms=13
scalar_charges: [-1.656572, -1.239155, -1.261857, -1.680337, -1.952213, -1.868829, -1.549026, -1.800715, -1.836597, -1.568487, -1.262375, -1.260016, -1.590006]
spherical_charges_l0: [[ 4.273764e+00],
 [-7.336795e-04],
 [ 6.664130e-03],
 [ 8.874582e-02],
 [ 2.653911e-01],
 [ 3.706524e-01],
 [-2.359882e-02],
 [ 1.639306e-01],
 [ 9.467524e-02],
 [ 1.558172e-01],
 [-1.685569e-03],
 [ 1.447133e-03],
 [ 3.592133e+00]]
spherical_charges_l1: [[ 6.807166e-01,  9.509991e-01,  6.321633e-01],
 [ 1.723490e-03,  2.843550e-03,  2.054759e-03],
 [-1.809380e-03,  4.040102e-03,  7.608646e-04],
 [-3.155027e-02, -1.987497e-01, -3.429053e-02],
 [ 1.445039e-01, -2.055724e-01,  7.920101e-02],
 [-1.138487e-02,  2.422396e-01,  1.847704e-01],
 [ 1.991077e-02,  1.332201e-02, -2.422563e-03],
 [-7.147574e-02,  1.029213e-01,  8.256984e-02],
 [-1.492305e-02,  6.028892e-02,  1.329797e-01],
 [ 2.479196e-02,  3.728891e-02,  3.072656e-02],
 [ 2.893222e-03, -1.682005e-03,  1.139479e-03],
 [ 1.074834e-03, -2.222137e-03,  1.328703e-03],
 [ 7.045608e-01, -8.322940e-01,  2.548539e-01]]
spherical_charges_l2: [[ 3.838778e+00,  2.374223e-01,  6.098133e+00,  1.330067e+00, -1.695626e+00],
 [-6.241202e-03,  4.985499e-03, -9.167444e-03, -2.032357e-03,  6.094836e-03],
 [-4.283509e-03, -1.053813e-03, -5.170179e-03, -6.717683e-04, -7.912889e-05],
 [-3.397055e-01,  8.183578e-02, -8.463627e-01,  3.321721e-02,  8.475862e-02],
 [-2.004628e-01,  1.083358e-01, -2.895825e-01, -1.767865e-01,  2.118375e-01],
 [-1.908001e-01,  4.961814e-01,  7.937031e-01,  4.814298e-01, -2.028629e-01],
 [-5.261060e-03, -5.835516e-03,  2.554327e-02,  1.159754e-02,  2.027805e-02],
 [ 2.371961e-01,  4.704119e-01, -3.463477e-01, -6.899735e-02, -7.006879e-01],
 [-1.882310e-01,  2.372069e-02,  3.366062e-02,  1.846880e-01,  3.201204e-01],
 [-9.274836e-02, -5.228489e-02,  1.218446e-01,  2.392965e-02,  3.552898e-01],
 [-8.293197e-03, -1.015633e-02,  4.615796e-03,  5.213257e-03,  8.409027e-03],
 [-4.625367e-03, -6.640920e-03,  1.586869e-03, -3.269367e-04,  2.896675e-03],
 [ 3.220796e+00,  2.998950e+00, -1.337843e+00, -1.925514e+00, -3.955298e+00]]
energy_short: [-0.592772,  0.98134 ,  0.963222, -0.338373, -0.142249, -0.151736, -0.275725, -0.306834, -0.315464, -0.415233,  1.000801,  0.985111, -0.368645]
energy_long: [-0.133571, -0.027405, -0.030423, -0.136721,  0.005708, -0.020006, -0.04014 , -0.014581, -0.01578 , -0.134987, -0.02817 , -0.028554, -0.117493]