step=1141425, graph_id=0, num_atoms=13
scalar_charges: [ 2.193053, -6.01049 , -6.013736,  2.257468,  2.203883,  2.19947 ,  2.195237,  2.196803,  2.205687,  2.243955, -5.99826 , -6.007483,  2.217645]
spherical_charges_l0: [[ 4.631728e-02],
 [-5.544141e-05],
 [ 4.525751e-04],
 [ 5.142482e+00],
 [ 4.063999e-01],
 [ 1.133312e-01],
 [ 6.592771e-02],
 [ 9.161134e-02],
 [ 1.958184e-01],
 [ 4.072918e+00],
 [ 3.063856e-04],
 [ 1.986409e-04],
 [ 6.355862e-02]]
spherical_charges_l1: [[-2.581289e-02,  7.776273e-02,  3.985708e-02],
 [-2.141497e-04,  1.943723e-04,  2.878529e-06],
 [ 6.307144e-04, -4.872438e-04,  1.890105e-04],
 [-3.239743e-01, -3.640727e+00, -1.569079e+00],
 [ 1.369333e-01, -2.165524e-01, -3.211645e-02],
 [-2.549188e-02,  4.706724e-02,  4.561818e-02],
 [ 3.851143e-03, -2.118701e-02,  3.150096e-02],
 [ 2.679725e-02,  1.445722e-01,  1.415260e-01],
 [-4.733206e-02,  1.217552e-01,  5.766805e-02],
 [-1.685644e+00,  2.814634e+00, -1.508308e+00],
 [-6.407740e-04,  4.913040e-05, -6.365738e-05],
 [ 4.099158e-04,  5.334694e-04, -2.298204e-04],
 [ 2.261450e-02, -6.232316e-02,  3.079774e-02]]
spherical_charges_l2: [[-1.549082e-02, -2.576436e-02,  7.850096e-02,  9.633593e-02, -3.388990e-02],
 [-1.918712e-04, -3.670535e-04, -2.525855e-04, -1.115333e-04, -1.768209e-04],
 [-2.982628e-04, -5.225378e-04,  1.164334e-04,  3.369271e-04, -4.027152e-04],
 [-1.067359e+00, -1.718199e+00, -7.928215e+00, -3.616790e+00,  1.858924e+00],
 [ 1.368307e-01,  4.901489e-01,  8.257554e-01,  3.997156e-01, -4.577144e-02],
 [ 4.272324e-01, -7.600406e-02, -4.081213e-02, -2.917688e-01,  1.114429e-01],
 [-1.164560e-01,  1.244703e-01, -6.571314e-02, -2.541775e-02, -7.899866e-02],
 [ 3.998602e-03, -9.240607e-03, -9.484869e-02, -1.657157e-01,  2.191912e-02],
 [ 1.437822e-01,  1.613727e-01, -1.890821e-01, -4.985789e-02, -3.435994e-01],
 [-1.780014e+00, -1.876776e+00,  1.786120e+00,  1.804388e+00,  5.576366e+00],
 [ 5.886013e-04,  2.414273e-05, -5.161720e-05, -2.763779e-04, -4.959910e-04],
 [-5.112592e-04,  1.429988e-04, -1.496499e-05, -3.062147e-04, -8.862221e-05],
 [ 3.498144e-02, -5.437918e-03,  3.799357e-02, -1.464331e-01, -7.212042e-02]]
energy_short: [ 0.167338, -0.588256, -0.62347 ,  0.41507 ,  0.485338,  0.502538,  0.374638,  0.339839,  0.325429,  0.201108, -0.57531 , -0.604402,  0.518813]
energy_long: [ 0.009848, -0.180564, -0.180371, -0.157368,  0.063156,  0.078168,  0.043142,  0.052115,  0.048831, -0.156487, -0.180383, -0.180413,  0.010278]