step=2991735, graph_id=0, num_atoms=13
scalar_charges: [-1.397066, -1.156449, -1.178815, -1.442868, -1.607799, -1.568944, -1.348568, -1.52639 , -1.526979, -1.359292, -1.173548, -1.173129, -1.354239]
spherical_charges_l0: [[ 3.921093e+00],
 [ 5.600488e-04],
 [ 8.151983e-03],
 [ 3.469954e-02],
 [ 1.461622e-01],
 [ 3.983277e-01],
 [-2.238568e-02],
 [ 2.314655e-01],
 [ 4.744086e-02],
 [ 1.068870e-01],
 [-5.636935e-04],
 [ 2.865512e-03],
 [ 3.153746e+00]]
spherical_charges_l1: [[ 7.934366e-01,  1.039480e+00,  7.227929e-01],
 [ 1.873479e-03,  2.807730e-03,  1.747046e-03],
 [-1.178150e-03,  4.069667e-03,  8.622757e-04],
 [-5.236114e-02, -1.882059e-01, -6.022708e-03],
 [ 1.140089e-01, -2.470374e-01,  3.721388e-02],
 [-4.719285e-02,  2.554931e-01,  1.940493e-01],
 [ 2.579046e-02,  1.398899e-02, -4.996029e-03],
 [-7.808248e-02,  9.897909e-02,  8.002045e-02],
 [-3.443601e-02,  5.969066e-02,  8.232192e-02],
 [-2.251554e-03,  8.973949e-02,  2.427618e-02],
 [ 3.610736e-03, -9.701212e-04,  5.512009e-04],
 [ 1.713098e-04, -2.322042e-03,  1.298456e-03],
 [ 7.464253e-01, -8.554997e-01,  2.111086e-01]]
spherical_charges_l2: [[ 3.585350e+00,  3.844604e-01,  6.107213e+00,  1.453554e+00, -1.555768e+00],
 [-5.972236e-03,  6.328329e-03, -9.358057e-03, -2.758331e-03,  6.697309e-03],
 [-3.316155e-03, -3.871616e-05, -3.889221e-03, -7.886696e-04, -4.068746e-04],
 [-3.783349e-01,  5.466931e-02, -8.788732e-01, -2.208517e-03,  7.510976e-02],
 [-1.771129e-01,  9.397233e-02, -2.788613e-01, -1.452636e-01,  2.221463e-01],
 [-2.172043e-01,  5.298114e-01,  9.017846e-01,  4.922830e-01, -1.981227e-01],
 [ 8.086624e-03, -9.943642e-03,  3.103299e-02,  2.971195e-02,  2.474404e-02],
 [ 2.337406e-01,  5.447053e-01, -3.969794e-01, -1.523165e-02, -8.061544e-01],
 [-1.818820e-01,  3.693425e-02,  3.423666e-02,  1.740289e-01,  3.164424e-01],
 [-9.999955e-02, -5.968466e-02,  1.129443e-01,  3.018326e-02,  3.957011e-01],
 [-8.968215e-03, -1.325524e-02,  6.753210e-03,  2.345888e-03,  7.026549e-03],
 [-5.704212e-03, -7.461760e-03,  2.826981e-03, -2.784803e-03,  1.691622e-03],
 [ 3.153299e+00,  2.898154e+00, -1.323597e+00, -1.871836e+00, -3.893272e+00]]
energy_short: [-0.610651,  0.961866,  0.942801, -0.377011, -0.155317, -0.176357, -0.300061, -0.333671, -0.331817, -0.448898,  0.979262,  0.963728, -0.385369]
energy_long: [-0.118812, -0.021044, -0.024109, -0.134766,  0.009445, -0.004032, -0.038714, -0.00908 , -0.013537, -0.129083, -0.022184, -0.023008, -0.102276]