step=1105380, graph_id=0, num_atoms=13
scalar_charges: [ 2.217943, -6.055377, -6.058424,  2.289635,  2.236141,  2.232854,  2.232624,  2.231006,  2.238122,  2.274643, -6.040483, -6.050121,  2.245339]
spherical_charges_l0: [[3.941818e-02],
 [2.357879e-06],
 [3.402582e-04],
 [4.620109e+00],
 [3.353664e-01],
 [1.211715e-01],
 [6.809448e-02],
 [9.374485e-02],
 [1.707867e-01],
 [3.677190e+00],
 [8.678700e-05],
 [5.238258e-05],
 [5.205848e-02]]
spherical_charges_l1: [[-2.335514e-02,  5.106084e-02,  3.330783e-02],
 [-1.520210e-04,  3.992353e-04,  1.486887e-04],
 [ 5.864784e-04, -2.839731e-04,  2.562696e-04],
 [-5.422806e-02, -3.222484e+00, -1.328937e+00],
 [ 9.261909e-02, -1.820055e-01, -3.936410e-02],
 [-2.974566e-02,  6.075855e-02,  6.012257e-02],
 [ 6.518642e-03, -1.730843e-02,  3.537087e-02],
 [ 3.561541e-02,  1.231635e-01,  1.463998e-01],
 [-3.397764e-02,  9.543332e-02,  6.444321e-02],
 [-1.535167e+00,  2.624759e+00, -1.432031e+00],
 [-4.612696e-04, -1.977335e-05,  8.872144e-06],
 [ 5.021548e-04,  2.990249e-04, -9.015774e-05],
 [ 1.782811e-02, -5.037472e-02,  2.296820e-02]]
spherical_charges_l2: [[-2.415326e-02, -1.821370e-02,  8.005664e-02,  9.002820e-02, -3.297427e-02],
 [-5.448645e-04, -2.612579e-04, -3.107020e-04,  1.305565e-04, -2.036855e-04],
 [-5.250125e-04, -4.007016e-04,  2.735245e-04,  7.087791e-04, -4.823666e-04],
 [-9.103909e-01, -1.732085e+00, -7.173688e+00, -3.349002e+00,  1.467141e+00],
 [ 1.228063e-01,  3.665971e-01,  7.241412e-01,  3.768338e-01, -4.573555e-02],
 [ 4.628553e-01, -7.627373e-02, -4.351145e-02, -3.053476e-01,  1.298336e-01],
 [-9.575223e-02,  1.498467e-01, -7.783823e-02, -2.543841e-02, -7.179631e-02],
 [ 1.802257e-02, -1.397901e-03, -6.852435e-02, -1.372120e-01,  3.063351e-02],
 [ 1.267558e-01,  1.296501e-01, -1.705387e-01, -4.002779e-02, -3.024133e-01],
 [-1.548326e+00, -1.794474e+00,  1.661358e+00,  1.558875e+00,  5.124754e+00],
 [ 2.372345e-04,  9.077731e-05, -1.192063e-04, -6.304290e-04, -6.508522e-04],
 [-1.873470e-04, -1.042197e-04,  1.264745e-04, -4.274406e-04, -4.486470e-04],
 [ 3.690045e-02,  8.378568e-03,  2.838176e-02, -1.215949e-01, -5.686437e-02]]
energy_short: [ 0.148618, -0.510744, -0.544125,  0.358765,  0.465462,  0.47792 ,  0.338177,  0.314679,  0.299364,  0.154129, -0.497685, -0.525841,  0.497332]
energy_long: [-0.000382, -0.19359 , -0.193433, -0.163031,  0.055033,  0.075111,  0.037913,  0.045404,  0.040345, -0.161625, -0.193404, -0.193445,  0.000458]