step=3980970, graph_id=0, num_atoms=13
scalar_charges: [-1.560634, -1.282329, -1.325154, -1.685922, -2.085014, -1.994965, -1.522038, -1.880214, -1.881967, -1.550574, -1.31242 , -1.315257, -1.494222]
spherical_charges_l0: [[ 4.619571e+00],
 [-2.403520e-03],
 [ 4.860772e-03],
 [ 2.159591e-02],
 [ 1.862786e-01],
 [ 5.534542e-01],
 [-7.269596e-02],
 [ 3.122713e-01],
 [ 5.413876e-02],
 [ 1.395086e-01],
 [-3.025425e-03],
 [-2.779943e-04],
 [ 3.623786e+00]]
spherical_charges_l1: [[ 1.001062e+00,  1.054401e+00,  7.762752e-01],
 [ 1.342164e-03,  1.465542e-03,  8.618667e-04],
 [-3.153514e-04,  3.779999e-03,  7.479553e-04],
 [-1.347825e-01, -1.890509e-01, -1.901457e-02],
 [ 2.129154e-01, -3.491665e-01,  1.398858e-01],
 [-6.663135e-02,  3.865714e-01,  2.829044e-01],
 [ 3.168574e-02,  1.469049e-02, -1.273646e-02],
 [-1.125973e-01,  6.921254e-02,  1.522785e-01],
 [-4.402610e-02,  8.343254e-02,  1.307316e-01],
 [-3.197750e-02,  1.294484e-01, -1.198228e-02],
 [ 3.337604e-03, -7.454329e-04, -1.221850e-04],
 [ 8.775264e-04, -7.501535e-04,  3.285150e-04],
 [ 9.101382e-01, -1.043348e+00,  1.543253e-01]]
spherical_charges_l2: [[ 4.454405e+00,  5.479132e-01,  7.924539e+00,  2.005364e+00, -1.945431e+00],
 [-1.111034e-02,  3.580402e-03, -1.550259e-02, -1.260380e-03,  6.865761e-03],
 [ 2.705289e-04,  7.017092e-03,  2.528433e-03,  1.741806e-03,  1.312412e-03],
 [-4.526829e-01,  2.648802e-02, -1.158465e+00, -7.963835e-02,  1.181823e-01],
 [-2.203028e-01,  2.015727e-01, -3.975472e-01, -1.362919e-01,  3.404418e-01],
 [-4.401159e-01,  7.581899e-01,  1.215738e+00,  7.319236e-01, -3.198300e-01],
 [ 3.447786e-02,  6.874843e-03,  2.162594e-02,  1.016966e-02,  1.159798e-02],
 [ 2.537433e-01,  7.942196e-01, -5.094176e-01, -5.372712e-02, -1.151077e+00],
 [-2.012675e-01,  6.058066e-02,  6.298731e-02,  2.155451e-01,  4.311919e-01],
 [-1.570456e-01, -9.449257e-02,  1.897320e-01,  6.101461e-02,  5.758772e-01],
 [-1.603835e-02, -1.072983e-02,  4.738881e-03, -2.248046e-03,  7.463820e-03],
 [ 9.419943e-04, -1.067162e-02,  5.362578e-03, -1.812795e-03, -1.464341e-03],
 [ 3.981158e+00,  3.695719e+00, -1.718287e+00, -2.372037e+00, -4.952127e+00]]
energy_short: [-0.648701,  0.96367 ,  0.94341 , -0.413242, -0.173973, -0.191736, -0.311604, -0.347267, -0.346068, -0.481158,  0.981562,  0.965085, -0.436523]
energy_long: [-0.113079,  0.011155,  0.006543, -0.125307,  0.041077,  0.024733, -0.01112 ,  0.0201  ,  0.014256, -0.116034,  0.009011,  0.008175, -0.095081]