step=1049310, graph_id=0, num_atoms=13
scalar_charges: [ 1.761838, -4.824695, -4.82383 ,  1.797032,  1.758111,  1.752127,  1.758698,  1.751938,  1.760798,  1.790552, -4.80872 , -4.814611,  1.769647]
spherical_charges_l0: [[ 6.594140e-02],
 [ 9.908383e-05],
 [ 3.145717e-04],
 [ 4.347845e+00],
 [ 3.961628e-01],
 [ 1.264149e-01],
 [ 8.216128e-02],
 [ 5.746292e-02],
 [ 1.785490e-01],
 [ 3.692988e+00],
 [-1.336080e-04],
 [-1.560213e-04],
 [ 7.175168e-02]]
spherical_charges_l1: [[-1.379247e-02,  5.333795e-02,  3.164231e-02],
 [ 1.699781e-04,  3.853772e-04,  2.816851e-04],
 [ 4.527669e-04,  6.894857e-05,  1.965461e-04],
 [-1.125135e-01, -3.261074e+00, -1.339767e+00],
 [ 1.576322e-01, -2.127092e-01, -1.848178e-02],
 [-3.036872e-02,  2.096276e-02,  1.763375e-02],
 [ 1.467829e-03, -2.164039e-02,  3.293685e-02],
 [ 2.451986e-02,  8.566508e-02,  8.420382e-02],
 [-3.680423e-02,  9.267647e-02,  6.676461e-02],
 [-1.588638e+00,  2.725536e+00, -1.472614e+00],
 [-3.376976e-04,  2.589624e-05, -3.625923e-05],
 [ 3.719289e-04,  1.807504e-04, -7.960759e-05],
 [ 1.790320e-02, -4.293073e-02,  2.206786e-02]]
spherical_charges_l2: [[-1.302661e-02, -3.566245e-02,  9.748159e-02,  1.097025e-01, -5.965853e-02],
 [-2.361697e-04, -3.014095e-04, -2.084619e-04,  5.209697e-05, -1.492691e-04],
 [-4.721956e-04, -2.804799e-04,  3.425082e-04,  7.880426e-04, -3.949353e-04],
 [-1.064077e+00, -1.312019e+00, -6.969529e+00, -2.914778e+00,  1.704025e+00],
 [ 1.248334e-01,  3.875640e-01,  8.051611e-01,  3.931718e-01, -4.543138e-02],
 [ 3.720641e-01, -9.726895e-02, -3.015783e-02, -2.782931e-01,  8.984430e-02],
 [-1.017714e-01,  1.097668e-01, -6.564610e-02, -3.031901e-02, -8.903121e-02],
 [ 4.654677e-02, -1.253024e-02, -5.400775e-02, -8.450785e-02,  2.056267e-02],
 [ 1.056204e-01,  1.256496e-01, -1.672426e-01, -5.868989e-02, -2.885479e-01],
 [-1.800360e+00, -2.084081e+00,  1.726820e+00,  1.717858e+00,  5.216200e+00],
 [-7.757678e-05,  3.880127e-04, -3.865133e-04, -8.024584e-04, -6.897773e-04],
 [ 2.998740e-04, -3.036467e-04,  3.021848e-04, -7.225953e-05, -4.870336e-04],
 [ 4.198414e-02,  1.406679e-02,  2.680834e-02, -1.497175e-01, -7.838160e-02]]
energy_short: [ 0.077592, -0.52143 , -0.552242,  0.372642,  0.488018,  0.502986,  0.368236,  0.343848,  0.328103,  0.163448, -0.506096, -0.532799,  0.417318]
energy_long: [ 3.088871e-05, -1.723041e-01, -1.722400e-01, -1.619716e-01,  4.861391e-02,  6.362933e-02,  4.031650e-02,  5.266739e-02,  4.192141e-02, -1.536725e-01, -1.722676e-01, -1.722653e-01,  7.595047e-04]