step=472590, graph_id=0, num_atoms=13
scalar_charges: [ 3.049726, -9.06408 , -9.054154,  3.271816,  3.08164 ,  3.039665,  2.945531,  3.020328,  3.005532,  3.199752, -9.063925, -9.047544,  3.053194]
spherical_charges_l0: [[1.529408e-02],
 [1.924241e-06],
 [1.015103e-04],
 [5.793523e+00],
 [3.804989e-01],
 [2.022658e-01],
 [1.142974e-01],
 [1.172285e-01],
 [1.678834e-01],
 [4.643099e+00],
 [1.718526e-05],
 [2.664019e-05],
 [1.231747e-02]]
spherical_charges_l1: [[-3.450482e-02,  5.579174e-02,  4.005016e-02],
 [ 2.134805e-05, -2.415614e-05, -2.544644e-05],
 [ 3.598357e-05, -7.419291e-05, -2.262977e-05],
 [-3.239166e-02, -4.826053e+00, -1.875470e+00],
 [ 2.447459e-01, -2.627968e-01, -2.262495e-02],
 [ 3.521301e-02,  7.084418e-02,  1.212525e-01],
 [ 2.722084e-03, -1.854880e-03,  3.048242e-02],
 [ 4.640438e-02,  1.893161e-01,  1.497621e-01],
 [-5.964819e-02,  1.312421e-01,  5.588306e-02],
 [-2.091641e+00,  3.778747e+00, -2.014132e+00],
 [ 6.218850e-06,  1.234563e-04, -6.008569e-05],
 [-8.527187e-05,  2.161176e-05, -5.586824e-06],
 [ 1.280429e-02, -6.025156e-02,  5.055293e-02]]
spherical_charges_l2: [[-4.209998e-02, -8.621437e-03,  1.216524e-01,  1.341990e-01, -7.118770e-02],
 [-7.539095e-05,  7.489730e-06,  5.250098e-05,  5.190128e-05, -9.171948e-06],
 [-1.062666e-04, -5.628371e-05,  5.095012e-05,  1.230573e-04, -1.144018e-04],
 [-2.423076e+00, -2.703361e+00, -1.072519e+01, -3.906854e+00,  1.826533e+00],
 [ 9.781851e-02,  6.208717e-01,  9.617674e-01,  4.087335e-01,  5.335920e-02],
 [ 6.916035e-01, -2.043070e-01, -4.689031e-02, -4.402561e-01,  1.608044e-01],
 [-1.794628e-01,  9.155792e-02, -6.728339e-02, -9.076077e-04, -1.064851e-01],
 [ 1.096818e-01,  1.248584e-02,  3.219590e-02, -1.401240e-01,  1.381725e-01],
 [ 9.203047e-02,  1.691546e-01, -2.150638e-01, -8.221058e-03, -3.973419e-01],
 [-2.489746e+00, -2.761470e+00,  2.494711e+00,  2.339620e+00,  7.429795e+00],
 [ 1.112494e-04, -8.914812e-05,  7.206303e-05, -1.482067e-04, -1.622827e-04],
 [-8.299178e-05, -1.993324e-05,  1.987096e-05, -1.866100e-04, -9.929441e-05],
 [ 3.858752e-02, -8.645658e-03,  4.679111e-02, -1.774259e-01, -9.907883e-02]]
energy_short: [ 0.012567, -0.308449, -0.334373,  0.226127,  0.222619,  0.236453,  0.105444,  0.074737,  0.068018, -0.03015 , -0.294779, -0.320001,  0.396399]
energy_long: [ 0.033932, -0.059024, -0.059055, -0.088369,  0.103847,  0.110519,  0.080122,  0.099512,  0.08501 , -0.078393, -0.05892 , -0.059043,  0.037782]