step=2743425, graph_id=0, num_atoms=13
scalar_charges: [-1.536808, -1.170832, -1.190656, -1.575852, -1.790005, -1.711263, -1.441256, -1.664741, -1.684038, -1.470983, -1.189524, -1.187582, -1.483701]
spherical_charges_l0: [[ 4.462356e+00],
 [ 1.348304e-03],
 [ 7.155899e-03],
 [ 1.371970e-01],
 [ 2.679806e-01],
 [ 3.783637e-01],
 [-2.639548e-02],
 [ 1.821043e-01],
 [ 8.259176e-02],
 [ 1.867975e-01],
 [-1.713968e-03],
 [ 1.453535e-03],
 [ 3.686518e+00]]
spherical_charges_l1: [[ 8.691441e-01,  1.099609e+00,  8.003480e-01],
 [ 1.661311e-03,  1.986714e-03,  1.428072e-03],
 [-8.506600e-04,  3.115027e-03,  5.152263e-04],
 [-2.226714e-02, -2.628850e-01, -5.906485e-02],
 [ 1.207721e-01, -2.197297e-01,  7.828307e-02],
 [-1.162249e-03,  2.663507e-01,  2.123341e-01],
 [ 2.660637e-02,  1.699611e-02,  5.758536e-04],
 [-7.384484e-02,  8.733512e-02,  9.313223e-02],
 [-1.733175e-02,  7.541537e-02,  1.480909e-01],
 [ 7.848557e-04,  9.245824e-02, -1.390242e-02],
 [ 3.243908e-03, -1.856065e-03,  1.141862e-03],
 [ 1.017536e-03, -1.824702e-03,  1.096530e-03],
 [ 7.807664e-01, -8.876733e-01,  2.858569e-01]]
spherical_charges_l2: [[ 3.868686e+00,  3.422138e-01,  6.217847e+00,  1.360334e+00, -1.734861e+00],
 [-5.505080e-03,  4.639812e-03, -7.585898e-03, -1.352795e-03,  5.233273e-03],
 [-4.590565e-03, -1.493328e-03, -5.884447e-03, -1.245414e-03, -1.382805e-04],
 [-4.101736e-01,  8.981322e-02, -1.049373e+00,  5.970064e-03,  9.001631e-02],
 [-1.706563e-01,  6.906869e-02, -2.671813e-01, -1.923296e-01,  2.016297e-01],
 [-2.212985e-01,  5.097830e-01,  7.895356e-01,  4.950165e-01, -1.704355e-01],
 [-3.361851e-03,  2.833568e-04,  3.459171e-02,  2.100096e-02,  2.307764e-02],
 [ 2.200885e-01,  5.163209e-01, -3.743628e-01, -3.747562e-02, -7.119117e-01],
 [-1.812616e-01,  3.334428e-02,  5.820134e-02,  1.553718e-01,  3.139438e-01],
 [-9.393266e-02, -2.173716e-02,  1.398259e-01,  6.083678e-02,  4.652021e-01],
 [-9.818224e-03, -1.165090e-02,  5.836497e-03,  4.405457e-03,  9.119878e-03],
 [-5.263789e-03, -7.257798e-03,  1.831786e-03, -1.320182e-03,  2.727482e-03],
 [ 3.226197e+00,  2.975976e+00, -1.372080e+00, -1.945667e+00, -4.008611e+00]]
energy_short: [-0.588315,  0.970866,  0.953134, -0.360057, -0.166825, -0.173703, -0.296228, -0.331793, -0.33688 , -0.433641,  0.989166,  0.973854, -0.364525]
energy_long: [-0.138299, -0.022382, -0.025759, -0.137148,  0.010057, -0.012599, -0.035971, -0.008008, -0.010542, -0.135763, -0.023202, -0.023814, -0.119664]