step=2755440, graph_id=0, num_atoms=13
scalar_charges: [-1.608133, -1.268476, -1.291483, -1.651499, -1.870118, -1.796874, -1.524112, -1.736596, -1.764224, -1.546033, -1.284833, -1.284833, -1.555675]
spherical_charges_l0: [[ 4.308531e+00],
 [-1.243667e-03],
 [ 7.483008e-03],
 [ 7.971082e-02],
 [ 2.297633e-01],
 [ 3.499908e-01],
 [-1.545495e-02],
 [ 1.577883e-01],
 [ 7.333148e-02],
 [ 1.369019e-01],
 [-4.625358e-03],
 [ 1.030529e-04],
 [ 3.593065e+00]]
spherical_charges_l1: [[ 7.019025e-01,  1.025710e+00,  7.319397e-01],
 [ 1.824602e-03,  3.031308e-03,  2.193168e-03],
 [-2.522208e-03,  5.117470e-03,  9.003053e-04],
 [-7.001035e-02, -2.068082e-01, -6.177955e-02],
 [ 9.601997e-02, -2.049510e-01,  4.505336e-02],
 [-2.314153e-02,  1.974946e-01,  1.694641e-01],
 [ 2.828051e-02,  1.859278e-02,  8.589333e-03],
 [-4.230594e-02,  1.024369e-01,  8.223432e-02],
 [-2.186509e-02,  6.888975e-02,  1.118706e-01],
 [ 1.494331e-02,  5.796682e-02,  3.720439e-03],
 [ 4.683062e-03, -2.131864e-03,  1.347475e-03],
 [ 7.294827e-04, -3.438283e-03,  1.930770e-03],
 [ 7.197487e-01, -8.473291e-01,  2.956874e-01]]
spherical_charges_l2: [[ 3.643270e+00,  3.967030e-01,  5.951643e+00,  1.339744e+00, -1.641268e+00],
 [-1.124591e-02,  7.004992e-03, -1.543592e-02, -2.077061e-03,  8.148797e-03],
 [-6.797393e-03,  6.634322e-03, -6.735168e-03, -9.497873e-04,  4.518635e-03],
 [-3.722963e-01,  8.168383e-02, -8.980118e-01,  1.480038e-02,  9.588508e-02],
 [-1.886952e-01,  1.002230e-01, -2.302839e-01, -1.937163e-01,  2.120054e-01],
 [-1.662481e-01,  4.092475e-01,  7.661987e-01,  4.393411e-01, -1.710269e-01],
 [-1.235316e-03, -3.260540e-03,  3.278943e-02,  4.037143e-02,  3.658900e-02],
 [ 2.247492e-01,  4.338485e-01, -3.382621e-01, -5.829885e-02, -6.276186e-01],
 [-1.825309e-01,  4.162247e-02,  2.952201e-02,  1.842533e-01,  2.926957e-01],
 [-8.542765e-02, -3.771928e-02,  9.510913e-02,  4.908369e-02,  4.303563e-01],
 [-1.742292e-02, -1.579224e-02,  7.364996e-03,  4.255826e-03,  1.377106e-02],
 [-4.147926e-03, -1.492924e-02,  5.693800e-03,  2.951762e-03,  6.353099e-03],
 [ 3.061573e+00,  2.832585e+00, -1.297779e+00, -1.833397e+00, -3.893973e+00]]
energy_short: [-0.561551,  0.979567,  0.960579, -0.368249, -0.158849, -0.169441, -0.299087, -0.326052, -0.33337 , -0.440299,  0.998423,  0.982533, -0.338918]
energy_long: [-0.126604, -0.022195, -0.025597, -0.134222,  0.007145, -0.012092, -0.038421, -0.013471, -0.014341, -0.13081 , -0.023398, -0.023961, -0.108654]