step=3884850, graph_id=0, num_atoms=13
scalar_charges: [-1.493232, -1.221843, -1.263842, -1.614437, -1.998204, -1.916569, -1.455062, -1.802865, -1.80321 , -1.484243, -1.250944, -1.253751, -1.427102]
spherical_charges_l0: [[ 4.468123e+00],
 [-2.384297e-03],
 [ 4.877395e-03],
 [ 1.762749e-02],
 [ 1.731378e-01],
 [ 5.324963e-01],
 [-7.062043e-02],
 [ 2.964039e-01],
 [ 5.061815e-02],
 [ 1.323361e-01],
 [-2.823506e-03],
 [-6.967731e-05],
 [ 3.520891e+00]]
spherical_charges_l1: [[ 9.653354e-01,  1.033076e+00,  7.534741e-01],
 [ 1.312118e-03,  1.369885e-03,  8.728396e-04],
 [-3.837940e-04,  3.714289e-03,  7.830787e-04],
 [-1.291710e-01, -1.868586e-01, -1.759295e-02],
 [ 2.041037e-01, -3.368867e-01,  1.338599e-01],
 [-5.991275e-02,  3.743795e-01,  2.745892e-01],
 [ 3.141152e-02,  1.460950e-02, -1.006244e-02],
 [-1.055294e-01,  6.832194e-02,  1.472858e-01],
 [-4.431647e-02,  8.430079e-02,  1.253294e-01],
 [-3.147919e-02,  1.268771e-01, -1.352111e-02],
 [ 3.244673e-03, -6.238393e-04, -1.479569e-04],
 [ 7.555267e-04, -7.013300e-04,  3.390352e-04],
 [ 8.883391e-01, -1.016808e+00,  1.576118e-01]]
spherical_charges_l2: [[ 4.340322e+00,  5.117765e-01,  7.693431e+00,  1.940184e+00, -1.904536e+00],
 [-1.104079e-02,  3.540785e-03, -1.550904e-02, -1.281906e-03,  6.839191e-03],
 [-1.529499e-05,  7.488479e-03,  2.446492e-03,  1.886112e-03,  1.633988e-03],
 [-4.291469e-01,  2.072912e-02, -1.098977e+00, -7.044967e-02,  1.181599e-01],
 [-2.100745e-01,  1.864918e-01, -3.774188e-01, -1.319289e-01,  3.241343e-01],
 [-4.185423e-01,  7.277731e-01,  1.166112e+00,  7.054128e-01, -3.078394e-01],
 [ 3.284406e-02,  8.346040e-03,  2.067023e-02,  1.270295e-02,  1.474044e-02],
 [ 2.515950e-01,  7.676841e-01, -4.878588e-01, -4.765279e-02, -1.098065e+00],
 [-1.975828e-01,  5.475832e-02,  6.060952e-02,  2.073954e-01,  4.159070e-01],
 [-1.415993e-01, -8.388825e-02,  1.822295e-01,  4.943136e-02,  5.633431e-01],
 [-1.607499e-02, -1.107279e-02,  4.953270e-03, -2.287151e-03,  7.531873e-03],
 [ 8.305391e-04, -1.094251e-02,  5.528905e-03, -1.792130e-03, -1.296583e-03],
 [ 3.880485e+00,  3.603436e+00, -1.667690e+00, -2.311319e+00, -4.820467e+00]]
energy_short: [-0.647363,  0.963622,  0.94346 , -0.410732, -0.169748, -0.189102, -0.310254, -0.344515, -0.342864, -0.479026,  0.981548,  0.965174, -0.434171]
energy_long: [-0.112766,  0.009111,  0.004603, -0.124991,  0.039558,  0.023535, -0.01288 ,  0.018733,  0.012436, -0.115863,  0.006984,  0.006177, -0.095468]