step=132165, graph_id=0, num_atoms=13
scalar_charges: [ 3.193054, -7.650679, -7.663431,  3.305994,  3.174726,  3.14665 ,  3.126312,  3.157487,  3.106644,  3.20591 , -7.643902, -7.663446,  3.224577]
spherical_charges_l0: [[-1.854532e-03],
 [ 1.160585e-04],
 [ 3.714396e-05],
 [ 2.536709e+00],
 [ 1.083004e-01],
 [ 2.812097e-01],
 [ 8.924425e-02],
 [ 2.213112e-01],
 [ 9.718029e-02],
 [ 1.820551e+00],
 [ 1.098570e-04],
 [ 7.137910e-05],
 [-2.142650e-02]]
spherical_charges_l1: [[-2.885483e-02,  6.792326e-03,  1.341831e-02],
 [ 1.399239e-04, -3.604252e-05,  6.661317e-05],
 [-1.542866e-04,  1.127240e-04, -4.747406e-05],
 [-5.960369e-02, -3.318920e+00, -1.531182e+00],
 [ 4.028114e-02, -9.620187e-02,  1.338319e-02],
 [-2.521521e-02,  3.119595e-02,  8.003566e-02],
 [-7.913914e-03,  1.157289e-02, -4.611713e-03],
 [ 1.097562e-01,  1.334034e-01,  2.097880e-01],
 [-5.341355e-03,  6.724017e-02,  5.817236e-02],
 [-1.183674e+00,  2.095808e+00, -1.839177e+00],
 [ 7.327581e-05,  1.512586e-04, -5.895479e-05],
 [-1.469602e-04, -3.679698e-05,  2.478704e-05],
 [-2.067692e-02, -1.702744e-02,  1.884728e-02]]
spherical_charges_l2: [[-1.218069e-02, -1.484776e-03,  5.182968e-02,  3.533256e-02, -1.217014e-02],
 [ 1.872043e-04, -4.133776e-05,  2.087343e-04,  5.553243e-05, -7.288838e-05],
 [-4.503323e-05, -2.308226e-04,  1.236710e-04,  1.649308e-04, -2.099874e-04],
 [-1.522796e+00, -1.491407e+00, -5.089926e+00, -1.603671e+00,  1.297984e-01],
 [ 1.200576e-01,  3.131172e-01,  2.910551e-01,  7.745605e-02,  1.524070e-01],
 [ 5.841575e-01, -2.369796e-01, -7.997496e-02, -2.348289e-01,  2.249265e-01],
 [-7.752295e-02,  3.001699e-02, -3.356403e-02,  1.351378e-02, -7.829940e-02],
 [ 2.216139e-01,  6.308664e-03,  2.373285e-01, -3.398068e-01,  3.831255e-01],
 [ 1.432260e-02,  1.250293e-01, -1.049247e-01,  1.473465e-03, -1.426724e-01],
 [-1.166550e+00, -1.107679e+00,  1.048291e+00,  9.742991e-01,  3.059555e+00],
 [ 2.405902e-04, -1.217742e-04,  9.365872e-05, -1.025753e-04, -1.812218e-04],
 [-9.581541e-05,  1.001054e-04, -2.112304e-05, -2.427302e-04, -1.383897e-04],
 [ 1.557283e-02, -8.894239e-03,  1.291691e-02, -1.122992e-02, -1.016962e-02]]
energy_short: [ 0.193938, -0.317927, -0.332506,  0.352358,  0.265297,  0.252085,  0.127764,  0.085113,  0.106025,  0.086678, -0.299269, -0.319827,  0.601355]
energy_long: [-0.040133, -0.041369, -0.041487, -0.055702,  0.023094,  0.060854,  0.0279  ,  0.039852,  0.012075, -0.054316, -0.041322, -0.041536, -0.038101]