step=3556440, graph_id=0, num_atoms=13
scalar_charges: [-1.327325, -1.074751, -1.105863, -1.418186, -1.748627, -1.665212, -1.282761, -1.571938, -1.573071, -1.294317, -1.09879 , -1.0989  , -1.270031]
spherical_charges_l0: [[ 4.075280e+00],
 [-1.162961e-03],
 [ 4.994784e-03],
 [ 3.883997e-03],
 [ 1.645381e-01],
 [ 4.784949e-01],
 [-6.435198e-02],
 [ 2.686270e-01],
 [ 4.943505e-02],
 [ 1.203224e-01],
 [-2.342903e-03],
 [ 4.514039e-04],
 [ 3.242348e+00]]
spherical_charges_l1: [[ 8.383127e-01,  9.654701e-01,  6.870530e-01],
 [ 1.549634e-03,  1.425653e-03,  9.065476e-04],
 [-2.491210e-04,  3.195362e-03,  5.525990e-04],
 [-1.044114e-01, -1.742486e-01, -1.513132e-02],
 [ 1.855468e-01, -3.210060e-01,  1.010878e-01],
 [-4.166932e-02,  3.369716e-01,  2.530400e-01],
 [ 2.908110e-02,  1.335015e-02, -9.248844e-03],
 [-1.014755e-01,  7.107174e-02,  1.255495e-01],
 [-4.508031e-02,  7.594676e-02,  1.021682e-01],
 [-2.460541e-02,  1.144505e-01, -9.972658e-03],
 [ 2.884040e-03,  4.170710e-05, -3.143247e-04],
 [-5.059671e-05, -5.132770e-04,  3.151315e-04],
 [ 8.076653e-01, -9.272460e-01,  1.590484e-01]]
spherical_charges_l2: [[ 3.936233e+00,  3.846746e-01,  6.980052e+00,  1.755862e+00, -1.824073e+00],
 [-8.921511e-03,  4.805501e-03, -1.365694e-02, -2.169976e-03,  6.707654e-03],
 [-1.128937e-03,  6.051110e-03,  1.183240e-04,  2.804304e-04,  1.529007e-03],
 [-4.138817e-01,  4.438124e-02, -1.028421e+00, -4.941262e-02,  1.034419e-01],
 [-2.024696e-01,  1.710582e-01, -3.349865e-01, -1.201583e-01,  2.891742e-01],
 [-3.189640e-01,  6.218861e-01,  1.068930e+00,  6.151502e-01, -2.754088e-01],
 [ 3.016574e-02,  1.814922e-02,  1.281898e-02,  1.104081e-02,  4.694032e-03],
 [ 2.453989e-01,  6.778514e-01, -4.227783e-01, -4.550887e-02, -9.803606e-01],
 [-1.881349e-01,  4.579270e-02,  4.801155e-02,  1.962878e-01,  3.715144e-01],
 [-1.442638e-01, -8.457334e-02,  1.612011e-01,  5.647587e-02,  4.881008e-01],
 [-1.385912e-02, -1.009414e-02,  4.791914e-03, -2.479943e-04,  7.642316e-03],
 [-9.207766e-04, -9.047651e-03,  4.066530e-03, -1.334931e-03,  3.126322e-04],
 [ 3.498644e+00,  3.229362e+00, -1.491631e+00, -2.167315e+00, -4.423574e+00]]
energy_short: [-0.644584,  0.959103,  0.940425, -0.414557, -0.171165, -0.189166, -0.317588, -0.345887, -0.344227, -0.481474,  0.975204,  0.960416, -0.427181]
energy_long: [-0.111869,  0.005623,  0.001558, -0.125335,  0.037353,  0.022118, -0.012805,  0.018399,  0.011064, -0.1174  ,  0.003893,  0.003179, -0.094043]