step=1762200, graph_id=0, num_atoms=13
scalar_charges: [ 2.027525, -5.328293, -5.327615,  2.048257,  2.022427,  2.040848,  2.053445,  2.049478,  2.04068 ,  2.058814, -5.320128, -5.322659,  2.044404]
spherical_charges_l0: [[2.085692e-02],
 [2.671773e-04],
 [4.935360e-04],
 [4.156405e+00],
 [3.197770e-01],
 [8.505961e-02],
 [5.177862e-02],
 [6.669991e-02],
 [1.398036e-01],
 [3.409308e+00],
 [7.247179e-04],
 [6.644687e-04],
 [4.841836e-02]]
spherical_charges_l1: [[-1.194994e-02,  3.930205e-02,  2.706591e-02],
 [-1.206136e-04, -2.202612e-05, -8.664122e-05],
 [ 9.363593e-05, -7.543975e-05,  5.791942e-05],
 [-3.198624e-02, -2.893748e+00, -1.144833e+00],
 [ 1.264838e-01, -1.546155e-01, -1.390256e-02],
 [-3.603720e-02,  5.500446e-02,  4.212495e-02],
 [ 9.514598e-03, -1.756010e-02,  3.463439e-02],
 [ 4.404346e-02,  8.180872e-02,  1.186612e-01],
 [-3.110713e-02,  9.070903e-02,  6.682562e-02],
 [-1.359814e+00,  2.418465e+00, -1.084682e+00],
 [-2.074879e-04,  1.468918e-04, -1.122161e-04],
 [ 6.381131e-05,  3.244393e-04, -1.438574e-04],
 [ 1.392520e-02, -3.506255e-02,  2.169562e-02]]
spherical_charges_l2: [[-2.133336e-02, -1.766472e-02,  5.976532e-02,  7.556714e-02, -3.277519e-02],
 [ 1.712126e-04, -5.962786e-04,  2.248813e-04, -7.262697e-05, -2.887113e-04],
 [ 3.451581e-04, -7.978625e-04, -6.887478e-05, -3.993480e-04, -3.086000e-04],
 [-8.771267e-01, -1.334018e+00, -6.147053e+00, -2.721080e+00,  1.471469e+00],
 [ 1.103586e-01,  3.294821e-01,  6.991028e-01,  2.975933e-01, -5.054901e-02],
 [ 3.746639e-01, -6.771179e-02, -2.832940e-02, -2.619184e-01,  1.063476e-01],
 [-1.021280e-01,  1.507876e-01, -5.227501e-02,  2.715762e-03, -3.250343e-02],
 [ 2.548286e-02, -8.621333e-03, -6.419439e-02, -9.662193e-02,  2.004890e-02],
 [ 1.007511e-01,  1.226970e-01, -1.680774e-01, -2.834765e-02, -2.785860e-01],
 [-1.508239e+00, -1.982906e+00,  1.673037e+00,  1.303571e+00,  4.686885e+00],
 [ 4.666692e-04, -2.658655e-04,  8.668724e-05,  1.058303e-03,  8.297903e-04],
 [-1.129880e-03,  3.767617e-04, -1.905928e-04, -7.128474e-05,  3.936026e-04],
 [ 2.719354e-02, -2.058205e-05,  2.386641e-02, -1.169151e-01, -5.599935e-02]]
energy_short: [ 0.172982, -0.593697, -0.625978,  0.332191,  0.489641,  0.497705,  0.362767,  0.337723,  0.32894 ,  0.150075, -0.580434, -0.606726,  0.487244]
energy_long: [ 0.041397, -0.195902, -0.195898, -0.169936,  0.093228,  0.108041,  0.069078,  0.088512,  0.084903, -0.158288, -0.195816, -0.195777,  0.043243]