step=2050560, graph_id=0, num_atoms=13
scalar_charges: [ 1.660083, -4.26363 , -4.26972 ,  1.68135 ,  1.648229,  1.68685 ,  1.732797,  1.702271,  1.698113,  1.705683, -4.263295, -4.268079,  1.704554]
spherical_charges_l0: [[2.832334e-02],
 [1.085304e-04],
 [1.254483e-04],
 [3.567935e+00],
 [2.923074e-01],
 [8.909105e-02],
 [3.645719e-02],
 [4.677025e-02],
 [1.244500e-01],
 [2.977321e+00],
 [1.538183e-04],
 [1.218587e-04],
 [5.186821e-02]]
spherical_charges_l1: [[-1.036949e-02,  4.021871e-02,  2.792850e-02],
 [-9.181479e-05,  1.678419e-05, -6.098556e-05],
 [ 2.997253e-05,  4.381758e-05,  1.928332e-05],
 [ 8.968161e-02, -2.383007e+00, -9.026101e-01],
 [ 1.005166e-01, -1.253161e-01, -6.459038e-03],
 [-3.685407e-02,  2.620606e-02,  1.515521e-02],
 [ 7.186434e-03, -1.102465e-02,  2.615222e-02],
 [ 2.888726e-02,  5.693654e-02,  7.863089e-02],
 [-1.975824e-02,  6.391890e-02,  5.632596e-02],
 [-1.157031e+00,  1.989736e+00, -9.114683e-01],
 [-1.454601e-05, -4.555011e-05, -2.621418e-06],
 [ 8.006782e-05,  5.568061e-05, -2.032525e-05],
 [ 1.081436e-02, -2.756643e-02,  1.649961e-02]]
spherical_charges_l2: [[-1.155746e-02, -3.119152e-02,  5.597238e-02,  7.875647e-02, -3.422682e-02],
 [ 6.918648e-05, -1.382118e-04, -1.818771e-04, -2.079906e-04,  4.799949e-05],
 [-3.314307e-05, -7.141857e-05, -1.792326e-04, -4.790033e-05, -3.886518e-05],
 [-6.572451e-01, -1.104735e+00, -5.055589e+00, -2.220283e+00,  1.275949e+00],
 [ 4.539924e-02,  2.857716e-01,  5.351849e-01,  2.678961e-01, -3.664233e-02],
 [ 3.068105e-01, -8.205449e-02, -4.774364e-02, -2.094940e-01,  7.451200e-02],
 [-7.566448e-02,  9.376698e-02, -4.264160e-02, -2.736747e-03, -2.876162e-02],
 [ 2.471037e-02, -9.195272e-03, -3.617524e-02, -7.468937e-02,  6.018930e-03],
 [ 7.421163e-02,  7.909610e-02, -1.189951e-01, -4.196472e-02, -2.171706e-01],
 [-1.324972e+00, -1.653298e+00,  1.412672e+00,  1.133015e+00,  3.913692e+00],
 [ 2.771762e-04,  3.252731e-05, -3.803328e-05,  1.940746e-04, -3.416105e-05],
 [-2.349148e-04,  1.146833e-04, -1.399045e-04,  7.212758e-06,  4.669449e-05],
 [ 2.633150e-02,  3.466314e-03,  2.365699e-02, -1.164574e-01, -5.618755e-02]]
energy_short: [ 0.199833, -0.564707, -0.593592,  0.355336,  0.491357,  0.500111,  0.353026,  0.334529,  0.329176,  0.18015 , -0.55008 , -0.574456,  0.514613]
energy_long: [ 0.027343, -0.226058, -0.226042, -0.17214 ,  0.077203,  0.095745,  0.055767,  0.078406,  0.06798 , -0.164597, -0.226098, -0.226077,  0.029087]