step=304380, graph_id=0, num_atoms=13
scalar_charges: [ 2.609753, -6.865954, -6.865153,  2.821746,  2.655464,  2.632694,  2.563893,  2.615191,  2.594672,  2.771852, -6.866036, -6.863839,  2.604214]
spherical_charges_l0: [[-2.359197e-02],
 [ 4.050281e-05],
 [ 8.625268e-05],
 [ 6.660102e+00],
 [ 3.806596e-01],
 [ 2.511420e-01],
 [ 1.036585e-01],
 [ 1.319958e-01],
 [ 1.876214e-01],
 [ 5.957079e+00],
 [ 2.065488e-05],
 [ 3.832502e-05],
 [-3.503169e-02]]
spherical_charges_l1: [[-3.843881e-02,  5.192450e-02,  5.166595e-02],
 [ 6.808947e-05, -3.666481e-05,  2.384666e-05],
 [ 4.263673e-05, -2.974662e-05, -8.538622e-06],
 [-6.087451e-01, -6.998428e+00, -2.979102e+00],
 [ 1.790073e-01, -2.574623e-01,  6.140363e-03],
 [-9.341131e-03,  3.596678e-02,  7.912296e-02],
 [ 3.066267e-03, -4.657697e-03,  2.443192e-02],
 [ 4.950041e-02,  1.539032e-01,  1.763601e-01],
 [-6.686783e-02,  1.723352e-01,  8.272002e-02],
 [-3.536386e+00,  5.827609e+00, -3.658714e+00],
 [ 5.414528e-05, -3.806893e-05,  4.214114e-05],
 [ 1.698859e-05,  2.098138e-05,  9.347172e-06],
 [ 2.011881e-02, -8.951063e-02,  8.445637e-02]]
spherical_charges_l2: [[-2.117947e-02,  2.174008e-02,  1.504976e-01,  1.427939e-01, -4.664797e-02],
 [ 1.163886e-04, -7.111172e-05,  7.358182e-05, -1.228823e-04, -3.705440e-05],
 [-1.642203e-04, -1.646373e-04, -1.481126e-04,  6.050428e-05, -1.442135e-04],
 [-3.709373e+00, -1.990094e+00, -1.203701e+01, -4.460557e+00,  2.768864e+00],
 [ 1.416218e-01,  6.964419e-01,  7.406166e-01,  2.716573e-01,  1.208729e-01],
 [ 6.867998e-01, -2.294244e-01, -8.371960e-02, -4.129256e-01,  1.885997e-01],
 [-1.387619e-01,  6.344507e-02, -5.221766e-02,  7.211465e-03, -8.145130e-02],
 [ 1.843034e-01,  2.957480e-02,  1.269837e-01, -1.589046e-01,  1.468565e-01],
 [ 1.182150e-01,  2.266690e-01, -2.456417e-01,  2.193282e-02, -4.733695e-01],
 [-3.843539e+00, -4.007204e+00,  2.737073e+00,  3.983219e+00,  9.084424e+00],
 [ 2.195953e-04, -1.353040e-04,  8.023753e-05, -1.331803e-05, -1.299621e-04],
 [-2.723562e-04,  5.768348e-05, -4.785833e-05, -1.416493e-04,  1.116701e-05],
 [ 4.539162e-02, -4.130501e-02,  6.578071e-02, -1.733894e-01, -7.899488e-02]]
energy_short: [-0.045946, -0.219646, -0.236088,  0.247393,  0.216009,  0.210661,  0.093156,  0.058015,  0.069378, -0.000363, -0.208713, -0.225062,  0.331717]
energy_long: [ 0.002713, -0.080783, -0.080783, -0.089598,  0.064116,  0.088914,  0.062433,  0.082307,  0.050579, -0.090467, -0.080869, -0.080832,  0.003523]