step=3572460, graph_id=0, num_atoms=13
scalar_charges: [-1.335806, -1.089709, -1.122177, -1.44359 , -1.778535, -1.69364 , -1.296381, -1.601635, -1.606417, -1.313852, -1.114815, -1.114851, -1.277631]
spherical_charges_l0: [[ 4.193013e+00],
 [-1.193304e-03],
 [ 5.849957e-03],
 [ 5.154998e-03],
 [ 1.842214e-01],
 [ 5.041099e-01],
 [-5.955191e-02],
 [ 2.944598e-01],
 [ 5.922417e-02],
 [ 1.174476e-01],
 [-1.994804e-03],
 [ 9.081066e-04],
 [ 3.319974e+00]]
spherical_charges_l1: [[ 9.143922e-01,  1.062207e+00,  7.656755e-01],
 [ 1.608534e-03,  1.385574e-03,  9.571710e-04],
 [-1.011769e-03,  3.222284e-03,  3.589390e-04],
 [-1.122669e-01, -1.800713e-01, -1.216498e-02],
 [ 1.731207e-01, -3.170856e-01,  1.155686e-01],
 [-5.068045e-02,  3.508623e-01,  2.597667e-01],
 [ 2.947249e-02,  1.248609e-02, -1.007494e-02],
 [-9.513003e-02,  6.371348e-02,  1.348518e-01],
 [-4.330605e-02,  7.253128e-02,  1.160318e-01],
 [-2.504892e-02,  1.179778e-01, -6.548177e-03],
 [ 3.324411e-03,  3.138937e-04, -4.090868e-04],
 [-5.255642e-04, -7.390358e-04,  4.453888e-04],
 [ 8.684711e-01, -1.005411e+00,  1.876835e-01]]
spherical_charges_l2: [[ 4.144073e+00,  4.255586e-01,  7.281842e+00,  1.830292e+00, -1.876812e+00],
 [-8.674527e-03,  4.811494e-03, -1.377042e-02, -2.466269e-03,  6.764988e-03],
 [-1.455440e-03,  5.845014e-03, -5.827774e-05,  2.096074e-04,  1.690557e-03],
 [-4.304895e-01,  3.254582e-02, -1.068464e+00, -5.198975e-02,  9.378927e-02],
 [-1.985356e-01,  1.450125e-01, -3.396998e-01, -1.342261e-01,  2.969362e-01],
 [-3.672765e-01,  6.581076e-01,  1.076325e+00,  6.538870e-01, -2.767347e-01],
 [ 3.477931e-02,  1.302239e-02,  1.890151e-02,  8.182894e-03,  9.825148e-03],
 [ 2.455378e-01,  7.074991e-01, -4.591681e-01, -4.646061e-02, -1.028697e+00],
 [-1.895621e-01,  6.173559e-02,  5.741927e-02,  1.919629e-01,  3.957061e-01],
 [-1.429827e-01, -7.406431e-02,  1.598429e-01,  5.830911e-02,  5.126646e-01],
 [-1.418834e-02, -1.078453e-02,  5.131559e-03,  3.843926e-04,  8.467221e-03],
 [-1.155649e-03, -9.610144e-03,  4.400266e-03, -8.796501e-04,  8.787485e-04],
 [ 3.690691e+00,  3.438677e+00, -1.598078e+00, -2.234372e+00, -4.587846e+00]]
energy_short: [-0.644312,  0.955088,  0.936007, -0.407486, -0.170001, -0.187288, -0.311241, -0.344156, -0.343577, -0.474497,  0.971331,  0.956194, -0.428916]
energy_long: [-0.112213,  0.005828,  0.0019  , -0.122733,  0.036147,  0.019836, -0.013898,  0.01665 ,  0.01143 , -0.114851,  0.004007,  0.003325, -0.093267]