step=2455065, graph_id=0, num_atoms=13
scalar_charges: [-3.748428, -2.94302 , -2.978126, -3.80452 , -4.142019, -4.045936, -3.618127, -3.945868, -3.982859, -3.663994, -2.968303, -2.978046, -3.669769]
spherical_charges_l0: [[ 6.475620e+00],
 [ 1.322927e-03],
 [ 4.345405e-03],
 [ 2.109465e-01],
 [ 2.523817e-01],
 [ 2.803945e-01],
 [ 5.396502e-02],
 [ 2.171145e-02],
 [ 3.889733e-02],
 [ 1.973553e-01],
 [-4.235555e-03],
 [-9.738225e-04],
 [ 5.412887e+00]]
spherical_charges_l1: [[ 7.186445e-01,  1.363125e+00,  9.125796e-01],
 [ 5.186951e-04,  5.532389e-04,  1.041646e-03],
 [-8.412158e-04, -1.243716e-03, -6.494752e-04],
 [-3.744517e-02, -2.195335e-01, -6.230331e-02],
 [ 1.535461e-01, -1.661021e-01,  8.762109e-02],
 [ 9.518812e-02,  1.561133e-01,  2.117202e-01],
 [ 2.312790e-02,  2.784306e-02,  2.180488e-02],
 [-7.397880e-02,  9.379184e-02,  9.686825e-02],
 [-7.102759e-03,  9.724592e-02,  1.706623e-01],
 [ 6.177498e-02, -1.918116e-02,  4.699010e-02],
 [-2.317687e-03,  5.981712e-05,  9.892804e-05],
 [ 5.261038e-04,  2.122040e-03, -8.402764e-04],
 [ 7.781198e-01, -9.764556e-01,  4.079368e-01]]
spherical_charges_l2: [[ 4.204256e+00,  2.047550e-01,  6.932754e+00,  1.599890e+00, -2.087176e+00],
 [-2.215657e-03, -7.208126e-04, -8.154552e-03, -7.101527e-03,  3.321720e-03],
 [ 1.593484e-03,  3.767662e-03, -4.685934e-03, -6.885948e-03,  2.544230e-03],
 [-2.932276e-01,  1.503211e-02, -8.090007e-01,  1.799072e-02, -2.628359e-02],
 [-1.934807e-01,  1.029554e-01, -2.522910e-01, -1.394549e-01,  1.664781e-01],
 [-1.691601e-01,  4.940588e-01,  5.863852e-01,  4.180697e-01, -1.161456e-01],
 [ 1.419475e-02, -1.030762e-02,  4.236446e-02,  5.075428e-02,  5.800178e-02],
 [ 1.841269e-01,  4.163596e-01, -3.330553e-01,  1.080759e-03, -5.627931e-01],
 [-1.705924e-01, -1.768137e-03,  2.607119e-02,  1.460197e-01,  2.606279e-01],
 [-3.441993e-02,  2.340787e-02,  7.350247e-02, -1.154406e-02,  3.015797e-01],
 [-7.738973e-03, -2.374963e-03, -4.294756e-04,  8.287530e-03,  8.789427e-03],
 [-1.802478e-04, -1.982226e-03, -1.630373e-03,  5.791858e-03,  4.228318e-03],
 [ 3.611916e+00,  3.150781e+00, -1.436820e+00, -2.362484e+00, -4.656851e+00]]
energy_short: [-0.594231,  0.929669,  0.900749, -0.293235, -0.14402 , -0.157831, -0.277988, -0.310272, -0.317072, -0.37866 ,  0.949199,  0.926431, -0.381245]
energy_long: [-0.121657, -0.008871, -0.009419, -0.122757,  0.020538,  0.009619, -0.0207  ,  0.00451 ,  0.004178, -0.118105, -0.007411, -0.006572, -0.100027]