step=3724650, graph_id=0, num_atoms=13
scalar_charges: [-1.403735, -1.135325, -1.171736, -1.512038, -1.878381, -1.798223, -1.357918, -1.687713, -1.689906, -1.38108 , -1.159942, -1.161815, -1.340619]
spherical_charges_l0: [[ 4.233798e+00],
 [-1.936286e-03],
 [ 4.656258e-03],
 [ 1.157551e-02],
 [ 1.686635e-01],
 [ 5.178627e-01],
 [-6.859257e-02],
 [ 2.930092e-01],
 [ 4.807495e-02],
 [ 1.213265e-01],
 [-2.245587e-03],
 [ 2.973359e-04],
 [ 3.330645e+00]]
spherical_charges_l1: [[ 9.026246e-01,  1.019628e+00,  7.276777e-01],
 [ 1.450194e-03,  1.527531e-03,  1.057255e-03],
 [-3.119909e-04,  3.526658e-03,  7.469050e-04],
 [-1.096798e-01, -1.745352e-01, -1.575774e-02],
 [ 1.892824e-01, -3.205431e-01,  1.195882e-01],
 [-5.247189e-02,  3.543635e-01,  2.586882e-01],
 [ 2.921186e-02,  1.262977e-02, -1.002601e-02],
 [-1.060092e-01,  7.230785e-02,  1.335633e-01],
 [-4.499778e-02,  8.241348e-02,  1.142834e-01],
 [-2.766796e-02,  1.229908e-01, -9.064307e-03],
 [ 3.072411e-03, -5.866819e-04, -7.030201e-05],
 [ 5.992479e-04, -6.591442e-04,  3.676459e-04],
 [ 8.560751e-01, -9.861786e-01,  1.709542e-01]]
spherical_charges_l2: [[ 4.081167e+00,  4.510436e-01,  7.246671e+00,  1.823589e+00, -1.821967e+00],
 [-9.526717e-03,  3.853543e-03, -1.358294e-02, -1.231933e-03,  6.428851e-03],
 [-1.194340e-04,  6.315595e-03,  2.029323e-03,  1.617616e-03,  1.083934e-03],
 [-3.950137e-01,  2.607476e-02, -1.008916e+00, -5.327937e-02,  1.018824e-01],
 [-1.994531e-01,  1.826958e-01, -3.563046e-01, -1.243679e-01,  3.086217e-01],
 [-3.846447e-01,  6.996356e-01,  1.129532e+00,  6.679012e-01, -2.889130e-01],
 [ 3.603263e-02,  1.515972e-02,  1.939587e-02,  1.254439e-02,  2.015693e-02],
 [ 2.555961e-01,  7.326525e-01, -4.763598e-01, -3.431306e-02, -1.052620e+00],
 [-1.875472e-01,  5.786873e-02,  5.116735e-02,  1.998302e-01,  3.959519e-01],
 [-1.307000e-01, -7.316265e-02,  1.648086e-01,  4.623102e-02,  5.190590e-01],
 [-1.368014e-02, -9.732637e-03,  4.334900e-03, -1.467558e-03,  6.628117e-03],
 [ 1.519460e-04, -8.931272e-03,  4.453828e-03, -2.096501e-03, -1.333121e-03],
 [ 3.637020e+00,  3.379929e+00, -1.547210e+00, -2.184684e+00, -4.529727e+00]]
energy_short: [-0.638555,  0.958221,  0.938648, -0.409315, -0.170367, -0.190251, -0.314303, -0.345632, -0.344392, -0.477425,  0.976116,  0.960127, -0.426204]
energy_long: [-0.107803,  0.007017,  0.002689, -0.123684,  0.037476,  0.022353, -0.013056,  0.01776 ,  0.010564, -0.115128,  0.004967,  0.004225, -0.091913]