step=2975715, graph_id=0, num_atoms=13
scalar_charges: [-1.339491, -1.075497, -1.09728 , -1.391348, -1.588943, -1.531373, -1.27185 , -1.479859, -1.492073, -1.304295, -1.092308, -1.09289 , -1.291833]
spherical_charges_l0: [[ 4.453743e+00],
 [ 8.468864e-04],
 [ 8.714139e-03],
 [ 7.432096e-02],
 [ 1.781263e-01],
 [ 4.257258e-01],
 [-5.013647e-02],
 [ 2.151431e-01],
 [ 4.631177e-02],
 [ 1.392364e-01],
 [-4.702744e-04],
 [ 2.930683e-03],
 [ 3.592684e+00]]
spherical_charges_l1: [[ 7.766342e-01,  1.141618e+00,  7.763741e-01],
 [ 3.303221e-03,  2.646484e-03,  2.677559e-03],
 [-1.919169e-03,  5.256636e-03,  1.001665e-03],
 [-3.609713e-02, -2.020854e-01, -1.070067e-02],
 [ 1.108576e-01, -2.736045e-01,  3.611597e-02],
 [-2.614816e-02,  2.590988e-01,  2.096697e-01],
 [ 2.836870e-02,  1.548934e-02, -2.371391e-03],
 [-8.400377e-02,  1.236448e-01,  7.722574e-02],
 [-3.643234e-02,  6.406748e-02,  9.560917e-02],
 [-6.383582e-03,  9.926303e-02,  1.331484e-02],
 [ 4.932497e-03, -1.150749e-03,  7.319508e-04],
 [-2.348261e-04, -3.258934e-03,  1.819508e-03],
 [ 8.034686e-01, -9.376666e-01,  2.663344e-01]]
spherical_charges_l2: [[ 4.051775e+00,  5.890714e-01,  6.976922e+00,  1.764729e+00, -1.753101e+00],
 [-3.526342e-03,  5.842366e-03, -8.191318e-03, -4.438670e-03,  6.985289e-03],
 [-3.509989e-03,  1.782667e-04, -5.267024e-03, -1.898753e-03,  4.591247e-04],
 [-4.179748e-01,  7.946984e-02, -9.616859e-01, -2.081872e-02,  1.128810e-01],
 [-1.821498e-01,  7.220761e-02, -3.427942e-01, -1.723995e-01,  2.626941e-01],
 [-2.390739e-01,  5.961667e-01,  9.415585e-01,  5.530698e-01, -2.106238e-01],
 [ 1.425006e-02,  1.488427e-02,  2.679157e-02,  2.902687e-02,  3.813609e-02],
 [ 2.485376e-01,  5.808511e-01, -4.001844e-01, -2.338069e-02, -8.383389e-01],
 [-1.886457e-01,  6.246315e-02,  4.692117e-02,  1.960175e-01,  3.801614e-01],
 [-1.184608e-01, -4.978775e-02,  1.329738e-01,  7.688149e-02,  4.578225e-01],
 [-7.678668e-03, -1.247127e-02,  6.433643e-03,  1.877423e-03,  5.877825e-03],
 [-5.777060e-03, -7.027666e-03,  2.432375e-03, -2.361366e-03,  2.174311e-03],
 [ 3.559271e+00,  3.211054e+00, -1.435676e+00, -2.114881e+00, -4.347002e+00]]
energy_short: [-0.584367,  0.955183,  0.937697, -0.378106, -0.159912, -0.175223, -0.291707, -0.329817, -0.33196 , -0.448663,  0.97179 ,  0.957492, -0.358259]
energy_long: [-0.114924, -0.022066, -0.024505, -0.128576,  0.012333, -0.003805, -0.036049, -0.009109, -0.013825, -0.123804, -0.022087, -0.022716, -0.105438]