step=2186730, graph_id=0, num_atoms=13
scalar_charges: [-3.588517, -3.508545, -3.496745, -3.700865, -3.833327, -3.782418, -3.713906, -3.810006, -3.822565, -3.683305, -3.514681, -3.513168, -3.584724]
spherical_charges_l0: [[ 3.469923e+00],
 [ 1.067131e-02],
 [ 1.944537e-02],
 [ 2.959639e-01],
 [ 1.729248e-01],
 [ 8.708015e-02],
 [ 4.037239e-03],
 [-1.198976e-03],
 [ 2.328034e-02],
 [ 6.882175e-02],
 [ 1.263732e-02],
 [ 1.574165e-02],
 [ 2.920450e+00]]
spherical_charges_l1: [[ 9.361598e-02,  5.800517e-01,  1.739537e-01],
 [ 5.985513e-03, -1.108910e-03,  1.595726e-03],
 [-5.606331e-03, -4.838238e-05, -3.569347e-03],
 [ 3.182333e-02, -7.515871e-02,  1.496936e-02],
 [ 5.446354e-02, -3.661235e-02,  3.672042e-02],
 [-1.465844e-02, -6.143660e-03, -4.617195e-03],
 [ 1.337560e-02,  6.333192e-03,  2.178930e-02],
 [-2.750168e-03, -1.167150e-02,  8.502135e-03],
 [-9.714738e-03,  5.009625e-02,  6.370654e-02],
 [ 2.539391e-02, -1.919530e-02,  4.210182e-02],
 [ 3.849923e-03,  6.140386e-03, -2.247340e-03],
 [-6.491698e-03, -2.292633e-03,  1.390865e-03],
 [ 1.917856e-01, -6.544878e-01,  1.817892e-01]]
spherical_charges_l2: [[ 3.337219e+00, -1.547403e-01,  4.197290e+00,  3.785338e-01, -1.375503e+00],
 [ 7.044250e-03, -8.163922e-03,  2.224253e-03, -5.283703e-03, -3.910782e-03],
 [ 1.445897e-02, -1.816949e-02,  9.837355e-03, -8.188988e-03, -1.189578e-02],
 [ 3.213390e-02,  9.759772e-03, -3.068856e-01, -9.480551e-02, -9.339220e-02],
 [ 1.141696e-02,  8.887415e-03, -6.385262e-02, -6.048967e-02,  8.478708e-02],
 [ 1.329461e-02,  1.021978e-01,  1.056301e-01,  3.108118e-02, -2.033414e-02],
 [ 2.902073e-02,  3.581793e-03,  9.226585e-03,  1.291146e-02,  1.427273e-02],
 [ 5.710132e-02,  1.245954e-01, -8.284396e-02,  1.474182e-02, -1.076468e-01],
 [-9.408453e-03,  3.170714e-03,  2.238535e-02,  3.716280e-02,  1.597847e-01],
 [-1.085859e-02,  8.747304e-02, -3.394830e-02,  7.354647e-02,  3.788029e-02],
 [ 3.962549e-03,  1.299405e-02, -7.509796e-03, -3.929319e-03, -8.933127e-03],
 [ 6.737625e-03,  1.450885e-02, -6.808182e-03, -3.274908e-03, -8.846064e-03],
 [ 2.457039e+00,  2.330847e+00, -1.122952e+00, -1.124415e+00, -2.657965e+00]]
energy_short: [-0.586704,  0.971672,  0.942444, -0.423497, -0.260357, -0.245159, -0.396489, -0.416058, -0.428577, -0.498665,  0.991972,  0.969723, -0.410013]
energy_long: [-0.079672,  0.023727,  0.026839, -0.11057 ,  0.06176 ,  0.044778,  0.034935,  0.054217,  0.054991, -0.097836,  0.028709,  0.029395, -0.045865]