step=2523150, graph_id=0, num_atoms=13
scalar_charges: [-2.156162, -1.575192, -1.604018, -2.181473, -2.426372, -2.366056, -2.053557, -2.300558, -2.313   , -2.069599, -1.593533, -1.599386, -2.09603 ]
spherical_charges_l0: [[ 5.401106e+00],
 [ 3.574458e-04],
 [ 7.371515e-03],
 [ 1.540117e-01],
 [ 2.048565e-01],
 [ 3.094473e-01],
 [ 2.286261e-02],
 [ 6.209780e-02],
 [ 4.456526e-02],
 [ 1.770920e-01],
 [-2.901309e-03],
 [ 3.828775e-04],
 [ 4.512097e+00]]
spherical_charges_l1: [[ 6.289313e-01,  1.200077e+00,  7.825794e-01],
 [ 1.594292e-03,  1.067672e-03,  1.770906e-03],
 [-1.436462e-03,  2.347554e-03,  4.182522e-04],
 [-2.645023e-02, -2.207805e-01, -4.953454e-02],
 [ 1.234663e-01, -1.466349e-01,  7.014008e-02],
 [ 6.843773e-02,  1.507873e-01,  1.849146e-01],
 [ 1.981795e-02,  1.579120e-02,  5.545679e-03],
 [-6.836108e-02,  9.135401e-02,  7.299827e-02],
 [-9.803857e-03,  6.851278e-02,  1.253942e-01],
 [ 3.701237e-02,  2.258386e-04,  1.780711e-02],
 [ 3.692214e-04, -1.417837e-03,  9.605801e-04],
 [ 1.292384e-03, -5.047822e-04,  3.769409e-04],
 [ 6.840045e-01, -8.563265e-01,  3.406843e-01]]
spherical_charges_l2: [[ 3.622393e+00,  6.682995e-01,  5.762537e+00,  1.286868e+00, -1.380693e+00],
 [-5.080849e-03,  2.834838e-03, -1.144927e-02, -6.262354e-03,  6.450129e-03],
 [-2.468101e-03,  3.850249e-03, -6.864473e-03, -4.553969e-03,  2.802774e-03],
 [-3.498578e-01,  6.113841e-02, -7.715559e-01,  6.195631e-02,  5.525872e-03],
 [-1.382670e-01,  5.502323e-02, -2.143027e-01, -1.760850e-01,  1.571255e-01],
 [-2.153012e-01,  4.751124e-01,  6.445588e-01,  4.155492e-01, -1.548210e-01],
 [ 5.326904e-03, -2.266848e-02,  3.653723e-02,  2.848295e-02,  3.342689e-02],
 [ 1.667295e-01,  3.852385e-01, -3.380009e-01,  1.738822e-02, -5.805109e-01],
 [-1.771662e-01, -4.055891e-03,  3.259853e-02,  1.401247e-01,  2.418375e-01],
 [-6.875575e-02, -1.719047e-02,  8.260374e-02,  1.847553e-02,  2.765740e-01],
 [-8.272815e-03, -7.310422e-03,  2.278950e-03,  7.970978e-03,  9.689828e-03],
 [-3.529728e-03, -5.958270e-03,  4.655767e-04,  3.835749e-03,  5.131025e-03],
 [ 3.048049e+00,  2.652151e+00, -1.228209e+00, -1.721196e+00, -3.695360e+00]]
energy_short: [-0.596927,  0.959645,  0.935927, -0.309223, -0.146547, -0.162143, -0.280516, -0.316824, -0.319234, -0.387822,  0.979042,  0.960025, -0.37727 ]
energy_long: [-0.139269, -0.019154, -0.021415, -0.134008,  0.006475, -0.007539, -0.032563, -0.013698, -0.012725, -0.131746, -0.018026, -0.018195, -0.123509]