step=712890, graph_id=0, num_atoms=13
scalar_charges: [ 2.693553, -7.947618, -7.961568,  2.905263,  2.759534,  2.762969,  2.743443,  2.757457,  2.760918,  2.840292, -7.94805 , -7.962937,  2.811036]
spherical_charges_l0: [[ 2.528987e-02],
 [ 1.492074e-04],
 [-1.375036e-05],
 [ 3.479120e+00],
 [ 2.567077e-01],
 [ 8.761849e-02],
 [ 9.947110e-02],
 [ 5.615887e-02],
 [ 1.067734e-01],
 [ 2.736785e+00],
 [ 4.239073e-05],
 [ 2.358545e-05],
 [ 2.741580e-02]]
spherical_charges_l1: [[-3.218812e-02,  4.982462e-02,  3.105283e-02],
 [ 2.649326e-05,  4.808122e-05,  3.102643e-05],
 [ 3.533563e-05, -3.482883e-06,  1.817907e-05],
 [-1.938610e-01, -2.682222e+00, -1.080972e+00],
 [ 1.218990e-01, -1.339359e-01,  8.946412e-03],
 [-6.885281e-03,  5.244505e-02,  7.315157e-02],
 [-2.403749e-03, -2.211444e-02,  8.236391e-03],
 [ 4.955212e-02,  1.005272e-01,  9.053461e-02],
 [-3.259820e-02,  7.372520e-02,  5.615931e-02],
 [-1.196810e+00,  2.117557e+00, -1.136619e+00],
 [ 1.774571e-05, -2.364480e-05,  3.718766e-06],
 [ 3.758818e-05,  2.597533e-05, -1.388017e-05],
 [ 4.947651e-03, -4.196724e-02,  2.651911e-02]]
spherical_charges_l2: [[-1.631796e-02,  2.095388e-05,  6.038267e-02,  6.329361e-02, -1.679967e-02],
 [-1.792639e-04,  3.426776e-04, -2.815195e-06,  2.366958e-04,  1.232488e-04],
 [-2.123546e-04, -1.445938e-06, -6.759193e-05,  6.574035e-05, -1.139049e-05],
 [-1.261582e+00, -1.773792e+00, -5.962472e+00, -2.390595e+00,  9.499218e-01],
 [ 1.318251e-01,  2.299145e-01,  5.953351e-01,  2.128302e-01, -1.178436e-02],
 [ 4.104846e-01, -1.446229e-01, -6.000862e-02, -2.645184e-01,  8.627590e-02],
 [-1.560958e-01,  9.493122e-02, -7.707802e-02, -3.581667e-02, -1.136178e-01],
 [ 5.050941e-02, -2.892886e-02, -1.164618e-03, -1.071836e-01,  3.926646e-02],
 [ 9.290700e-02,  1.138747e-01, -1.177452e-01, -3.513201e-02, -2.367989e-01],
 [-1.197867e+00, -1.688973e+00,  1.591194e+00,  8.595701e-01,  3.839817e+00],
 [-9.524110e-05, -1.349259e-04,  2.042015e-05, -9.388405e-05, -1.985357e-06],
 [-9.350373e-05, -9.581837e-05,  6.011158e-05, -4.584103e-05, -1.149016e-05],
 [ 1.874226e-02, -1.407945e-02,  2.940419e-02, -8.574502e-02, -3.670835e-02]]
energy_short: [ 0.004802, -0.389933, -0.41792 ,  0.329391,  0.342039,  0.358223,  0.22095 ,  0.195289,  0.185065,  0.10454 , -0.378572, -0.401456,  0.370211]
energy_long: [ 0.021604, -0.135437, -0.135196, -0.138008,  0.075642,  0.090947,  0.060576,  0.06695 ,  0.062381, -0.137203, -0.135345, -0.135118,  0.024871]