step=1121400, graph_id=0, num_atoms=13
scalar_charges: [ 2.246112, -6.161975, -6.16438 ,  2.302677,  2.255733,  2.253579,  2.251569,  2.251262,  2.258538,  2.290489, -6.147996, -6.157289,  2.272825]
spherical_charges_l0: [[5.021036e-02],
 [3.044518e-05],
 [4.244068e-04],
 [4.643537e+00],
 [3.768111e-01],
 [1.549775e-01],
 [5.916570e-02],
 [9.237921e-02],
 [1.809268e-01],
 [3.855603e+00],
 [1.446238e-04],
 [1.195515e-04],
 [6.195462e-02]]
spherical_charges_l1: [[-2.227431e-02,  6.357814e-02,  3.624580e-02],
 [-1.792874e-04,  2.131251e-04, -3.208959e-05],
 [ 5.697886e-04, -1.647650e-04,  2.232881e-04],
 [-8.508882e-02, -3.213632e+00, -1.261476e+00],
 [ 1.285457e-01, -2.021769e-01, -2.195693e-02],
 [-2.278071e-02,  6.475239e-02,  5.330443e-02],
 [ 3.271658e-03, -1.652911e-02,  3.267667e-02],
 [ 2.281957e-02,  1.152547e-01,  1.387438e-01],
 [-3.748236e-02,  1.008245e-01,  6.635291e-02],
 [-1.558132e+00,  2.673923e+00, -1.417701e+00],
 [-5.923354e-04,  4.682158e-05, -6.272725e-05],
 [ 4.039109e-04,  3.789767e-04, -1.648382e-04],
 [ 1.928611e-02, -5.665188e-02,  2.712769e-02]]
spherical_charges_l2: [[-2.927561e-02, -1.998202e-02,  8.484504e-02,  1.010755e-01, -4.183028e-02],
 [-4.326198e-04, -5.642034e-04, -3.962107e-04,  3.981157e-05, -3.226096e-04],
 [-5.177999e-04, -2.905156e-04,  1.877629e-04,  5.505892e-04, -2.780381e-04],
 [-1.321227e+00, -1.614993e+00, -7.121709e+00, -3.152266e+00,  1.693692e+00],
 [ 1.160107e-01,  4.680886e-01,  7.983766e-01,  4.077651e-01, -3.820922e-02],
 [ 4.960882e-01, -1.517922e-01, -3.254598e-02, -3.966777e-01,  1.075986e-01],
 [-1.050570e-01,  1.268161e-01, -5.497486e-02, -7.328081e-03, -5.565796e-02],
 [ 4.642025e-02, -1.158909e-02, -5.666497e-02, -1.147367e-01,  2.808143e-02],
 [ 1.131991e-01,  1.153687e-01, -1.926047e-01, -4.093553e-02, -3.056334e-01],
 [-1.797108e+00, -2.307381e+00,  1.921729e+00,  1.578939e+00,  5.235209e+00],
 [ 8.976225e-05, -8.917810e-06, -1.115507e-04, -1.805636e-04, -2.698928e-04],
 [-1.642603e-04, -2.153071e-04,  1.263436e-04,  4.234663e-05, -3.747043e-05],
 [ 2.800191e-02, -1.623478e-02,  3.548098e-02, -1.375827e-01, -7.260120e-02]]
energy_short: [ 0.140716, -0.528681, -0.563641,  0.368048,  0.460819,  0.47748 ,  0.341558,  0.314648,  0.296541,  0.155032, -0.515725, -0.544672,  0.489848]
energy_long: [ 0.010554, -0.18442 , -0.184298, -0.157388,  0.06327 ,  0.075265,  0.043932,  0.061563,  0.05364 , -0.149465, -0.184231, -0.184254,  0.011016]