step=2827530, graph_id=0, num_atoms=13
scalar_charges: [-1.467725, -1.174433, -1.195506, -1.496406, -1.677164, -1.627855, -1.39473 , -1.584283, -1.589571, -1.408365, -1.193202, -1.191436, -1.42353 ]
spherical_charges_l0: [[ 3.887531e+00],
 [ 1.993925e-03],
 [ 1.025370e-02],
 [ 6.115246e-02],
 [ 1.860187e-01],
 [ 3.637697e-01],
 [-3.075666e-02],
 [ 1.947644e-01],
 [ 5.785804e-02],
 [ 1.205457e-01],
 [ 5.997920e-05],
 [ 3.813067e-03],
 [ 3.205832e+00]]
spherical_charges_l1: [[ 7.229130e-01,  9.188765e-01,  6.461511e-01],
 [ 1.993158e-03,  2.516250e-03,  2.137586e-03],
 [-1.899537e-03,  4.354403e-03,  9.098654e-04],
 [-3.060167e-02, -1.632017e-01, -1.355655e-02],
 [ 8.269404e-02, -1.818775e-01,  5.912426e-02],
 [-1.113664e-02,  2.388405e-01,  1.933220e-01],
 [ 2.548953e-02,  9.847017e-03, -2.128523e-03],
 [-7.236148e-02,  9.368086e-02,  7.739884e-02],
 [-1.981999e-02,  5.583224e-02,  1.119464e-01],
 [ 1.043904e-02,  5.291576e-02,  1.770312e-02],
 [ 3.153495e-03, -1.275897e-03,  9.072649e-04],
 [ 5.973407e-04, -2.420327e-03,  1.533984e-03],
 [ 6.560806e-01, -7.450161e-01,  1.997246e-01]]
spherical_charges_l2: [[ 3.486010e+00,  2.290548e-01,  5.674947e+00,  1.310008e+00, -1.566486e+00],
 [-4.292894e-03,  4.195801e-03, -8.784262e-03, -3.291270e-03,  5.717400e-03],
 [-1.653154e-03,  2.346383e-04, -4.576738e-03, -2.989576e-03,  8.994703e-04],
 [-3.451432e-01,  6.880821e-02, -7.840322e-01,  2.678011e-02,  8.331695e-02],
 [-1.416571e-01,  6.504168e-02, -2.308579e-01, -1.368526e-01,  1.851923e-01],
 [-1.967483e-01,  4.716612e-01,  7.711110e-01,  4.541088e-01, -1.799289e-01],
 [-2.376232e-04,  2.905138e-03,  2.748741e-02,  1.228550e-02,  2.242361e-02],
 [ 2.108148e-01,  4.878805e-01, -3.670450e-01, -2.247418e-02, -7.032570e-01],
 [-1.582422e-01,  4.601259e-02,  2.259627e-02,  1.483610e-01,  2.665305e-01],
 [-9.110836e-02, -4.300799e-02,  1.155341e-01,  5.388287e-02,  3.585708e-01],
 [-8.526556e-03, -1.166392e-02,  5.930613e-03,  2.782742e-03,  7.084159e-03],
 [-5.169890e-03, -6.777716e-03,  2.187708e-03, -7.679790e-04,  2.939129e-03],
 [ 3.007596e+00,  2.807431e+00, -1.250055e+00, -1.785356e+00, -3.660304e+00]]
energy_short: [-0.57989 ,  0.98338 ,  0.964117, -0.355698, -0.157021, -0.172927, -0.30073 , -0.331328, -0.330987, -0.43226 ,  1.001731,  0.986152, -0.356748]
energy_long: [-0.116185, -0.025882, -0.029518, -0.126205,  0.006679, -0.009206, -0.040961, -0.011118, -0.01565 , -0.12273 , -0.027271, -0.027947, -0.099661]