step=1169460, graph_id=0, num_atoms=13
scalar_charges: [ 2.294888, -6.352878, -6.356511,  2.376622,  2.319666,  2.316662,  2.313557,  2.312291,  2.318925,  2.358178, -6.337235, -6.349401,  2.323269]
spherical_charges_l0: [[ 3.796789e-02],
 [-6.067614e-05],
 [ 4.536451e-04],
 [ 4.630092e+00],
 [ 3.155757e-01],
 [ 1.025354e-01],
 [ 6.477437e-02],
 [ 7.413402e-02],
 [ 1.475692e-01],
 [ 3.773964e+00],
 [ 3.802240e-04],
 [ 2.523521e-04],
 [ 6.087313e-02]]
spherical_charges_l1: [[-1.998677e-02,  4.988033e-02,  3.220219e-02],
 [-3.856447e-04,  1.985146e-04, -9.799728e-05],
 [ 7.810057e-04, -5.653149e-04,  2.171476e-04],
 [-1.396492e-01, -3.114019e+00, -1.270664e+00],
 [ 1.165541e-01, -1.711338e-01, -2.996885e-02],
 [-1.538384e-02,  6.489890e-02,  6.978285e-02],
 [ 6.438149e-03, -1.648974e-02,  3.317275e-02],
 [ 2.122654e-02,  1.261371e-01,  1.456038e-01],
 [-3.102501e-02,  9.306866e-02,  6.164987e-02],
 [-1.452915e+00,  2.540442e+00, -1.297739e+00],
 [-7.136522e-04, -1.420859e-05, -4.184576e-05],
 [ 5.420479e-04,  5.857122e-04, -2.618928e-04],
 [ 1.943153e-02, -4.931236e-02,  2.756215e-02]]
spherical_charges_l2: [[-1.720093e-02, -1.756483e-02,  7.213860e-02,  8.593878e-02, -3.453947e-02],
 [-1.894607e-04, -4.697167e-04, -6.887794e-05,  2.275858e-05, -2.476461e-04],
 [-3.905993e-04, -4.984475e-04,  1.682389e-04,  5.391420e-04, -3.863019e-04],
 [-1.188334e+00, -1.718221e+00, -6.931979e+00, -2.956707e+00,  1.695377e+00],
 [ 1.044952e-01,  3.514374e-01,  6.368355e-01,  3.400443e-01, -2.041513e-02],
 [ 3.995430e-01, -3.815943e-02, -1.436084e-02, -2.975134e-01,  1.072137e-01],
 [-1.066583e-01,  1.333332e-01, -7.022543e-02, -1.041154e-02, -6.168962e-02],
 [-1.582436e-03,  1.163609e-02, -8.913326e-02, -1.116342e-01,  1.952195e-02],
 [ 9.802563e-02,  1.189337e-01, -1.449925e-01, -5.624400e-02, -2.531811e-01],
 [-1.530554e+00, -2.277736e+00,  2.005690e+00,  1.358948e+00,  5.175781e+00],
 [ 5.093448e-04, -1.949673e-04,  4.213390e-05, -2.303565e-04, -4.470925e-04],
 [-5.552424e-04,  1.646702e-04, -5.077237e-05, -3.970469e-04, -1.663115e-04],
 [ 3.179493e-02, -1.959579e-03,  3.284975e-02, -1.387949e-01, -6.694136e-02]]
energy_short: [ 0.169012, -0.605634, -0.64179 ,  0.386504,  0.465824,  0.483022,  0.34837 ,  0.319874,  0.30366 ,  0.16949 , -0.591993, -0.622543,  0.521795]
energy_long: [ 0.019168, -0.17293 , -0.172588, -0.159845,  0.070776,  0.088885,  0.054758,  0.070258,  0.06396 , -0.15384 , -0.172631, -0.172628,  0.019751]