step=1289610, graph_id=0, num_atoms=13
scalar_charges: [ 2.503621, -7.152485, -7.179923,  2.595767,  2.519666,  2.535191,  2.554569,  2.545041,  2.558457,  2.587818, -7.135854, -7.169711,  2.57771 ]
spherical_charges_l0: [[3.932875e-02],
 [7.345273e-05],
 [4.293680e-04],
 [4.646630e+00],
 [3.864287e-01],
 [1.108473e-01],
 [7.752732e-02],
 [7.847095e-02],
 [1.903171e-01],
 [3.657660e+00],
 [2.447247e-04],
 [1.241775e-04],
 [6.515233e-02]]
spherical_charges_l1: [[-2.202033e-02,  6.059461e-02,  3.280606e-02],
 [-2.321984e-04,  1.097789e-04, -7.682812e-05],
 [ 5.679808e-04, -5.338073e-04,  7.967949e-05],
 [-3.247523e-02, -3.200498e+00, -1.307835e+00],
 [ 1.168505e-01, -1.869385e-01, -4.659454e-02],
 [-1.771767e-02,  8.076608e-02,  5.849092e-02],
 [ 2.982053e-03, -1.898019e-02,  3.492309e-02],
 [ 2.944084e-02,  1.192155e-01,  1.442773e-01],
 [-3.850997e-02,  1.035319e-01,  7.050770e-02],
 [-1.432239e+00,  2.499408e+00, -1.310573e+00],
 [-2.951115e-04,  1.175754e-05, -3.798408e-05],
 [ 2.504006e-04,  3.748978e-04, -1.662832e-04],
 [ 1.508467e-02, -4.520627e-02,  2.108397e-02]]
spherical_charges_l2: [[-8.536447e-03, -2.500166e-02,  8.105185e-02,  9.439470e-02, -3.539997e-02],
 [-4.628141e-05, -3.933703e-04, -2.208967e-04, -2.287132e-04, -1.368920e-04],
 [-2.678273e-04, -2.784890e-04,  1.117808e-04,  3.964905e-04, -2.092943e-04],
 [-1.118033e+00, -1.682493e+00, -7.166873e+00, -3.151532e+00,  1.555144e+00],
 [ 1.230008e-01,  3.626307e-01,  8.250408e-01,  3.887904e-01, -7.730047e-02],
 [ 4.247354e-01, -8.445150e-02, -7.543822e-02, -3.154490e-01,  1.154331e-01],
 [-1.078256e-01,  1.217929e-01, -6.590991e-02, -1.823083e-02, -8.085936e-02],
 [ 2.854640e-02, -7.072503e-03, -7.833774e-02, -1.578707e-01,  3.094107e-02],
 [ 1.260670e-01,  1.351290e-01, -1.811386e-01, -8.692373e-02, -3.400326e-01],
 [-1.595456e+00, -1.979953e+00,  1.767407e+00,  1.419701e+00,  5.020616e+00],
 [ 2.452274e-04, -1.099744e-04,  3.416797e-05, -3.488334e-04, -3.262580e-04],
 [-2.776710e-04,  1.137765e-04, -2.567304e-05, -2.340516e-04, -1.115545e-04],
 [ 4.622572e-02,  1.844671e-02,  3.589702e-02, -1.548077e-01, -5.814034e-02]]
energy_short: [ 0.310478, -0.765628, -0.799969,  0.518908,  0.56118 ,  0.580865,  0.454215,  0.418655,  0.401861,  0.299083, -0.747562, -0.778971,  0.659669]
energy_long: [ 0.00159 , -0.196918, -0.196492, -0.161554,  0.053842,  0.064422,  0.032014,  0.042356,  0.042687, -0.161469, -0.19682 , -0.196755,  0.001935]