step=1409760, graph_id=0, num_atoms=13
scalar_charges: [ 2.229739, -5.30847 , -5.298766,  2.364825,  2.261964,  2.22737 ,  2.178281,  2.209378,  2.210491,  2.340559, -5.308053, -5.301497,  2.203437]
spherical_charges_l0: [[5.243399e-02],
 [3.127801e-04],
 [4.790891e-04],
 [7.222845e+00],
 [5.873444e-01],
 [1.982149e-01],
 [8.538748e-02],
 [1.111018e-01],
 [3.156681e-01],
 [6.217981e+00],
 [2.709689e-04],
 [2.601777e-04],
 [9.712467e-02]]
spherical_charges_l1: [[-2.229846e-02,  7.213517e-02,  4.499982e-02],
 [-1.793549e-04,  5.212125e-05, -5.847681e-05],
 [ 4.449929e-04, -2.283518e-04,  1.277454e-04],
 [ 4.582629e-02, -5.029257e+00, -1.935031e+00],
 [ 1.770543e-01, -3.331082e-01, -8.441667e-02],
 [-4.409388e-02,  6.262685e-02,  4.351896e-02],
 [ 2.036044e-02, -1.412720e-02,  8.075318e-02],
 [ 3.643085e-02,  1.425289e-01,  1.581187e-01],
 [-7.843979e-02,  2.031512e-01,  8.468573e-02],
 [-2.417706e+00,  4.135356e+00, -2.181501e+00],
 [-2.584159e-04, -4.970540e-05, -1.138633e-05],
 [ 2.442236e-04,  2.576840e-04, -1.288490e-04],
 [ 3.302589e-02, -7.361516e-02,  3.518613e-02]]
spherical_charges_l2: [[-4.129305e-02, -2.321334e-02,  9.660467e-02,  1.514987e-01, -6.397268e-02],
 [-1.923684e-04, -3.677085e-04, -1.879244e-04, -8.315517e-05, -2.123190e-04],
 [-2.611165e-04, -3.106230e-04, -7.493340e-06,  1.155502e-04, -1.810036e-04],
 [-1.848354e+00, -1.399911e+00, -1.021297e+01, -4.351580e+00,  2.747807e+00],
 [ 1.870226e-01,  5.560822e-01,  1.149619e+00,  5.614343e-01, -1.170501e-01],
 [ 5.468377e-01, -1.089996e-01, -7.113251e-02, -3.982829e-01,  1.820069e-01],
 [-1.288984e-01,  1.825040e-01, -7.896459e-02, -1.307190e-02, -6.106294e-02],
 [ 1.952632e-02,  3.562474e-02, -6.976052e-02, -1.939276e-01,  3.614585e-02],
 [ 2.085072e-01,  2.175823e-01, -2.434840e-01, -1.475710e-01, -5.581941e-01],
 [-2.575956e+00, -3.172179e+00,  2.705051e+00,  2.594961e+00,  7.855478e+00],
 [ 2.641509e-04,  1.752843e-04, -1.088921e-04, -3.806734e-04, -4.402121e-04],
 [ 2.829776e-05,  2.866503e-04, -8.235604e-05, -1.639698e-04, -3.045120e-04],
 [ 6.295490e-02,  7.409935e-03,  4.187928e-02, -2.228896e-01, -1.239384e-01]]
energy_short: [ 0.158934, -0.546325, -0.577915,  0.370185,  0.454522,  0.483362,  0.359185,  0.323852,  0.300148,  0.171311, -0.53243 , -0.560034,  0.493908]
energy_long: [ 0.017948, -0.20741 , -0.207017, -0.126382,  0.05539 ,  0.064936,  0.038757,  0.0519  ,  0.05182 , -0.118517, -0.207176, -0.20713 ,  0.017799]