step=292365, graph_id=0, num_atoms=13
scalar_charges: [ 2.348027, -6.090236, -6.091188,  2.498564,  2.412894,  2.38545 ,  2.325519,  2.373444,  2.360538,  2.445564, -6.095278, -6.091238,  2.368724]
spherical_charges_l0: [[ 1.033869e-02],
 [-4.542651e-05],
 [ 7.845303e-05],
 [ 4.120183e+00],
 [ 2.822682e-01],
 [ 1.881673e-01],
 [ 1.220889e-01],
 [ 1.378425e-01],
 [ 1.310048e-01],
 [ 3.205220e+00],
 [ 2.607769e-05],
 [ 1.235453e-05],
 [-3.417630e-03]]
spherical_charges_l1: [[-1.993028e-02,  4.040011e-02,  2.019110e-02],
 [-2.040241e-04,  4.430187e-05, -1.023772e-04],
 [ 1.745021e-04, -4.789753e-05,  3.850148e-05],
 [-1.377777e-01, -3.943141e+00, -1.718834e+00],
 [ 1.286914e-01, -1.821512e-01, -4.180505e-03],
 [-3.711353e-02,  6.059572e-02,  9.031153e-02],
 [-5.542660e-03, -3.118251e-03,  2.059867e-03],
 [ 9.548131e-02,  1.241887e-01,  1.414855e-01],
 [-4.269599e-02,  1.188380e-01,  5.959310e-02],
 [-1.573478e+00,  2.885547e+00, -1.856882e+00],
 [-4.927096e-05,  8.105131e-06,  1.029832e-05],
 [ 2.329287e-05,  3.354680e-05,  4.110614e-06],
 [ 7.627399e-03, -6.178975e-02,  4.900409e-02]]
spherical_charges_l2: [[ 1.388595e-02, -2.292426e-02,  1.505007e-01,  1.205670e-01, -6.231032e-02],
 [-6.921823e-05, -6.656871e-05, -1.611448e-04, -1.213022e-04,  1.708104e-04],
 [-6.608657e-05,  9.537158e-05, -7.052124e-05,  4.919417e-05,  4.846908e-05],
 [-1.910449e+00, -9.708055e-01, -7.665986e+00, -2.539917e+00,  1.428121e+00],
 [ 2.363185e-01,  6.020147e-01,  5.246906e-01,  1.814608e-01,  1.463019e-01],
 [ 5.558652e-01, -1.808429e-01, -9.544253e-02, -2.422397e-01,  1.158105e-01],
 [-1.398969e-01,  8.202413e-02, -7.052471e-02, -1.388938e-02, -1.081802e-01],
 [ 1.550751e-01,  1.471734e-02,  1.430053e-01, -2.239751e-01,  1.590397e-01],
 [ 1.367351e-01,  2.103929e-01, -1.693252e-01, -4.984160e-02, -2.932445e-01],
 [-1.672557e+00, -2.019408e+00,  1.618199e+00,  2.003593e+00,  5.002461e+00],
 [ 5.358475e-05,  7.150821e-05,  3.424979e-05, -1.614390e-05, -2.017796e-05],
 [ 5.376119e-05, -1.351084e-05, -3.194571e-06, -1.759122e-05,  3.359425e-05],
 [ 5.041793e-02,  4.032332e-03,  2.677971e-02, -1.262964e-01, -7.928669e-02]]
energy_short: [ 0.036609, -0.223739, -0.239198,  0.205252,  0.213518,  0.209977,  0.088509,  0.047396,  0.056005, -0.046192, -0.209138, -0.226829,  0.421657]
energy_long: [ 0.022874, -0.064767, -0.064771, -0.056161,  0.08203 ,  0.098443,  0.072407,  0.082427,  0.067972, -0.053017, -0.064772, -0.06479 ,  0.025147]