step=3320145, graph_id=0, num_atoms=13
scalar_charges: [ 0.436568, -1.295472, -1.293894,  0.489163,  0.51998 ,  0.515204,  0.490857,  0.4937  ,  0.49298 ,  0.470865, -1.300239, -1.297606,  0.459781]
spherical_charges_l0: [[-0.341499],
 [-0.005625],
 [-0.005252],
 [-0.035529],
 [-0.011487],
 [-0.025196],
 [-0.015487],
 [-0.022327],
 [-0.01647 ],
 [-0.030282],
 [-0.006496],
 [-0.005787],
 [-0.326773]]
spherical_charges_l1: [[ 5.065896e-03, -9.875847e-01, -5.966193e-01],
 [ 3.809918e-03,  1.243645e-03,  3.525534e-03],
 [-3.181778e-03,  1.080095e-03, -3.688450e-04],
 [ 7.673142e-02, -3.157407e-01, -3.643015e-02],
 [-4.779972e-03, -9.540365e-03, -1.729191e-02],
 [-1.773807e-02,  8.566638e-03, -1.165090e-02],
 [-3.283748e-03,  4.938896e-03, -5.787683e-03],
 [ 1.203064e-02, -4.320190e-03, -2.710435e-02],
 [-8.427823e-03, -7.193457e-03, -2.924283e-02],
 [-9.816618e-02,  2.493293e-01, -9.472822e-02],
 [ 2.222124e-03,  5.288824e-04, -1.719149e-04],
 [-6.316269e-04, -1.730994e-03,  8.382036e-04],
 [-5.532406e-01,  7.632039e-01, -5.681945e-01]]
spherical_charges_l2: [[ 0.751976, -0.602499,  1.071595,  0.451526, -0.713099],
 [-0.032596,  0.025467, -0.03046 ,  0.007314,  0.021881],
 [-0.031026,  0.021756, -0.025693,  0.00391 ,  0.022162],
 [ 0.01157 ,  0.031585,  0.055307,  0.020632,  0.003083],
 [ 0.061951,  0.068683, -0.044242,  0.001486,  0.034866],
 [ 0.07928 ,  0.037952, -0.00651 , -0.09596 ,  0.022069],
 [ 0.065093, -0.001648,  0.001682,  0.022558,  0.032964],
 [ 0.015819,  0.068034, -0.048416,  0.06729 , -0.009501],
 [ 0.043261,  0.080986, -0.003794, -0.013187,  0.035504],
 [ 0.034442,  0.005864,  0.012575,  0.005577, -0.020899],
 [-0.023362, -0.043497,  0.018674,  0.013814,  0.027976],
 [-0.02397 , -0.041387,  0.017741,  0.012729,  0.027208],
 [ 0.675314,  0.78209 , -0.178904, -0.857059, -0.927243]]
energy_short: [-1.078105,  0.939453,  0.940845, -0.538489, -0.279345, -0.320452, -0.529731, -0.505165, -0.511276, -0.69706 ,  0.95122 ,  0.9457  , -0.817073]
energy_long: [-0.010276,  0.083609,  0.072723,  0.213517,  0.079035,  0.139659,  0.174811,  0.184435,  0.251387,  0.201071,  0.089698,  0.085697,  0.131228]