step=1225530, graph_id=0, num_atoms=13
scalar_charges: [ 0.684272, -2.182325, -2.179584,  0.84093 ,  0.905301,  0.894476,  0.835255,  0.84218 ,  0.840089,  0.791227, -2.188017, -2.184619,  0.779243]
spherical_charges_l0: [[-0.872996],
 [-0.014433],
 [-0.013407],
 [-0.079066],
 [-0.048001],
 [-0.077546],
 [-0.046548],
 [-0.070738],
 [-0.055991],
 [-0.064188],
 [-0.017349],
 [-0.015677],
 [-0.82876 ]]
spherical_charges_l1: [[ 0.042414, -2.450653, -1.489044],
 [ 0.006426,  0.020134,  0.014562],
 [-0.00351 ,  0.012151,  0.006354],
 [ 0.177948, -0.838481, -0.10695 ],
 [-0.013302, -0.033037, -0.061041],
 [-0.052091,  0.033204, -0.025915],
 [-0.00682 ,  0.010663, -0.006142],
 [ 0.036087, -0.015946, -0.066506],
 [-0.026392, -0.013598, -0.080062],
 [-0.273858,  0.655737, -0.247832],
 [ 0.013385, -0.008239,  0.004531],
 [ 0.006769, -0.015298,  0.007767],
 [-1.370752,  1.906   , -1.417847]]
spherical_charges_l2: [[ 1.906437e+00, -1.534324e+00,  2.698113e+00,  1.121008e+00, -1.808370e+00],
 [-8.438389e-02,  7.087588e-02, -7.669493e-02,  1.870733e-02,  5.886220e-02],
 [-8.373781e-02,  6.180833e-02, -6.761253e-02,  1.463181e-02,  5.747110e-02],
 [ 1.955333e-02,  7.304040e-02,  1.356927e-01,  6.384073e-02,  1.877647e-03],
 [ 1.638391e-01,  1.783430e-01, -1.098395e-01, -7.612478e-03,  9.726290e-02],
 [ 2.039591e-01,  1.114881e-01, -2.359203e-02, -2.423395e-01,  4.979844e-02],
 [ 1.600386e-01, -9.870801e-03,  9.691672e-03,  5.994448e-02,  8.745442e-02],
 [ 4.697530e-02,  1.818988e-01, -1.320313e-01,  1.625415e-01, -2.462184e-02],
 [ 1.103152e-01,  2.129509e-01, -4.888372e-03, -2.639966e-02,  8.586391e-02],
 [ 7.965220e-02,  4.730280e-03,  3.476270e-02,  6.103969e-03, -5.647759e-02],
 [-6.840342e-02, -1.147181e-01,  4.890267e-02,  3.511341e-02,  7.648334e-02],
 [-6.164565e-02, -1.127190e-01,  4.854289e-02,  3.447218e-02,  7.183972e-02],
 [ 1.703708e+00,  1.979605e+00, -4.633055e-01, -2.124896e+00, -2.329363e+00]]
energy_short: [-0.908524,  0.696125,  0.693541, -0.444153, -0.21999 , -0.255969, -0.464462, -0.440175, -0.447825, -0.602981,  0.708275,  0.701956, -0.651819]
energy_long: [0.008716, 0.091916, 0.082734, 0.228528, 0.078992, 0.154927, 0.180957, 0.204112, 0.257124, 0.216669, 0.097942, 0.093399, 0.172099]