step=2310885, graph_id=0, num_atoms=13
scalar_charges: [ 0.504581, -1.458278, -1.455377,  0.561092,  0.595749,  0.589706,  0.564361,  0.567049,  0.56666 ,  0.540514, -1.459199, -1.458155,  0.531364]
spherical_charges_l0: [[-0.423025],
 [-0.007926],
 [-0.007555],
 [-0.041748],
 [-0.015264],
 [-0.031417],
 [-0.018357],
 [-0.027539],
 [-0.019909],
 [-0.034773],
 [-0.009228],
 [-0.008357],
 [-0.403898]]
spherical_charges_l1: [[ 3.536681e-03, -1.261240e+00, -7.550955e-01],
 [ 4.446601e-03,  3.878086e-03,  5.074316e-03],
 [-3.149316e-03,  2.691396e-03,  3.305030e-04],
 [ 9.819215e-02, -4.015281e-01, -4.463939e-02],
 [-4.428686e-03, -1.430046e-02, -2.082737e-02],
 [-2.157887e-02,  1.361114e-02, -1.279647e-02],
 [-4.154760e-03,  5.716535e-03, -7.186423e-03],
 [ 1.479676e-02, -6.268754e-03, -3.109287e-02],
 [-1.057451e-02, -6.724897e-03, -3.505881e-02],
 [-1.240158e-01,  3.151796e-01, -1.190442e-01],
 [ 2.368120e-03, -3.062106e-04,  2.438498e-04],
 [ 5.472956e-04, -2.744045e-03,  1.376610e-03],
 [-7.042693e-01,  9.741687e-01, -7.206817e-01]]
spherical_charges_l2: [[ 9.619301e-01, -7.704564e-01,  1.368370e+00,  5.749289e-01, -9.135455e-01],
 [-4.026959e-02,  3.542606e-02, -3.877673e-02,  8.500447e-03,  2.988836e-02],
 [-4.105544e-02,  2.716967e-02, -3.545444e-02,  3.732724e-03,  2.928259e-02],
 [ 1.281274e-02,  3.870835e-02,  7.072297e-02,  2.997550e-02,  2.874678e-04],
 [ 7.702486e-02,  8.610059e-02, -5.562259e-02,  1.856835e-03,  4.532100e-02],
 [ 9.955990e-02,  4.720489e-02, -7.490502e-03, -1.218681e-01,  2.476573e-02],
 [ 8.262030e-02, -5.717828e-03,  2.760300e-03,  2.938466e-02,  4.112498e-02],
 [ 1.848269e-02,  8.461405e-02, -6.359160e-02,  8.365367e-02, -1.355272e-02],
 [ 5.261843e-02,  1.011311e-01, -2.018835e-03, -1.783932e-02,  4.421787e-02],
 [ 4.331496e-02,  6.080655e-03,  1.588158e-02,  3.952420e-03, -2.862686e-02],
 [-2.880017e-02, -5.642141e-02,  2.415652e-02,  2.035695e-02,  3.759758e-02],
 [-3.310002e-02, -5.268687e-02,  2.232827e-02,  1.740485e-02,  3.719752e-02],
 [ 8.598000e-01,  9.964144e-01, -2.297053e-01, -1.090695e+00, -1.184527e+00]]
energy_short: [-1.074234,  0.93462 ,  0.935149, -0.54956 , -0.292693, -0.331937, -0.540973, -0.515693, -0.521892, -0.706065,  0.944991,  0.939817, -0.814687]
energy_long: [-0.003919,  0.101181,  0.093031,  0.21936 ,  0.087831,  0.149815,  0.184303,  0.200706,  0.2611  ,  0.208097,  0.106815,  0.103295,  0.137836]