step=556695, graph_id=0, num_atoms=13
scalar_charges: [ 1.851355, -5.880919, -5.871704,  2.00245 ,  2.050306,  2.046213,  2.00889 ,  2.012959,  2.010396,  1.969064, -5.8912  , -5.881945,  1.94496 ]
spherical_charges_l0: [[-1.893449],
 [-0.043338],
 [-0.033516],
 [-0.292951],
 [-0.200381],
 [-0.237731],
 [-0.172313],
 [-0.223534],
 [-0.194445],
 [-0.2629  ],
 [-0.049187],
 [-0.042982],
 [-1.854035]]
spherical_charges_l1: [[ 7.005857e-02, -4.786256e+00, -2.866096e+00],
 [ 5.525363e-02,  7.441682e-02,  6.539168e-02],
 [-5.005657e-02,  9.629484e-02,  2.616554e-02],
 [ 4.303080e-01, -2.343070e+00, -3.947149e-01],
 [-3.334991e-02, -4.533684e-02, -1.065110e-01],
 [-7.547692e-02,  4.042262e-02, -6.693118e-02],
 [-9.801090e-04,  1.877310e-02,  8.338375e-03],
 [ 5.424025e-02, -2.735266e-02, -1.359770e-01],
 [-3.384756e-02, -3.402225e-02, -1.555056e-01],
 [-7.937145e-01,  1.833626e+00, -7.320886e-01],
 [ 1.148277e-01, -4.883118e-02,  2.791331e-02],
 [ 6.591199e-03, -1.052295e-01,  5.191331e-02],
 [-2.808275e+00,  3.851676e+00, -2.819974e+00]]
spherical_charges_l2: [[ 3.847695e+00, -3.220621e+00,  5.591650e+00,  2.380070e+00, -3.795604e+00],
 [-1.687836e-01,  1.603533e-01, -1.725074e-01,  1.976470e-02,  1.377086e-01],
 [-1.980751e-01,  1.224554e-01, -1.686804e-01,  2.736706e-02,  1.224798e-01],
 [ 1.740241e-01,  1.430841e-01,  4.114730e-01,  1.494504e-01, -4.020321e-02],
 [ 3.759082e-01,  3.748223e-01, -2.427833e-01, -4.142767e-02,  1.912341e-01],
 [ 4.183591e-01,  2.268036e-01, -8.224273e-02, -4.745567e-01,  1.263273e-01],
 [ 3.386875e-01,  4.960442e-02,  9.895688e-03,  1.182310e-01,  2.029645e-01],
 [ 1.239023e-01,  3.885574e-01, -2.295606e-01,  3.287125e-01, -3.808518e-02],
 [ 2.480971e-01,  4.330442e-01, -4.136044e-02, -4.289382e-02,  1.622583e-01],
 [ 3.037426e-01,  1.614878e-01,  4.777397e-03, -2.450698e-02, -2.244281e-01],
 [-1.412579e-01, -2.495709e-01,  1.055228e-01,  9.617905e-02,  1.796817e-01],
 [-1.496159e-01, -2.345340e-01,  9.863650e-02,  8.504340e-02,  1.736343e-01],
 [ 3.536938e+00,  4.109903e+00, -9.372251e-01, -4.604627e+00, -4.995907e+00]]
energy_short: [-0.854213,  0.429608,  0.421902, -0.345877, -0.142825, -0.169823, -0.367684, -0.353061, -0.365907, -0.520986,  0.440819,  0.432176, -0.572279]
energy_long: [-0.000679,  0.090047,  0.084681,  0.27567 ,  0.103384,  0.188849,  0.214266,  0.249523,  0.30531 ,  0.264216,  0.091247,  0.08857 ,  0.147851]