step=1153440, graph_id=0, num_atoms=13
scalar_charges: [ 0.834439, -2.408066, -2.409457,  0.979444,  1.035167,  1.026825,  0.97467 ,  0.980743,  0.978659,  0.9353  , -2.407329, -2.407965,  0.924604]
spherical_charges_l0: [[-0.928917],
 [-0.014651],
 [-0.013415],
 [-0.087053],
 [-0.052782],
 [-0.081644],
 [-0.047588],
 [-0.07244 ],
 [-0.057646],
 [-0.07482 ],
 [-0.016939],
 [-0.015504],
 [-0.885701]]
spherical_charges_l1: [[ 2.467205e-02, -2.703014e+00, -1.624609e+00],
 [ 1.453597e-02,  2.118507e-02,  1.921445e-02],
 [-1.060804e-02,  2.090341e-02,  6.860908e-03],
 [ 2.103703e-01, -9.252142e-01, -1.269037e-01],
 [-4.527291e-03, -2.828101e-02, -4.583069e-02],
 [-4.237846e-02,  2.498714e-02, -2.488641e-02],
 [-6.150410e-03,  1.336711e-02, -5.278479e-03],
 [ 2.962668e-02, -9.072963e-03, -6.569921e-02],
 [-2.175804e-02, -1.534536e-02, -7.327945e-02],
 [-2.941679e-01,  7.231401e-01, -2.895367e-01],
 [ 2.411468e-02, -7.904421e-03,  4.731206e-03],
 [ 2.481988e-03, -2.492684e-02,  1.234690e-02],
 [-1.520299e+00,  2.115204e+00, -1.558834e+00]]
spherical_charges_l2: [[ 2.133808, -1.736552,  3.102961,  1.327327, -2.104732],
 [-0.085716,  0.084064, -0.079888,  0.018536,  0.067695],
 [-0.095276,  0.057901, -0.081114,  0.012144,  0.061057],
 [ 0.023086,  0.088386,  0.161087,  0.071779, -0.003907],
 [ 0.179725,  0.193215, -0.119406, -0.004644,  0.106826],
 [ 0.219455,  0.109234, -0.023129, -0.267683,  0.056331],
 [ 0.176455, -0.008777,  0.00722 ,  0.06232 ,  0.089639],
 [ 0.045378,  0.190945, -0.138689,  0.183621, -0.027718],
 [ 0.117827,  0.22568 , -0.00633 , -0.034225,  0.096937],
 [ 0.100271,  0.012626,  0.03108 ,  0.00778 , -0.075084],
 [-0.062521, -0.12216 ,  0.052261,  0.044795,  0.082113],
 [-0.075028, -0.114255,  0.048256,  0.03654 ,  0.081468],
 [ 1.92843 ,  2.226489, -0.51977 , -2.466542, -2.701597]]
energy_short: [-0.937479,  0.685575,  0.682821, -0.46499 , -0.243516, -0.276219, -0.48344 , -0.460144, -0.468158, -0.623161,  0.696358,  0.690657, -0.671322]
energy_long: [0.002335, 0.10177 , 0.094278, 0.234553, 0.086269, 0.15833 , 0.187147, 0.210476, 0.270707, 0.221852, 0.106954, 0.103328, 0.148548]