step=3139920, graph_id=0, num_atoms=13
scalar_charges: [ 0.430809, -1.28221 , -1.281359,  0.483344,  0.51319 ,  0.508455,  0.484484,  0.487312,  0.486621,  0.465194, -1.288956, -1.285485,  0.453437]
spherical_charges_l0: [[-0.344196],
 [-0.005919],
 [-0.005522],
 [-0.035039],
 [-0.011328],
 [-0.025365],
 [-0.015449],
 [-0.022459],
 [-0.016461],
 [-0.029668],
 [-0.006868],
 [-0.006137],
 [-0.329988]]
spherical_charges_l1: [[ 5.352539e-03, -9.969619e-01, -6.022310e-01],
 [ 3.789396e-03,  1.371497e-03,  3.561283e-03],
 [-3.167549e-03,  1.238647e-03, -3.231150e-04],
 [ 7.726435e-02, -3.168602e-01, -3.563169e-02],
 [-5.360639e-03, -1.081188e-02, -1.830671e-02],
 [-1.849999e-02,  9.534633e-03, -1.192743e-02],
 [-3.452319e-03,  4.991391e-03, -5.782256e-03],
 [ 1.231871e-02, -4.431396e-03, -2.775740e-02],
 [-8.735945e-03, -7.210404e-03, -3.024268e-02],
 [-9.805132e-02,  2.501165e-01, -9.494548e-02],
 [ 2.220365e-03,  3.603589e-04, -8.946120e-05],
 [-4.542294e-04, -1.833585e-03,  8.944654e-04],
 [-5.593254e-01,  7.723873e-01, -5.757271e-01]]
spherical_charges_l2: [[ 0.765312, -0.610628,  1.084494,  0.455094, -0.719488],
 [-0.033088,  0.027152, -0.030901,  0.007574,  0.022962],
 [-0.032242,  0.021765, -0.027009,  0.003827,  0.022735],
 [ 0.011998,  0.033184,  0.056347,  0.021309,  0.0028  ],
 [ 0.064122,  0.070715, -0.046582,  0.00109 ,  0.036017],
 [ 0.081205,  0.038867, -0.007369, -0.098503,  0.023141],
 [ 0.066786, -0.001409,  0.00169 ,  0.023187,  0.033822],
 [ 0.016358,  0.069897, -0.048844,  0.069269, -0.009784],
 [ 0.044901,  0.083346, -0.004619, -0.013637,  0.03622 ],
 [ 0.035728,  0.005652,  0.01245 ,  0.005526, -0.022516],
 [-0.023179, -0.045219,  0.019453,  0.014875,  0.028904],
 [-0.025681, -0.042333,  0.018072,  0.012969,  0.028455],
 [ 0.688266,  0.796629, -0.181266, -0.869757, -0.939789]]
energy_short: [-1.08205 ,  0.942499,  0.943607, -0.529209, -0.274801, -0.31567 , -0.5252  , -0.500159, -0.506392, -0.690199,  0.953504,  0.948329, -0.81968 ]
energy_long: [-0.011597,  0.081831,  0.071423,  0.209191,  0.076557,  0.141063,  0.171202,  0.184799,  0.248574,  0.197353,  0.087646,  0.083752,  0.133031]