step=3051810, graph_id=0, num_atoms=13
scalar_charges: [ 0.444998, -1.337787, -1.336646,  0.494238,  0.525154,  0.520146,  0.495714,  0.49843 ,  0.497675,  0.476051, -1.343297, -1.340367,  0.463995]
spherical_charges_l0: [[-0.35597 ],
 [-0.006132],
 [-0.005704],
 [-0.036182],
 [-0.012283],
 [-0.02603 ],
 [-0.015795],
 [-0.022924],
 [-0.017049],
 [-0.030703],
 [-0.007143],
 [-0.006389],
 [-0.33998 ]]
spherical_charges_l1: [[ 5.397024e-03, -1.029617e+00, -6.201915e-01],
 [ 3.761804e-03,  1.638207e-03,  3.696570e-03],
 [-3.007316e-03,  1.350881e-03, -1.750923e-04],
 [ 7.964577e-02, -3.278877e-01, -3.820390e-02],
 [-3.036611e-03, -1.054494e-02, -1.604232e-02],
 [-1.751484e-02,  1.009894e-02, -1.055572e-02],
 [-3.155504e-03,  4.845634e-03, -5.144093e-03],
 [ 1.228525e-02, -4.898609e-03, -2.652911e-02],
 [-8.786086e-03, -6.054845e-03, -2.877658e-02],
 [-1.017976e-01,  2.584940e-01, -9.797828e-02],
 [ 2.147960e-03,  1.695241e-04,  1.776876e-06],
 [-1.640709e-04, -1.874138e-03,  9.243512e-04],
 [-5.756977e-01,  7.947553e-01, -5.902484e-01]]
spherical_charges_l2: [[ 7.872395e-01, -6.307360e-01,  1.123528e+00,  4.757617e-01, -7.454687e-01],
 [-3.279706e-02,  2.809587e-02, -3.080078e-02,  7.731550e-03,  2.354993e-02],
 [-3.304453e-02,  2.089985e-02, -2.786281e-02,  3.669922e-03,  2.285408e-02],
 [ 1.121513e-02,  3.302426e-02,  5.740916e-02,  2.128349e-02,  1.967392e-03],
 [ 6.518932e-02,  7.084981e-02, -4.534945e-02,  7.052259e-04,  3.712147e-02],
 [ 8.186866e-02,  3.943700e-02, -7.194339e-03, -9.848145e-02,  2.328475e-02],
 [ 6.587247e-02, -1.617041e-03,  1.806349e-03,  2.296777e-02,  3.333642e-02],
 [ 1.655022e-02,  6.976693e-02, -4.893822e-02,  6.875262e-02, -9.397594e-03],
 [ 4.476220e-02,  8.329863e-02, -4.240955e-03, -1.296519e-02,  3.661279e-02],
 [ 3.532724e-02,  5.451833e-03,  1.255499e-02,  6.023482e-03, -2.302686e-02],
 [-2.230360e-02, -4.595720e-02,  1.982796e-02,  1.552140e-02,  2.901627e-02],
 [-2.700691e-02, -4.232901e-02,  1.799819e-02,  1.274701e-02,  2.902181e-02],
 [ 7.076713e-01,  8.185709e-01, -1.866677e-01, -8.979511e-01, -9.718685e-01]]
energy_short: [-1.085488,  0.943795,  0.945215, -0.529045, -0.273372, -0.314539, -0.52229 , -0.498585, -0.505207, -0.689096,  0.95532 ,  0.949961, -0.82503 ]
energy_long: [-0.012979,  0.080066,  0.069548,  0.209133,  0.075061,  0.133935,  0.169574,  0.18445 ,  0.246796,  0.196778,  0.08614 ,  0.082189,  0.126929]