step=2274840, graph_id=0, num_atoms=13
scalar_charges: [ 0.50107 , -1.447868, -1.445699,  0.551494,  0.589785,  0.582764,  0.555077,  0.557628,  0.556977,  0.5298  , -1.450024, -1.448472,  0.519484]
spherical_charges_l0: [[-0.434763],
 [-0.007085],
 [-0.00663 ],
 [-0.037085],
 [-0.014277],
 [-0.031084],
 [-0.018335],
 [-0.027437],
 [-0.019716],
 [-0.030853],
 [-0.008293],
 [-0.007487],
 [-0.411077]]
spherical_charges_l1: [[-8.033961e-05, -1.290915e+00, -7.762291e-01],
 [ 4.942212e-03,  2.126588e-03,  4.497455e-03],
 [-3.709212e-03,  1.868593e-03, -3.613115e-04],
 [ 9.817202e-02, -3.962206e-01, -4.687768e-02],
 [-8.696235e-03, -1.390069e-02, -2.694379e-02],
 [-2.628321e-02,  1.080839e-02, -1.711866e-02],
 [-3.461370e-03,  6.401761e-03, -5.495466e-03],
 [ 1.726631e-02, -5.190372e-03, -3.753627e-02],
 [-1.221110e-02, -1.061141e-02, -4.125553e-02],
 [-1.234970e-01,  3.125222e-01, -1.218768e-01],
 [ 1.746342e-03,  9.430059e-04, -3.915563e-04],
 [-6.686084e-04, -2.028231e-03,  9.833979e-04],
 [-7.208427e-01,  9.914672e-01, -7.366441e-01]]
spherical_charges_l2: [[ 9.783170e-01, -7.823986e-01,  1.400787e+00,  5.898448e-01, -9.375145e-01],
 [-3.764806e-02,  3.404803e-02, -3.640785e-02,  8.172814e-03,  2.846267e-02],
 [-3.886131e-02,  2.377149e-02, -3.335281e-02,  3.530054e-03,  2.674729e-02],
 [ 1.428481e-02,  3.987647e-02,  7.133359e-02,  2.821145e-02,  3.588220e-03],
 [ 8.337091e-02,  8.992726e-02, -5.643756e-02, -3.625674e-05,  4.728960e-02],
 [ 1.048073e-01,  5.149361e-02, -9.270436e-03, -1.237178e-01,  2.868213e-02],
 [ 8.130255e-02, -4.400085e-03,  3.172185e-03,  2.915988e-02,  4.166151e-02],
 [ 2.223376e-02,  8.877092e-02, -6.342757e-02,  8.595833e-02, -1.220335e-02],
 [ 5.724688e-02,  1.063641e-01, -4.739054e-03, -1.543641e-02,  4.554508e-02],
 [ 4.555296e-02,  7.804512e-03,  1.615080e-02,  5.739456e-03, -2.812204e-02],
 [-2.685226e-02, -5.370761e-02,  2.302691e-02,  1.944085e-02,  3.552211e-02],
 [-3.215394e-02, -4.945794e-02,  2.090684e-02,  1.607144e-02,  3.530222e-02],
 [ 8.719963e-01,  1.011451e+00, -2.353735e-01, -1.108084e+00, -1.208561e+00]]
energy_short: [-1.099945,  0.937393,  0.937476, -0.55555 , -0.29978 , -0.33964 , -0.547983, -0.524395, -0.532058, -0.715437,  0.948537,  0.943111, -0.836877]
energy_long: [-0.004705,  0.101624,  0.093801,  0.221157,  0.081501,  0.141622,  0.186053,  0.191255,  0.258176,  0.210431,  0.107366,  0.103628,  0.140158]