step=3976965, graph_id=0, num_atoms=13
scalar_charges: [ 0.437649, -1.293917, -1.29186 ,  0.493805,  0.522898,  0.518289,  0.494926,  0.497778,  0.497097,  0.475446, -1.299314, -1.296112,  0.463819]
spherical_charges_l0: [[-0.336576],
 [-0.005218],
 [-0.004838],
 [-0.036118],
 [-0.012042],
 [-0.025126],
 [-0.015702],
 [-0.022362],
 [-0.016946],
 [-0.030936],
 [-0.006077],
 [-0.005381],
 [-0.322487]]
spherical_charges_l1: [[ 6.859850e-03, -9.933029e-01, -5.971904e-01],
 [ 4.023506e-03,  5.167470e-04,  3.303192e-03],
 [-3.540334e-03,  1.019413e-03, -6.105934e-04],
 [ 7.576291e-02, -3.130527e-01, -3.638044e-02],
 [-5.206736e-03, -9.012423e-03, -1.708369e-02],
 [-1.730904e-02,  7.850419e-03, -1.161762e-02],
 [-3.141357e-03,  4.814472e-03, -5.598469e-03],
 [ 1.198186e-02, -4.131956e-03, -2.703210e-02],
 [-8.356834e-03, -7.428157e-03, -2.926823e-02],
 [-9.689411e-02,  2.464528e-01, -9.406374e-02],
 [ 2.422562e-03,  9.085996e-04, -3.519024e-04],
 [-1.026604e-03, -1.685410e-03,  8.019044e-04],
 [-5.559439e-01,  7.674614e-01, -5.714946e-01]]
spherical_charges_l2: [[ 7.534499e-01, -6.026539e-01,  1.076576e+00,  4.550939e-01, -7.160836e-01],
 [-3.250441e-02,  2.620284e-02, -2.983416e-02,  7.753346e-03,  2.205206e-02],
 [-3.179814e-02,  2.106611e-02, -2.646131e-02,  3.987062e-03,  2.196962e-02],
 [ 1.182106e-02,  3.157254e-02,  5.497641e-02,  2.014297e-02,  2.751305e-03],
 [ 6.386936e-02,  6.926814e-02, -4.511893e-02,  5.253649e-04,  3.514110e-02],
 [ 7.963668e-02,  3.833917e-02, -6.899961e-03, -9.529241e-02,  2.319646e-02],
 [ 6.555015e-02, -1.109337e-03,  1.482689e-03,  2.261379e-02,  3.325397e-02],
 [ 1.641526e-02,  6.868696e-02, -4.783041e-02,  6.763331e-02, -9.025095e-03],
 [ 4.406513e-02,  8.167026e-02, -4.847922e-03, -1.261812e-02,  3.564935e-02],
 [ 3.462717e-02,  6.395116e-03,  1.215684e-02,  5.968057e-03, -2.103618e-02],
 [-2.252012e-02, -4.479886e-02,  1.933183e-02,  1.432854e-02,  2.801519e-02],
 [-2.545679e-02, -4.150569e-02,  1.773421e-02,  1.221362e-02,  2.761157e-02],
 [ 6.778091e-01,  7.843318e-01, -1.791053e-01, -8.615654e-01, -9.322832e-01]]
energy_short: [-1.057265,  0.928355,  0.930391, -0.521854, -0.265764, -0.307751, -0.517758, -0.492378, -0.498117, -0.679934,  0.940255,  0.934446, -0.798955]
energy_long: [-0.018025,  0.075906,  0.063866,  0.20755 ,  0.072485,  0.133928,  0.165002,  0.178017,  0.249069,  0.195234,  0.082511,  0.078307,  0.124878]