step=2270835, graph_id=0, num_atoms=13
scalar_charges: [ 0.47293 , -1.443903, -1.441835,  0.550262,  0.592004,  0.584665,  0.554232,  0.557195,  0.556623,  0.524789, -1.450236, -1.446756,  0.510539]
spherical_charges_l0: [[-0.415696],
 [-0.007594],
 [-0.007279],
 [-0.039794],
 [-0.015733],
 [-0.031938],
 [-0.019107],
 [-0.02828 ],
 [-0.020875],
 [-0.032778],
 [-0.009048],
 [-0.008116],
 [-0.397055]]
spherical_charges_l1: [[ 1.324793e-03, -1.255610e+00, -7.554347e-01],
 [ 3.906311e-03,  3.474997e-03,  4.923191e-03],
 [-3.593923e-03,  1.940079e-03,  2.056851e-04],
 [ 9.549360e-02, -3.960701e-01, -4.564412e-02],
 [-3.300016e-03, -1.379157e-02, -1.987093e-02],
 [-2.200034e-02,  1.273881e-02, -1.234183e-02],
 [-4.625431e-03,  6.345708e-03, -6.774954e-03],
 [ 1.530232e-02, -5.353978e-03, -3.187937e-02],
 [-1.078777e-02, -7.675187e-03, -3.534016e-02],
 [-1.231707e-01,  3.104196e-01, -1.182893e-01],
 [ 2.337403e-03,  6.910040e-04, -2.424081e-04],
 [-2.668465e-04, -2.176574e-03,  1.074376e-03],
 [-7.060881e-01,  9.744871e-01, -7.203414e-01]]
spherical_charges_l2: [[ 9.413842e-01, -7.599541e-01,  1.349189e+00,  5.727417e-01, -9.041824e-01],
 [-3.744027e-02,  3.427374e-02, -3.607517e-02,  7.769211e-03,  2.849408e-02],
 [-3.968228e-02,  2.458957e-02, -3.478489e-02,  2.975957e-03,  2.761278e-02],
 [ 1.274843e-02,  3.911324e-02,  6.825164e-02,  2.911063e-02,  1.026735e-03],
 [ 7.792307e-02,  8.474811e-02, -5.383182e-02, -1.391841e-04,  4.409815e-02],
 [ 9.976364e-02,  5.024739e-02, -9.201316e-03, -1.185788e-01,  2.667964e-02],
 [ 8.078627e-02, -3.791963e-03,  2.499585e-03,  2.863655e-02,  4.109748e-02],
 [ 2.096104e-02,  8.609631e-02, -6.228822e-02,  8.207802e-02, -1.179824e-02],
 [ 5.397094e-02,  1.020212e-01, -3.408338e-03, -1.479050e-02,  4.415497e-02],
 [ 4.241188e-02,  5.606577e-03,  1.554852e-02,  5.188730e-03, -2.755412e-02],
 [-2.649782e-02, -5.517427e-02,  2.369760e-02,  2.042992e-02,  3.627264e-02],
 [-3.322523e-02, -5.005286e-02,  2.109581e-02,  1.647383e-02,  3.630688e-02],
 [ 8.498717e-01,  9.818937e-01, -2.231750e-01, -1.083255e+00, -1.170638e+00]]
energy_short: [-1.075925,  0.933799,  0.934124, -0.533786, -0.276875, -0.316717, -0.524935, -0.500649, -0.507158, -0.692399,  0.944974,  0.939517, -0.817211]
energy_long: [0.001979, 0.100451, 0.092508, 0.223675, 0.081756, 0.149379, 0.184113, 0.197856, 0.253856, 0.211404, 0.106342, 0.103197, 0.141991]