step=2102625, graph_id=0, num_atoms=13
scalar_charges: [ 0.517223, -1.603322, -1.601774,  0.5887  ,  0.628548,  0.621386,  0.59206 ,  0.595111,  0.594475,  0.563508, -1.609535, -1.606294,  0.549754]
spherical_charges_l0: [[-0.441935],
 [-0.007965],
 [-0.007653],
 [-0.040717],
 [-0.015829],
 [-0.032788],
 [-0.020455],
 [-0.029114],
 [-0.021806],
 [-0.032824],
 [-0.009343],
 [-0.008478],
 [-0.423108]]
spherical_charges_l1: [[ 4.913770e-04, -1.355018e+00, -8.179142e-01],
 [ 4.743353e-03,  3.408393e-03,  5.125218e-03],
 [-3.702759e-03,  2.474931e-03,  1.492257e-04],
 [ 1.022095e-01, -4.384858e-01, -4.819646e-02],
 [-1.821693e-03, -1.320655e-02, -1.813641e-02],
 [-1.956383e-02,  1.159514e-02, -1.081035e-02],
 [-5.176254e-03,  5.932621e-03, -8.122960e-03],
 [ 1.442846e-02, -4.433012e-03, -3.255788e-02],
 [-1.054480e-02, -8.140627e-03, -3.587161e-02],
 [-1.365033e-01,  3.460801e-01, -1.270262e-01],
 [ 3.258593e-03,  5.283908e-04, -1.335230e-04],
 [-3.532176e-04, -2.925147e-03,  1.436599e-03],
 [-7.646126e-01,  1.058785e+00, -7.806672e-01]]
spherical_charges_l2: [[ 1.002651, -0.817163,  1.442392,  0.615052, -0.965101],
 [-0.041953,  0.035675, -0.038555,  0.009431,  0.029702],
 [-0.041496,  0.028475, -0.035083,  0.005093,  0.028813],
 [ 0.011321,  0.040912,  0.073858,  0.029901, -0.001909],
 [ 0.079271,  0.086665, -0.053688,  0.002736,  0.047209],
 [ 0.103459,  0.05245 , -0.005889, -0.126653,  0.02681 ],
 [ 0.084558, -0.00491 ,  0.002754,  0.029937,  0.042468],
 [ 0.01903 ,  0.089496, -0.067299,  0.08664 , -0.0122  ],
 [ 0.053669,  0.106831, -0.001881, -0.0164  ,  0.047979],
 [ 0.043934,  0.0041  ,  0.016532,  0.002662, -0.033684],
 [-0.02992 , -0.057448,  0.024694,  0.018799,  0.036894],
 [-0.032865, -0.054188,  0.023138,  0.016405,  0.036245],
 [ 0.908352,  1.050318, -0.240564, -1.159452, -1.259848]]
energy_short: [-1.082642,  0.89348 ,  0.893511, -0.533406, -0.276204, -0.314183, -0.524593, -0.498564, -0.505882, -0.69133 ,  0.904352,  0.899068, -0.82254 ]
energy_long: [0.007094, 0.109883, 0.100765, 0.234181, 0.089727, 0.151675, 0.187129, 0.204268, 0.264797, 0.223053, 0.116298, 0.112382, 0.149346]