step=2182725, graph_id=0, num_atoms=13
scalar_charges: [ 0.512218, -1.522364, -1.519343,  0.590686,  0.633064,  0.625353,  0.59459 ,  0.597794,  0.597289,  0.564462, -1.52629 , -1.523696,  0.553037]
spherical_charges_l0: [[-0.437266],
 [-0.008309],
 [-0.007995],
 [-0.04585 ],
 [-0.017276],
 [-0.033702],
 [-0.019851],
 [-0.02978 ],
 [-0.022198],
 [-0.03896 ],
 [-0.009634],
 [-0.008725],
 [-0.415136]]
spherical_charges_l1: [[-1.212934e-03, -1.284272e+00, -7.751047e-01],
 [ 6.482018e-03,  3.327806e-03,  6.131962e-03],
 [-4.885776e-03,  3.740801e-03,  2.322366e-04],
 [ 1.005985e-01, -4.453368e-01, -5.450409e-02],
 [-4.781516e-03, -1.532666e-02, -2.469413e-02],
 [-2.498143e-02,  1.332906e-02, -1.562866e-02],
 [-3.643586e-03,  7.260264e-03, -3.859856e-03],
 [ 1.549465e-02, -6.051835e-03, -3.541077e-02],
 [-1.106223e-02, -8.360210e-03, -3.731640e-02],
 [-1.444772e-01,  3.529776e-01, -1.337160e-01],
 [ 4.533081e-03,  5.264452e-04, -8.815239e-05],
 [-7.827537e-04, -4.146656e-03,  2.022286e-03],
 [-7.217299e-01,  9.937474e-01, -7.369919e-01]]
spherical_charges_l2: [[ 9.849575e-01, -7.980064e-01,  1.398894e+00,  5.866907e-01, -9.409301e-01],
 [-4.023650e-02,  3.780249e-02, -3.874462e-02,  8.608498e-03,  3.160615e-02],
 [-4.297743e-02,  2.622969e-02, -3.794358e-02,  3.541237e-03,  2.987574e-02],
 [ 1.170258e-02,  3.842479e-02,  7.281810e-02,  2.882578e-02,  1.746397e-03],
 [ 8.094025e-02,  9.014519e-02, -5.723774e-02, -3.903273e-04,  4.732409e-02],
 [ 1.036404e-01,  5.169846e-02, -7.969292e-03, -1.246931e-01,  2.652016e-02],
 [ 8.254182e-02, -4.915881e-03,  4.031783e-03,  3.015788e-02,  4.304808e-02],
 [ 2.045171e-02,  8.805990e-02, -6.541803e-02,  8.541159e-02, -1.275129e-02],
 [ 5.527279e-02,  1.059199e-01, -2.736618e-03, -1.648902e-02,  4.597914e-02],
 [ 4.331417e-02,  6.496096e-03,  1.598745e-02,  6.945962e-03, -2.928276e-02],
 [-2.784742e-02, -5.815245e-02,  2.500469e-02,  2.127455e-02,  3.795519e-02],
 [-3.559958e-02, -5.301660e-02,  2.234318e-02,  1.707071e-02,  3.835943e-02],
 [ 8.765044e-01,  1.022731e+00, -2.404112e-01, -1.108574e+00, -1.211056e+00]]
energy_short: [-1.074743,  0.913737,  0.914114, -0.553471, -0.292149, -0.332526, -0.542762, -0.517238, -0.523451, -0.710844,  0.924219,  0.918979, -0.814213]
energy_long: [0.00926 , 0.107023, 0.097786, 0.227461, 0.092173, 0.147659, 0.188657, 0.198481, 0.263544, 0.216564, 0.112732, 0.10895 , 0.149403]