step=3240045, graph_id=0, num_atoms=13
scalar_charges: [ 0.445638, -1.313553, -1.311948,  0.498472,  0.528305,  0.523587,  0.499757,  0.502517,  0.501801,  0.48019 , -1.317376, -1.315221,  0.46885 ]
spherical_charges_l0: [[-0.348252],
 [-0.005847],
 [-0.005399],
 [-0.036421],
 [-0.012458],
 [-0.025874],
 [-0.015592],
 [-0.022794],
 [-0.017152],
 [-0.031074],
 [-0.006806],
 [-0.006042],
 [-0.333224]]
spherical_charges_l1: [[ 6.910114e-03, -1.001939e+00, -6.015160e-01],
 [ 3.141951e-03,  1.908242e-03,  3.441699e-03],
 [-2.601580e-03,  9.204401e-04, -1.802022e-04],
 [ 7.720552e-02, -3.215636e-01, -3.799601e-02],
 [-3.683502e-03, -9.346616e-03, -1.663719e-02],
 [-1.779430e-02,  8.766431e-03, -1.130965e-02],
 [-3.328426e-03,  4.775743e-03, -5.571016e-03],
 [ 1.229777e-02, -4.531256e-03, -2.700408e-02],
 [-8.599194e-03, -7.070564e-03, -2.916926e-02],
 [-1.004648e-01,  2.535010e-01, -9.669209e-02],
 [ 1.631396e-03,  2.345083e-04, -4.779917e-05],
 [ 1.211762e-05, -1.406583e-03,  7.006468e-04],
 [-5.598781e-01,  7.744198e-01, -5.750476e-01]]
spherical_charges_l2: [[ 7.623305e-01, -6.073396e-01,  1.083338e+00,  4.529387e-01, -7.202705e-01],
 [-3.250752e-02,  2.648352e-02, -3.009129e-02,  7.804011e-03,  2.216418e-02],
 [-3.175236e-02,  2.117000e-02, -2.610121e-02,  4.071767e-03,  2.212063e-02],
 [ 1.021733e-02,  3.227011e-02,  5.570345e-02,  2.234140e-02,  1.896419e-03],
 [ 6.423809e-02,  6.962591e-02, -4.452993e-02,  6.797616e-04,  3.545649e-02],
 [ 8.032038e-02,  3.839359e-02, -6.866141e-03, -9.598875e-02,  2.309814e-02],
 [ 6.456882e-02, -1.745471e-03,  1.545102e-03,  2.230931e-02,  3.248641e-02],
 [ 1.677191e-02,  6.861581e-02, -4.802789e-02,  6.750228e-02, -9.246721e-03],
 [ 4.427054e-02,  8.164156e-02, -4.405388e-03, -1.253279e-02,  3.591951e-02],
 [ 3.463961e-02,  4.778115e-03,  1.294756e-02,  4.516792e-03, -2.251975e-02],
 [-2.260720e-02, -4.443861e-02,  1.915291e-02,  1.424857e-02,  2.797766e-02],
 [-2.516996e-02, -4.152235e-02,  1.775489e-02,  1.234505e-02,  2.756270e-02],
 [ 6.830564e-01,  7.927008e-01, -1.823112e-01, -8.632502e-01, -9.364749e-01]]
energy_short: [-1.078003,  0.940473,  0.942285, -0.533605, -0.278269, -0.319561, -0.528209, -0.503995, -0.510157, -0.693702,  0.952724,  0.947203, -0.816485]
energy_long: [-0.004315,  0.082532,  0.0722  ,  0.212064,  0.082254,  0.139806,  0.174423,  0.186017,  0.251568,  0.200147,  0.088623,  0.084659,  0.13757 ]