step=548685, graph_id=0, num_atoms=13
scalar_charges: [ 1.715863, -6.462415, -6.454739,  1.981689,  2.04589 ,  2.038413,  1.981312,  1.986858,  1.982986,  1.927627, -6.469377, -6.4625  ,  1.865766]
spherical_charges_l0: [[-2.088657],
 [-0.04691 ],
 [-0.035323],
 [-0.277519],
 [-0.187474],
 [-0.227256],
 [-0.165532],
 [-0.21406 ],
 [-0.185698],
 [-0.251072],
 [-0.050821],
 [-0.044351],
 [-2.03072 ]]
spherical_charges_l1: [[ 8.648474e-02, -5.073564e+00, -3.051236e+00],
 [ 5.811900e-02,  7.716852e-02,  6.907437e-02],
 [-5.012351e-02,  1.006442e-01,  2.895472e-02],
 [ 3.831317e-01, -2.126544e+00, -3.430880e-01],
 [-6.737360e-02, -5.390167e-02, -1.439093e-01],
 [-9.539923e-02,  4.510978e-02, -8.001045e-02],
 [ 1.297788e-03,  2.214243e-02,  1.442277e-02],
 [ 6.616112e-02, -3.541481e-02, -1.456946e-01],
 [-4.380564e-02, -2.970144e-02, -1.769514e-01],
 [-6.965223e-01,  1.629924e+00, -6.353596e-01],
 [ 1.277342e-01, -5.424077e-02,  3.101509e-02],
 [ 7.197949e-03, -1.134631e-01,  5.598224e-02],
 [-2.993879e+00,  4.086629e+00, -2.982349e+00]]
spherical_charges_l2: [[ 3.989799, -3.406976,  5.841085,  2.559124, -4.020126],
 [-0.157624,  0.159994, -0.164935,  0.013011,  0.138678],
 [-0.19319 ,  0.107538, -0.172094,  0.021949,  0.116155],
 [ 0.132666,  0.10381 ,  0.432829,  0.148255, -0.052071],
 [ 0.373398,  0.363812, -0.223716, -0.04951 ,  0.195164],
 [ 0.395007,  0.225912, -0.068693, -0.440898,  0.131798],
 [ 0.298924,  0.039201,  0.018011,  0.111437,  0.191258],
 [ 0.116171,  0.362106, -0.212448,  0.307435, -0.024365],
 [ 0.233633,  0.411351, -0.039196, -0.032949,  0.161192],
 [ 0.259444,  0.133652,  0.024216, -0.033716, -0.234793],
 [-0.112594, -0.239541,  0.102184,  0.102161,  0.167994],
 [-0.156972, -0.21223 ,  0.087713,  0.07803 ,  0.170534],
 [ 3.676499,  4.2939  , -0.986775, -4.818177, -5.20818 ]]
energy_short: [-0.921157,  0.436272,  0.429041, -0.314215, -0.121361, -0.150733, -0.348836, -0.334005, -0.346825, -0.498345,  0.446966,  0.438755, -0.632059]
energy_long: [0.019442, 0.090241, 0.084891, 0.274116, 0.091911, 0.188344, 0.230613, 0.237986, 0.305503, 0.264199, 0.091708, 0.088802, 0.15343 ]