step=2811510, graph_id=0, num_atoms=13
scalar_charges: [ 0.460488, -1.342177, -1.340611,  0.497642,  0.527039,  0.522383,  0.499819,  0.502114,  0.501416,  0.481713, -1.34781 , -1.34468 ,  0.473135]
spherical_charges_l0: [[-0.369431],
 [-0.006357],
 [-0.006039],
 [-0.037056],
 [-0.012547],
 [-0.026804],
 [-0.01601 ],
 [-0.02363 ],
 [-0.017487],
 [-0.031457],
 [-0.007524],
 [-0.006724],
 [-0.353631]]
spherical_charges_l1: [[ 5.370414e-03, -1.071285e+00, -6.437576e-01],
 [ 3.235309e-03,  2.126704e-03,  3.670888e-03],
 [-2.579619e-03,  7.216536e-04, -1.962902e-04],
 [ 8.234836e-02, -3.421829e-01, -4.091225e-02],
 [-4.306982e-03, -1.104633e-02, -1.745248e-02],
 [-1.876008e-02,  1.033630e-02, -1.122670e-02],
 [-3.873440e-03,  5.060408e-03, -6.240469e-03],
 [ 1.301709e-02, -5.173873e-03, -2.819210e-02],
 [-9.113604e-03, -6.929311e-03, -3.089022e-02],
 [-1.082149e-01,  2.707680e-01, -1.042526e-01],
 [ 1.171472e-03,  2.580610e-04, -7.369529e-05],
 [ 1.547502e-04, -1.126333e-03,  5.691622e-04],
 [-5.999521e-01,  8.300873e-01, -6.143771e-01]]
spherical_charges_l2: [[ 0.825166, -0.657917,  1.174547,  0.488532, -0.782254],
 [-0.033941,  0.02901 , -0.031592,  0.007853,  0.024296],
 [-0.033989,  0.022405, -0.028799,  0.003874,  0.023752],
 [ 0.012501,  0.034177,  0.058962,  0.021002,  0.002994],
 [ 0.065794,  0.073193, -0.048582,  0.001559,  0.037703],
 [ 0.085149,  0.040944, -0.007818, -0.104353,  0.023222],
 [ 0.069986, -0.002977,  0.001926,  0.024574,  0.034969],
 [ 0.016486,  0.073338, -0.052287,  0.072725, -0.011517],
 [ 0.046866,  0.087818, -0.003933, -0.015399,  0.037733],
 [ 0.03733 ,  0.007235,  0.012417,  0.007461, -0.022791],
 [-0.023411, -0.047265,  0.020324,  0.016508,  0.030597],
 [-0.027648, -0.043772,  0.018594,  0.013667,  0.030283],
 [ 0.74011 ,  0.85962 , -0.200062, -0.935412, -1.020081]]
energy_short: [-1.080482,  0.944712,  0.945938, -0.534871, -0.280263, -0.31898 , -0.523874, -0.501962, -0.509169, -0.694129,  0.955914,  0.950655, -0.818707]
energy_long: [-0.013314,  0.0844  ,  0.074701,  0.213795,  0.081712,  0.143475,  0.172331,  0.187965,  0.253404,  0.201638,  0.09063 ,  0.086838,  0.130815]