step=1814265, graph_id=0, num_atoms=13
scalar_charges: [ 0.550766, -1.650411, -1.648266,  0.660089,  0.70869 ,  0.700348,  0.662734,  0.667124,  0.666413,  0.627091, -1.65274 , -1.651164,  0.609463]
spherical_charges_l0: [[-0.539631],
 [-0.009646],
 [-0.00918 ],
 [-0.050552],
 [-0.020457],
 [-0.040462],
 [-0.024147],
 [-0.036248],
 [-0.027102],
 [-0.041966],
 [-0.011424],
 [-0.010366],
 [-0.511393]]
spherical_charges_l1: [[ 1.391721e-02, -1.625312e+00, -9.804853e-01],
 [ 6.880946e-03,  5.956302e-03,  7.563555e-03],
 [-5.005277e-03,  5.020741e-03,  9.011097e-04],
 [ 1.275122e-01, -5.293208e-01, -6.993029e-02],
 [ 7.603830e-04, -2.112142e-02, -2.274561e-02],
 [-2.791952e-02,  2.016566e-02, -1.391828e-02],
 [-4.786571e-03,  7.521312e-03, -6.503864e-03],
 [ 2.019017e-02, -8.722443e-03, -3.925147e-02],
 [-1.444121e-02, -6.979216e-03, -4.365973e-02],
 [-1.685370e-01,  4.157617e-01, -1.643887e-01],
 [ 5.987430e-03, -4.373348e-04,  4.352141e-04],
 [-3.698113e-04, -6.100273e-03,  2.996585e-03],
 [-9.123690e-01,  1.266286e+00, -9.328897e-01]]
spherical_charges_l2: [[ 1.233546e+00, -1.004205e+00,  1.760330e+00,  7.292976e-01, -1.185823e+00],
 [-5.053593e-02,  4.512497e-02, -4.786687e-02,  1.081494e-02,  3.769688e-02],
 [-5.152301e-02,  3.273475e-02, -4.409806e-02,  5.534442e-03,  3.499879e-02],
 [ 1.829182e-02,  5.158894e-02,  9.765114e-02,  4.397954e-02,  1.606881e-03],
 [ 9.852357e-02,  1.078998e-01, -6.679337e-02,  9.087240e-04,  5.701432e-02],
 [ 1.274628e-01,  6.699312e-02, -1.023457e-02, -1.554351e-01,  3.381853e-02],
 [ 1.051634e-01, -6.982555e-03,  3.856133e-03,  3.752235e-02,  5.276115e-02],
 [ 2.472177e-02,  1.134031e-01, -8.242562e-02,  1.070558e-01, -1.548676e-02],
 [ 6.805576e-02,  1.346947e-01, -4.103665e-03, -1.983367e-02,  5.823325e-02],
 [ 6.032715e-02,  8.949364e-03,  2.129917e-02,  6.364176e-03, -3.690500e-02],
 [-3.648866e-02, -7.255851e-02,  3.124132e-02,  2.423798e-02,  4.629181e-02],
 [-4.253963e-02, -6.665657e-02,  2.830018e-02,  2.049013e-02,  4.607850e-02],
 [ 1.114307e+00,  1.291187e+00, -3.022223e-01, -1.407582e+00, -1.542884e+00]]
energy_short: [-1.055577,  0.849698,  0.848324, -0.519912, -0.271484, -0.308484, -0.5178  , -0.492572, -0.499468, -0.677431,  0.861477,  0.855806, -0.792907]
energy_long: [0.0086  , 0.110305, 0.10264 , 0.234312, 0.092549, 0.153862, 0.199298, 0.20974 , 0.263768, 0.222789, 0.116418, 0.112577, 0.152894]