step=264330, graph_id=0, num_atoms=13
scalar_charges: [  2.899818, -10.150258, -10.15447 ,   3.103814,   3.150395,   3.142347,   3.091604,   3.092974,   3.088536,   3.047489, -10.155252, -10.1551  ,   3.039483]
spherical_charges_l0: [[-2.329873],
 [-0.044232],
 [-0.025268],
 [-0.505296],
 [-0.356875],
 [-0.3966  ],
 [-0.338095],
 [-0.396836],
 [-0.366468],
 [-0.518575],
 [-0.038913],
 [-0.035553],
 [-2.175066]]
spherical_charges_l1: [[ 1.180322e-01, -4.863445e+00, -2.967871e+00],
 [ 1.276978e-01,  1.453559e-01,  1.310849e-01],
 [-9.849972e-02,  2.034073e-01,  4.775995e-02],
 [ 4.652095e-01, -3.553632e+00, -8.596264e-01],
 [ 2.571809e-02, -1.221625e-02, -1.038311e-02],
 [-3.035364e-03,  3.525675e-02, -2.688782e-02],
 [ 7.959353e-03,  1.422042e-02,  1.208038e-02],
 [ 2.637115e-02, -2.582283e-02, -1.060569e-01],
 [-1.680596e-02, -5.271310e-03, -9.554280e-02],
 [-1.399356e+00,  2.836202e+00, -1.243812e+00],
 [ 2.415852e-01, -9.761157e-02,  5.606909e-02],
 [ 1.070282e-02, -2.130711e-01,  1.049003e-01],
 [-2.840060e+00,  3.905436e+00, -2.943849e+00]]
spherical_charges_l2: [[ 3.912351e+00, -3.321587e+00,  5.847168e+00,  2.662843e+00, -4.056946e+00],
 [-2.156930e-01,  2.186304e-01, -2.534183e-01,  1.222500e-02,  1.922803e-01],
 [-2.579103e-01,  1.590877e-01, -2.244265e-01,  1.572029e-02,  1.772079e-01],
 [ 3.556717e-01,  1.412549e-01,  7.499754e-01,  1.780113e-01, -1.892793e-01],
 [ 4.461133e-01,  3.964053e-01, -2.053102e-01, -5.687173e-02,  2.347527e-01],
 [ 4.690818e-01,  2.616313e-01, -6.361170e-02, -5.079283e-01,  1.698401e-01],
 [ 4.429774e-01,  1.150586e-01,  1.254017e-02,  1.476412e-01,  2.780752e-01],
 [ 1.388211e-01,  4.530627e-01, -2.536328e-01,  4.021145e-01, -5.305589e-03],
 [ 2.834530e-01,  5.037125e-01, -5.728517e-02, -2.681357e-02,  2.243216e-01],
 [ 5.181539e-01,  3.973445e-01, -9.428391e-02, -1.040147e-01, -5.358354e-01],
 [-1.788413e-01, -3.330992e-01,  1.407410e-01,  1.371038e-01,  2.421780e-01],
 [-1.991594e-01, -3.150091e-01,  1.323344e-01,  1.204710e-01,  2.376603e-01],
 [ 3.611201e+00,  4.167000e+00, -9.362099e-01, -4.803717e+00, -5.139309e+00]]
energy_short: [-0.668526,  0.326444,  0.31339 , -0.164146, -0.052648, -0.072685, -0.268586, -0.25716 , -0.272104, -0.365092,  0.335959,  0.326471, -0.37963 ]
energy_long: [-0.010659,  0.06651 ,  0.063267,  0.217905,  0.004783,  0.179856,  0.207975,  0.20354 ,  0.252168,  0.215689,  0.068872,  0.0667  ,  0.111032]