step=668835, graph_id=0, num_atoms=13
scalar_charges: [ 1.381919, -4.586778, -4.587104,  1.564995,  1.623335,  1.615711,  1.554265,  1.559461,  1.555933,  1.510068, -4.590099, -4.587499,  1.490563]
spherical_charges_l0: [[-1.711902],
 [-0.029991],
 [-0.025347],
 [-0.199579],
 [-0.129732],
 [-0.167503],
 [-0.116194],
 [-0.158656],
 [-0.135875],
 [-0.175736],
 [-0.034092],
 [-0.030376],
 [-1.638629]]
spherical_charges_l1: [[ 5.698470e-02, -4.260138e+00, -2.540856e+00],
 [ 3.010384e-02,  4.528935e-02,  3.953379e-02],
 [-2.840108e-02,  4.843516e-02,  1.446370e-02],
 [ 3.864394e-01, -1.866441e+00, -3.194749e-01],
 [-2.789801e-02, -2.890600e-02, -7.911106e-02],
 [-5.582750e-02,  2.911555e-02, -4.217723e-02],
 [-1.688741e-03,  1.729239e-02,  1.769076e-03],
 [ 4.459196e-02, -1.483629e-02, -1.042229e-01],
 [-3.028131e-02, -2.442065e-02, -1.204139e-01],
 [-6.201921e-01,  1.436301e+00, -5.994154e-01],
 [ 6.736527e-02, -2.185172e-02,  1.307480e-02],
 [ 1.113962e-03, -6.023621e-02,  2.965701e-02],
 [-2.438423e+00,  3.366137e+00, -2.492180e+00]]
spherical_charges_l2: [[ 3.394858, -2.852163,  5.05163 ,  2.226919, -3.451387],
 [-0.143044,  0.134996, -0.128274,  0.031563,  0.106613],
 [-0.16541 ,  0.101462, -0.133163,  0.030828,  0.097231],
 [ 0.092966,  0.129809,  0.346567,  0.134873, -0.036088],
 [ 0.289593,  0.289972, -0.153983, -0.020494,  0.174367],
 [ 0.332866,  0.176256, -0.022226, -0.393494,  0.100424],
 [ 0.280325,  0.027366,  0.009958,  0.097548,  0.15957 ],
 [ 0.08079 ,  0.310621, -0.208182,  0.28548 , -0.022627],
 [ 0.188156,  0.361062, -0.020845, -0.035705,  0.15841 ],
 [ 0.206876,  0.077201,  0.029318, -0.006895, -0.171656],
 [-0.109594, -0.205418,  0.087989,  0.069564,  0.13548 ],
 [-0.122695, -0.191908,  0.081484,  0.057963,  0.131877],
 [ 3.110018,  3.57051 , -0.819596, -4.091085, -4.444306]]
energy_short: [-0.860275,  0.44605 ,  0.439668, -0.350266, -0.169807, -0.197132, -0.396966, -0.381373, -0.392556, -0.527648,  0.458331,  0.449585, -0.574201]
energy_long: [0.029462, 0.098055, 0.092745, 0.269468, 0.102374, 0.199984, 0.234781, 0.264458, 0.320977, 0.257134, 0.10019 , 0.097523, 0.143601]