step=2551185, graph_id=0, num_atoms=13
scalar_charges: [ 0.475075, -1.417028, -1.41445 ,  0.529497,  0.563   ,  0.557358,  0.532416,  0.535029,  0.53447 ,  0.510147, -1.422951, -1.419508,  0.500383]
spherical_charges_l0: [[-0.389485],
 [-0.007218],
 [-0.006724],
 [-0.038163],
 [-0.014852],
 [-0.02988 ],
 [-0.017608],
 [-0.026239],
 [-0.019528],
 [-0.032261],
 [-0.00818 ],
 [-0.007388],
 [-0.372784]]
spherical_charges_l1: [[ 1.870386e-03, -1.147196e+00, -6.898652e-01],
 [ 3.207884e-03,  3.422179e-03,  4.329118e-03],
 [-2.212384e-03,  1.745412e-03,  4.767066e-04],
 [ 8.942591e-02, -3.628971e-01, -3.994375e-02],
 [-3.515564e-03, -1.193967e-02, -1.795205e-02],
 [-2.005760e-02,  1.012098e-02, -1.253535e-02],
 [-4.062833e-03,  5.770013e-03, -6.602156e-03],
 [ 1.370430e-02, -4.477362e-03, -3.117644e-02],
 [-9.495866e-03, -7.950827e-03, -3.356535e-02],
 [-1.113921e-01,  2.863116e-01, -1.081161e-01],
 [ 2.037719e-03, -5.986131e-04,  3.767718e-04],
 [ 1.041415e-03, -2.234851e-03,  1.143990e-03],
 [-6.461667e-01,  8.920375e-01, -6.600628e-01]]
spherical_charges_l2: [[ 8.694011e-01, -6.993412e-01,  1.244981e+00,  5.223900e-01, -8.321523e-01],
 [-3.764594e-02,  3.196540e-02, -3.494712e-02,  8.648786e-03,  2.655803e-02],
 [-3.712789e-02,  2.462730e-02, -3.107097e-02,  4.497463e-03,  2.562612e-02],
 [ 1.290220e-02,  3.654762e-02,  6.450071e-02,  2.724964e-02,  3.193788e-03],
 [ 7.604133e-02,  8.137289e-02, -5.175958e-02, -1.150968e-03,  4.217951e-02],
 [ 9.443380e-02,  4.725084e-02, -7.686432e-03, -1.126388e-01,  2.735424e-02],
 [ 7.725433e-02, -2.880202e-03,  1.984783e-03,  2.705698e-02,  3.855394e-02],
 [ 1.910546e-02,  8.137058e-02, -5.769110e-02,  7.919247e-02, -1.039523e-02],
 [ 5.126374e-02,  9.637406e-02, -4.334402e-03, -1.493025e-02,  4.235403e-02],
 [ 4.065976e-02,  6.165800e-03,  1.493323e-02,  5.192928e-03, -2.462852e-02],
 [-2.580886e-02, -5.086446e-02,  2.187903e-02,  1.703556e-02,  3.262876e-02],
 [-2.934022e-02, -4.785914e-02,  2.040813e-02,  1.466621e-02,  3.234930e-02],
 [ 7.815943e-01,  9.083207e-01, -2.116736e-01, -9.911019e-01, -1.080838e+00]]
energy_short: [-1.072148,  0.946608,  0.947714, -0.54508 , -0.289802, -0.328816, -0.535581, -0.512009, -0.518723, -0.703433,  0.958613,  0.952967, -0.811436]
energy_long: [-0.00872 ,  0.088712,  0.079754,  0.210785,  0.080901,  0.144222,  0.174352,  0.188279,  0.249522,  0.199465,  0.094497,  0.091008,  0.131433]