step=1874340, graph_id=0, num_atoms=13
scalar_charges: [ 0.550729, -1.606464, -1.602803,  0.644517,  0.689338,  0.681269,  0.647089,  0.651142,  0.650469,  0.613751, -1.610003, -1.607505,  0.604835]
spherical_charges_l0: [[-0.517071],
 [-0.009931],
 [-0.009447],
 [-0.051771],
 [-0.020242],
 [-0.039431],
 [-0.024953],
 [-0.035214],
 [-0.026459],
 [-0.042296],
 [-0.011431],
 [-0.010394],
 [-0.493365]]
spherical_charges_l1: [[ 1.286366e-02, -1.546106e+00, -9.271972e-01],
 [ 4.486508e-03,  4.890122e-03,  5.795542e-03],
 [-3.650443e-03,  2.713202e-03,  4.389838e-04],
 [ 1.219017e-01, -5.216104e-01, -5.296038e-02],
 [ 1.087888e-03, -1.688475e-02, -1.888717e-02],
 [-2.232311e-02,  1.600947e-02, -1.275826e-02],
 [-5.311528e-03,  7.112011e-03, -7.826203e-03],
 [ 1.576616e-02, -5.882282e-03, -3.727768e-02],
 [-1.157224e-02, -7.550017e-03, -4.001465e-02],
 [-1.620458e-01,  4.132931e-01, -1.485383e-01],
 [ 2.177793e-03,  4.150290e-04, -1.129610e-04],
 [ 4.342023e-04, -3.025515e-03,  1.514765e-03],
 [-8.686053e-01,  1.198812e+00, -8.932464e-01]]
spherical_charges_l2: [[ 1.188932e+00, -9.572711e-01,  1.688411e+00,  7.095367e-01, -1.133198e+00],
 [-5.063759e-02,  4.289498e-02, -4.820803e-02,  1.109341e-02,  3.612782e-02],
 [-5.022838e-02,  3.396827e-02, -4.173998e-02,  5.940215e-03,  3.534203e-02],
 [ 1.496269e-02,  4.966588e-02,  8.567587e-02,  3.780880e-02, -1.105049e-03],
 [ 9.339602e-02,  1.013218e-01, -6.067349e-02,  2.911988e-03,  5.762063e-02],
 [ 1.211719e-01,  5.970229e-02, -3.272314e-03, -1.467318e-01,  3.038983e-02],
 [ 1.034988e-01, -5.315834e-03,  3.190667e-03,  3.639629e-02,  5.176496e-02],
 [ 2.127295e-02,  1.036469e-01, -8.106622e-02,  1.024626e-01, -1.269448e-02],
 [ 6.226704e-02,  1.250326e-01, -5.633961e-04, -1.809091e-02,  5.869450e-02],
 [ 5.402819e-02,  3.316419e-03,  2.020285e-02,  3.575252e-03, -3.769181e-02],
 [-3.803081e-02, -6.974535e-02,  2.985021e-02,  2.290220e-02,  4.585597e-02],
 [-3.915765e-02, -6.606365e-02,  2.820738e-02,  2.105501e-02,  4.460177e-02],
 [ 1.063677e+00,  1.236335e+00, -2.827383e-01, -1.349246e+00, -1.460831e+00]]
energy_short: [-1.056881,  0.863692,  0.862965, -0.553419, -0.293778, -0.333798, -0.547794, -0.520241, -0.526714, -0.712519,  0.875755,  0.869972, -0.795334]
energy_long: [0.017299, 0.113785, 0.105885, 0.238237, 0.099063, 0.16363 , 0.194434, 0.21203 , 0.272414, 0.226751, 0.120238, 0.116363, 0.159489]