step=24030, graph_id=0, num_atoms=13
scalar_charges: [ 0.395665, -0.756793, -0.752891,  0.388253,  0.358502,  0.361071,  0.361557,  0.355796,  0.352645,  0.368313, -0.772401, -0.761635,  0.413838]
spherical_charges_l0: [[-0.402401],
 [ 0.001735],
 [ 0.001325],
 [-0.121573],
 [-0.029356],
 [-0.034515],
 [-0.048667],
 [-0.041917],
 [-0.038644],
 [-0.137454],
 [ 0.002302],
 [ 0.001614],
 [-0.396403]]
spherical_charges_l1: [[ 7.819074e-02,  2.629794e-01,  2.285700e-01],
 [ 1.943606e-03,  1.336289e-03,  1.668925e-03],
 [-7.909749e-04,  1.882177e-03,  5.260443e-04],
 [-2.641106e-02, -4.301580e-01, -1.866029e-01],
 [ 3.980383e-03,  8.346264e-04, -9.515461e-03],
 [-1.540904e-02,  3.494513e-03, -5.957856e-03],
 [ 2.015354e-02, -7.831797e-03,  3.422442e-02],
 [ 3.520484e-04,  1.986847e-02, -1.908571e-02],
 [-7.371555e-04, -2.030016e-02, -4.842938e-03],
 [-2.455275e-01,  3.743578e-01, -1.953411e-01],
 [ 2.470484e-03, -5.400248e-04,  3.489013e-04],
 [-1.011970e-04, -2.094403e-03,  1.024194e-03],
 [ 1.590300e-01, -2.297778e-01,  1.229711e-01]]
spherical_charges_l2: [[ 6.514449e-01, -5.291203e-01,  7.209153e-01,  3.182285e-02, -5.463327e-01],
 [ 1.152116e-03,  2.524217e-03,  3.332488e-03,  2.173229e-03, -2.139289e-04],
 [-1.742257e-03, -2.475807e-03, -3.787423e-04,  1.273705e-03, -1.734601e-03],
 [ 1.260909e-01,  6.647259e-03,  9.036392e-02,  2.055181e-03,  1.898129e-02],
 [ 4.465956e-02,  1.337500e-02,  6.728316e-03, -1.904200e-02,  6.715242e-03],
 [ 3.401864e-02,  3.977367e-02, -5.519663e-04,  7.695956e-03,  3.829436e-02],
 [ 5.393609e-02,  6.975102e-02, -1.327981e-02,  5.181564e-03,  3.859674e-02],
 [ 3.685768e-02,  5.259469e-02, -4.766588e-03,  1.999715e-02,  3.685417e-02],
 [ 2.612893e-02,  3.741995e-02, -2.356281e-02,  3.744519e-02,  2.546204e-02],
 [ 9.641805e-02,  1.013817e-01, -2.229524e-02,  1.360317e-02, -1.642571e-02],
 [ 4.693142e-03, -1.701493e-03,  1.191334e-03, -5.813518e-04, -3.138455e-03],
 [-3.162466e-03,  9.884925e-04, -4.664463e-04, -3.342562e-03, -1.207892e-03],
 [ 5.290878e-01,  7.925700e-01, -3.120128e-01, -4.791220e-01, -7.586681e-01]]
energy_short: [-0.276577, -0.110858, -0.122947,  0.335691,  0.103723,  0.083953, -0.070808, -0.086185, -0.12129 ,  0.053101, -0.042643, -0.086151, -0.016454]
energy_long: [0.019609, 0.06335 , 0.064784, 0.168261, 0.056997, 0.050336, 0.057603, 0.05889 , 0.113781, 0.182837, 0.065629, 0.065369, 0.038262]