step=949185, graph_id=0, num_atoms=13
scalar_charges: [ 0.91739 , -2.90053 , -2.905745,  1.102587,  1.168497,  1.158628,  1.096204,  1.103924,  1.101317,  1.048741, -2.898903, -2.900372,  1.028365]
spherical_charges_l0: [[-1.107728],
 [-0.016791],
 [-0.015537],
 [-0.115693],
 [-0.073682],
 [-0.10811 ],
 [-0.068363],
 [-0.099281],
 [-0.081717],
 [-0.095486],
 [-0.020679],
 [-0.018438],
 [-1.067648]]
spherical_charges_l1: [[ 4.034006e-02, -3.150718e+00, -1.918329e+00],
 [ 2.035993e-02,  2.191668e-02,  2.277303e-02],
 [-2.086805e-02,  3.132619e-02,  7.519049e-03],
 [ 2.691818e-01, -1.284874e+00, -1.760855e-01],
 [ 8.406256e-03, -2.630028e-02, -4.113893e-02],
 [-3.653634e-02,  3.125653e-02, -1.667101e-02],
 [-5.809296e-03,  1.129931e-02, -1.760661e-03],
 [ 3.256804e-02, -1.189950e-02, -6.472129e-02],
 [-2.328215e-02, -1.431897e-02, -7.563905e-02],
 [-4.123486e-01,  9.907230e-01, -3.786493e-01],
 [ 4.363644e-02, -7.786604e-03,  5.345998e-03],
 [-3.736261e-03, -3.688539e-02,  1.801256e-02],
 [-1.811885e+00,  2.508505e+00, -1.857547e+00]]
spherical_charges_l2: [[ 2.478684e+00, -2.012723e+00,  3.483519e+00,  1.464203e+00, -2.310549e+00],
 [-1.010694e-01,  9.120786e-02, -9.695230e-02,  1.793074e-02,  7.878659e-02],
 [-1.090316e-01,  7.280689e-02, -9.485183e-02,  1.424098e-02,  7.465289e-02],
 [ 4.851707e-02,  1.128312e-01,  2.242812e-01,  1.023563e-01, -1.951210e-02],
 [ 2.065715e-01,  2.152403e-01, -1.250258e-01, -1.046641e-02,  1.239650e-01],
 [ 2.491925e-01,  1.329418e-01, -2.054642e-02, -2.989610e-01,  6.329117e-02],
 [ 2.098671e-01, -2.950234e-03,  1.072631e-02,  7.653829e-02,  1.154795e-01],
 [ 5.226726e-02,  2.244739e-01, -1.646075e-01,  2.063610e-01, -2.616585e-02],
 [ 1.346106e-01,  2.643003e-01, -6.722876e-03, -2.976845e-02,  1.129165e-01],
 [ 1.309773e-01,  2.199913e-02,  3.408000e-02,  2.851720e-04, -1.077515e-01],
 [-8.001217e-02, -1.427350e-01,  6.056565e-02,  5.300650e-02,  1.005573e-01],
 [-8.408450e-02, -1.372891e-01,  5.815540e-02,  4.726046e-02,  9.741525e-02],
 [ 2.223902e+00,  2.589554e+00, -6.035821e-01, -2.783834e+00, -3.039789e+00]]
energy_short: [-0.904083,  0.569675,  0.56621 , -0.405175, -0.190352, -0.226111, -0.432606, -0.410479, -0.418706, -0.572807,  0.580338,  0.573731, -0.631445]
energy_long: [0.023671, 0.109595, 0.102975, 0.252548, 0.092168, 0.173688, 0.219453, 0.232405, 0.287787, 0.239927, 0.113297, 0.109959, 0.159011]