step=3167955, graph_id=0, num_atoms=13
scalar_charges: [ 0.440443, -1.307692, -1.306689,  0.485701,  0.5153  ,  0.510469,  0.486929,  0.489734,  0.489108,  0.468853, -1.314258, -1.310901,  0.45905 ]
spherical_charges_l0: [[-0.353463],
 [-0.005938],
 [-0.005564],
 [-0.03669 ],
 [-0.012802],
 [-0.026594],
 [-0.015872],
 [-0.023404],
 [-0.017553],
 [-0.031432],
 [-0.006939],
 [-0.006199],
 [-0.339694]]
spherical_charges_l1: [[ 2.524395e-03, -1.026013e+00, -6.161505e-01],
 [ 3.711280e-03,  1.718201e-03,  3.714601e-03],
 [-2.955429e-03,  1.471885e-03, -8.898613e-05],
 [ 7.743356e-02, -3.248945e-01, -3.900825e-02],
 [-3.736193e-03, -1.078068e-02, -1.682752e-02],
 [-1.805624e-02,  1.036528e-02, -1.074403e-02],
 [-3.282105e-03,  4.877414e-03, -5.337673e-03],
 [ 1.275344e-02, -5.356085e-03, -2.673182e-02],
 [-9.029743e-03, -6.337718e-03, -2.954602e-02],
 [-1.025420e-01,  2.556745e-01, -9.841044e-02],
 [ 2.392796e-03,  2.608346e-06,  9.214986e-05],
 [-1.136172e-04, -2.132676e-03,  1.052978e-03],
 [-5.771283e-01,  7.965372e-01, -5.908793e-01]]
spherical_charges_l2: [[ 7.752451e-01, -6.237860e-01,  1.114206e+00,  4.730093e-01, -7.431384e-01],
 [-3.290061e-02,  2.675244e-02, -3.037099e-02,  7.593910e-03,  2.259780e-02],
 [-3.203128e-02,  2.184634e-02, -2.685682e-02,  3.927458e-03,  2.253262e-02],
 [ 1.115776e-02,  3.259813e-02,  5.607264e-02,  2.106467e-02,  2.717160e-03],
 [ 6.646831e-02,  7.241312e-02, -4.788218e-02, -7.327669e-05,  3.690588e-02],
 [ 8.355269e-02,  4.052936e-02, -8.034478e-03, -1.002215e-01,  2.427465e-02],
 [ 6.809628e-02, -1.186694e-03,  1.659186e-03,  2.361833e-02,  3.462393e-02],
 [ 1.741217e-02,  7.214740e-02, -4.986829e-02,  7.074770e-02, -9.539958e-03],
 [ 4.646515e-02,  8.571911e-02, -5.045525e-03, -1.336903e-02,  3.710638e-02],
 [ 3.527140e-02,  5.607224e-03,  1.270183e-02,  6.292890e-03, -2.178499e-02],
 [-2.311160e-02, -4.521867e-02,  1.946769e-02,  1.474750e-02,  2.874963e-02],
 [-2.558104e-02, -4.234202e-02,  1.809447e-02,  1.278157e-02,  2.823125e-02],
 [ 7.002949e-01,  8.102860e-01, -1.851960e-01, -8.938373e-01, -9.675204e-01]]
energy_short: [-1.072559,  0.940924,  0.942444, -0.532049, -0.273591, -0.315926, -0.526566, -0.500929, -0.506673, -0.690059,  0.952513,  0.947155, -0.810709]
energy_long: [-0.012244,  0.081213,  0.07081 ,  0.209456,  0.079537,  0.136885,  0.170284,  0.181698,  0.249095,  0.197907,  0.087226,  0.08332 ,  0.130955]