step=12015, graph_id=0, num_atoms=13
scalar_charges: [ 0.184329,  0.012922,  0.028689,  0.154931,  0.162209,  0.162888,  0.171343,  0.160969,  0.156178,  0.149409, -0.025886,  0.006328,  0.190253]
spherical_charges_l0: [[-0.076376],
 [ 0.000586],
 [ 0.000503],
 [-0.042526],
 [-0.004469],
 [-0.008672],
 [-0.018237],
 [-0.013418],
 [-0.011952],
 [-0.047364],
 [ 0.00015 ],
 [ 0.000303],
 [-0.061277]]
spherical_charges_l1: [[ 2.720537e-02,  8.594623e-02,  8.406079e-02],
 [ 8.093236e-04,  7.379539e-04,  7.616149e-04],
 [-3.543913e-04,  6.501446e-04,  1.575881e-04],
 [-8.866960e-03, -1.091850e-01, -3.940443e-02],
 [ 1.292008e-02, -1.136324e-03,  6.168862e-03],
 [ 2.540514e-03,  2.960117e-03,  4.856269e-03],
 [ 5.943372e-03,  3.556374e-04,  1.459585e-02],
 [-2.257084e-03,  2.474476e-03,  3.556012e-03],
 [ 3.432617e-03, -2.577016e-03,  1.385302e-02],
 [-6.663091e-02,  1.010055e-01, -4.736442e-02],
 [ 8.409025e-04, -1.194279e-05,  3.467283e-05],
 [-1.296836e-04, -7.140876e-04,  3.461429e-04],
 [ 2.653172e-02, -5.884887e-02,  3.317698e-02]]
spherical_charges_l2: [[ 2.488458e-01, -2.747523e-01,  3.473886e-01,  1.092095e-01, -2.658694e-01],
 [ 6.796915e-04,  9.290705e-04,  2.086267e-03,  1.122964e-03, -3.310127e-04],
 [-5.921108e-04, -1.590609e-03,  9.485861e-05,  8.527847e-04, -1.355183e-03],
 [ 1.447552e-01, -1.545831e-02,  6.072797e-02, -6.898955e-02,  2.560541e-03],
 [ 4.827424e-02,  1.508033e-02,  1.302221e-02, -2.911130e-02,  2.981265e-02],
 [ 4.316632e-02,  5.064029e-02,  1.278645e-03,  1.224910e-02,  3.726598e-02],
 [ 4.594212e-02,  8.316311e-02, -3.894342e-03,  9.971707e-03,  5.593280e-02],
 [ 5.479873e-02,  6.682140e-02, -9.331722e-03,  1.457997e-02,  5.477727e-02],
 [ 4.175536e-02,  5.869028e-02, -2.647849e-02,  6.128134e-02,  2.993416e-02],
 [ 8.658033e-02,  1.427702e-01, -7.094289e-02,  6.652541e-02, -7.566458e-03],
 [ 6.983865e-04, -3.150629e-04,  2.129379e-04, -1.595965e-04, -5.296231e-04],
 [-9.170394e-04,  3.904960e-04, -1.686419e-04, -1.235144e-03, -5.921631e-04],
 [ 1.907214e-01,  2.654441e-01, -9.793364e-02, -2.626913e-01, -3.562765e-01]]
energy_short: [-0.156297, -0.206059, -0.231838,  0.303325, -0.188022, -0.186137, -0.302807, -0.356708, -0.398623, -0.064493, -0.115732, -0.1834  ,  0.193002]
energy_long: [0.132085, 0.094691, 0.090337, 0.244459, 0.189562, 0.184317, 0.194836, 0.18745 , 0.203202, 0.247001, 0.092025, 0.090744, 0.140027]