step=2587230, graph_id=0, num_atoms=13
scalar_charges: [ 0.487787, -1.433089, -1.429903,  0.53779 ,  0.571368,  0.565555,  0.540604,  0.543156,  0.542563,  0.518638, -1.433812, -1.432857,  0.508512]
spherical_charges_l0: [[-0.385681],
 [-0.006753],
 [-0.006362],
 [-0.038396],
 [-0.012863],
 [-0.028114],
 [-0.016301],
 [-0.024728],
 [-0.017983],
 [-0.032147],
 [-0.008009],
 [-0.007119],
 [-0.367431]]
spherical_charges_l1: [[ 2.310382e-03, -1.120631e+00, -6.749647e-01],
 [ 4.662313e-03,  2.606673e-03,  4.739286e-03],
 [-3.316096e-03,  2.408357e-03,  2.435756e-04],
 [ 8.537679e-02, -3.624556e-01, -4.369566e-02],
 [-6.849217e-03, -1.299147e-02, -2.148070e-02],
 [-2.221408e-02,  1.142419e-02, -1.303540e-02],
 [-4.273385e-03,  4.778375e-03, -8.040252e-03],
 [ 1.478901e-02, -5.313600e-03, -3.073821e-02],
 [-1.037899e-02, -7.745354e-03, -3.450655e-02],
 [-1.144872e-01,  2.865144e-01, -1.095162e-01],
 [ 3.496432e-03,  5.458656e-06,  1.299265e-04],
 [-1.526978e-04, -2.994196e-03,  1.475918e-03],
 [-6.276297e-01,  8.661436e-01, -6.452562e-01]]
spherical_charges_l2: [[ 8.606144e-01, -6.905271e-01,  1.230821e+00,  5.147513e-01, -8.250471e-01],
 [-3.609644e-02,  3.085463e-02, -3.368504e-02,  8.039164e-03,  2.581021e-02],
 [-3.629917e-02,  2.335484e-02, -3.094776e-02,  3.855139e-03,  2.496663e-02],
 [ 1.259183e-02,  3.472705e-02,  6.336457e-02,  2.386826e-02,  2.697513e-03],
 [ 6.989500e-02,  7.776620e-02, -5.190706e-02,  2.008706e-04,  3.958625e-02],
 [ 9.057952e-02,  4.510072e-02, -8.912207e-03, -1.100377e-01,  2.397836e-02],
 [ 7.360721e-02, -4.590674e-03,  2.299542e-03,  2.608824e-02,  3.691977e-02],
 [ 1.761650e-02,  7.801060e-02, -5.635568e-02,  7.597136e-02, -1.232425e-02],
 [ 4.887228e-02,  9.262519e-02, -3.297742e-03, -1.609759e-02,  3.920803e-02],
 [ 3.939587e-02,  6.963617e-03,  1.380256e-02,  5.523726e-03, -2.518501e-02],
 [-2.513062e-02, -5.032006e-02,  2.165036e-02,  1.717763e-02,  3.233377e-02],
 [-2.929457e-02, -4.674073e-02,  1.987793e-02,  1.444530e-02,  3.207015e-02],
 [ 7.720107e-01,  8.974824e-01, -2.093555e-01, -9.771422e-01, -1.066004e+00]]
energy_short: [-1.084113,  0.949422,  0.950451, -0.541514, -0.284115, -0.324938, -0.532655, -0.509347, -0.51632 , -0.701229,  0.96064 ,  0.955268, -0.819304]
energy_long: [-0.010337,  0.086461,  0.07746 ,  0.2138  ,  0.081939,  0.139675,  0.173086,  0.187281,  0.247602,  0.2022  ,  0.09248 ,  0.089041,  0.130724]