step=2995740, graph_id=0, num_atoms=13
scalar_charges: [ 0.449174, -1.328833, -1.326808,  0.502476,  0.533577,  0.528544,  0.503921,  0.506621,  0.505873,  0.483841, -1.33252 , -1.330415,  0.471912]
spherical_charges_l0: [[-0.358553],
 [-0.006203],
 [-0.005767],
 [-0.036414],
 [-0.012883],
 [-0.027006],
 [-0.016121],
 [-0.023688],
 [-0.017562],
 [-0.030769],
 [-0.007225],
 [-0.006458],
 [-0.344483]]
spherical_charges_l1: [[ 4.922777e-03, -1.037306e+00, -6.247267e-01],
 [ 3.155292e-03,  2.211204e-03,  3.631226e-03],
 [-2.408503e-03,  1.035006e-03, -2.771200e-05],
 [ 7.805444e-02, -3.259469e-01, -3.849994e-02],
 [-3.971124e-03, -1.151534e-02, -1.770029e-02],
 [-1.813923e-02,  1.053584e-02, -1.119234e-02],
 [-3.528234e-03,  4.663956e-03, -6.284716e-03],
 [ 1.230702e-02, -4.789245e-03, -2.709710e-02],
 [-8.871326e-03, -6.459260e-03, -2.980781e-02],
 [-1.024455e-01,  2.567903e-01, -9.855240e-02],
 [ 1.313857e-03, -1.262888e-04,  1.185971e-04],
 [ 4.395010e-04, -1.476023e-03,  7.494845e-04],
 [-5.839655e-01,  8.074405e-01, -5.978950e-01]]
spherical_charges_l2: [[ 7.938316e-01, -6.398358e-01,  1.123565e+00,  4.703674e-01, -7.496684e-01],
 [-3.404694e-02,  2.797895e-02, -3.180321e-02,  7.897439e-03,  2.366033e-02],
 [-3.345355e-02,  2.210767e-02, -2.785051e-02,  4.048647e-03,  2.337655e-02],
 [ 1.078339e-02,  3.391523e-02,  5.735081e-02,  2.316225e-02,  2.456787e-03],
 [ 6.605056e-02,  7.324506e-02, -4.876006e-02,  1.107898e-03,  3.741209e-02],
 [ 8.425756e-02,  4.006342e-02, -7.807342e-03, -1.027634e-01,  2.332897e-02],
 [ 6.880812e-02, -2.926708e-03,  1.741948e-03,  2.392079e-02,  3.430315e-02],
 [ 1.636226e-02,  7.215884e-02, -5.119601e-02,  7.173968e-02, -1.061839e-02],
 [ 4.606277e-02,  8.621909e-02, -4.255409e-03, -1.473979e-02,  3.733597e-02],
 [ 3.633102e-02,  5.386145e-03,  1.314313e-02,  5.552594e-03, -2.200999e-02],
 [-2.403648e-02, -4.665720e-02,  2.007147e-02,  1.523077e-02,  2.978906e-02],
 [-2.654221e-02, -4.384870e-02,  1.873747e-02,  1.323897e-02,  2.926718e-02],
 [ 7.129157e-01,  8.299842e-01, -1.917858e-01, -9.033890e-01, -9.794422e-01]]
energy_short: [-1.094841,  0.946316,  0.947472, -0.542791, -0.288326, -0.329721, -0.537564, -0.514601, -0.521174, -0.703385,  0.957622,  0.952411, -0.832409]
energy_long: [-0.012191,  0.085253,  0.075057,  0.213799,  0.079466,  0.139371,  0.17448 ,  0.186621,  0.250957,  0.20186 ,  0.091047,  0.087175,  0.132704]