step=1762200, graph_id=0, num_atoms=13
scalar_charges: [ 0.556969, -1.668546, -1.665066,  0.666247,  0.718751,  0.709663,  0.669745,  0.67427 ,  0.673525,  0.632195, -1.673756, -1.670612,  0.618477]
spherical_charges_l0: [[-0.584552],
 [-0.010214],
 [-0.009807],
 [-0.048255],
 [-0.022203],
 [-0.042405],
 [-0.02509 ],
 [-0.037517],
 [-0.027781],
 [-0.037748],
 [-0.01184 ],
 [-0.010872],
 [-0.551909]]
spherical_charges_l1: [[-7.089330e-03, -1.750842e+00, -1.047196e+00],
 [ 3.124611e-03,  9.011273e-03,  7.082512e-03],
 [-1.706282e-03,  4.386968e-03,  2.385284e-03],
 [ 1.268624e-01, -5.297832e-01, -6.392153e-02],
 [-5.130284e-03, -2.244199e-02, -3.146539e-02],
 [-3.343621e-02,  2.104711e-02, -1.880792e-02],
 [-4.251232e-03,  8.166430e-03, -5.508039e-03],
 [ 2.247004e-02, -1.047367e-02, -4.542012e-02],
 [-1.585013e-02, -9.142899e-03, -5.073934e-02],
 [-1.635978e-01,  4.061121e-01, -1.572321e-01],
 [ 3.253221e-03, -3.811623e-03,  1.998963e-03],
 [ 4.026314e-03, -5.511209e-03,  2.857430e-03],
 [-9.888789e-01,  1.363043e+00, -9.957817e-01]]
spherical_charges_l2: [[ 1.311120e+00, -1.080593e+00,  1.905703e+00,  8.038211e-01, -1.288686e+00],
 [-5.332709e-02,  4.805738e-02, -4.845312e-02,  1.228237e-02,  3.875645e-02],
 [-5.471701e-02,  3.598886e-02, -4.620644e-02,  6.815732e-03,  3.653481e-02],
 [ 1.574690e-02,  5.044401e-02,  9.304459e-02,  4.226970e-02,  1.569502e-03],
 [ 1.077469e-01,  1.177564e-01, -7.798992e-02, -4.527180e-03,  6.028405e-02],
 [ 1.354393e-01,  6.997192e-02, -1.625816e-02, -1.596185e-01,  3.660422e-02],
 [ 1.043302e-01, -6.942191e-03,  5.247168e-03,  3.839963e-02,  5.527532e-02],
 [ 3.051498e-02,  1.172500e-01, -8.258279e-02,  1.085797e-01, -1.710592e-02],
 [ 7.441953e-02,  1.385023e-01, -5.756501e-03, -2.017571e-02,  5.621734e-02],
 [ 5.666061e-02,  7.018465e-03,  2.080169e-02,  4.879257e-03, -3.695812e-02],
 [-3.878594e-02, -7.546140e-02,  3.245481e-02,  2.495420e-02,  4.839041e-02],
 [-4.405557e-02, -7.033918e-02,  2.994697e-02,  2.110951e-02,  4.768398e-02],
 [ 1.174777e+00,  1.366175e+00, -3.196320e-01, -1.516744e+00, -1.656851e+00]]
energy_short: [-1.043775,  0.848431,  0.847441, -0.539915, -0.287664, -0.326607, -0.537101, -0.511442, -0.517921, -0.695804,  0.860314,  0.854446, -0.788079]
energy_long: [0.011444, 0.112528, 0.105408, 0.23889 , 0.097911, 0.169035, 0.207538, 0.214078, 0.267716, 0.226252, 0.118776, 0.115628, 0.165304]