step=2226780, graph_id=0, num_atoms=13
scalar_charges: [ 0.486472, -1.428213, -1.425557,  0.553449,  0.594962,  0.587697,  0.557281,  0.560771,  0.560297,  0.529675, -1.431785, -1.429484,  0.51887 ]
spherical_charges_l0: [[-0.440412],
 [-0.006599],
 [-0.006256],
 [-0.040049],
 [-0.015825],
 [-0.03345 ],
 [-0.019787],
 [-0.029506],
 [-0.021651],
 [-0.032795],
 [-0.007703],
 [-0.006956],
 [-0.41979 ]]
spherical_charges_l1: [[ 5.878466e-03, -1.297239e+00, -7.827351e-01],
 [ 4.387489e-03,  2.688654e-03,  4.425800e-03],
 [-3.428265e-03,  2.201648e-03, -7.324301e-05],
 [ 9.721255e-02, -4.141360e-01, -4.506490e-02],
 [-7.400022e-03, -1.560150e-02, -2.629264e-02],
 [-2.573797e-02,  1.584623e-02, -1.419067e-02],
 [-4.435918e-03,  5.516964e-03, -7.818083e-03],
 [ 1.770945e-02, -7.819893e-03, -3.430603e-02],
 [-1.268484e-02, -7.429167e-03, -3.990843e-02],
 [-1.306524e-01,  3.262384e-01, -1.203389e-01],
 [ 2.742019e-03,  6.195872e-04, -1.984468e-04],
 [-4.489939e-04, -2.509353e-03,  1.226813e-03],
 [-7.282513e-01,  1.006319e+00, -7.476224e-01]]
spherical_charges_l2: [[ 9.962258e-01, -7.832316e-01,  1.392804e+00,  5.738835e-01, -9.176138e-01],
 [-3.494868e-02,  3.044815e-02, -3.317373e-02,  7.490765e-03,  2.562300e-02],
 [-3.522422e-02,  2.262015e-02, -3.016354e-02,  3.709394e-03,  2.413585e-02],
 [ 1.135338e-02,  4.092441e-02,  7.001548e-02,  3.363907e-02,  2.352626e-03],
 [ 8.084852e-02,  8.995187e-02, -5.675468e-02,  1.310333e-03,  4.761618e-02],
 [ 1.052263e-01,  5.334857e-02, -8.113019e-03, -1.288260e-01,  2.687600e-02],
 [ 8.714543e-02, -5.678649e-03,  3.329203e-03,  3.121266e-02,  4.429222e-02],
 [ 1.970023e-02,  9.149484e-02, -6.764478e-02,  8.819249e-02, -1.341277e-02],
 [ 5.567708e-02,  1.088399e-01, -2.759780e-03, -1.774096e-02,  4.675478e-02],
 [ 4.341684e-02,  3.603974e-03,  1.768857e-02,  3.452028e-03, -2.717518e-02],
 [-2.424166e-02, -4.906218e-02,  2.110545e-02,  1.707670e-02,  3.167015e-02],
 [-2.894493e-02, -4.535541e-02,  1.923979e-02,  1.421802e-02,  3.159954e-02],
 [ 8.815566e-01,  1.030334e+00, -2.402884e-01, -1.099623e+00, -1.198820e+00]]
energy_short: [-1.079611,  0.92278 ,  0.922557, -0.559232, -0.295527, -0.335441, -0.549038, -0.521024, -0.526904, -0.713349,  0.933427,  0.928033, -0.819717]
energy_long: [0.0026  , 0.105489, 0.096376, 0.230319, 0.089512, 0.158425, 0.195227, 0.201434, 0.265583, 0.218034, 0.111567, 0.107626, 0.15578 ]