step=1337670, graph_id=0, num_atoms=13
scalar_charges: [ 0.754963, -2.206438, -2.203767,  0.893505,  0.959338,  0.947821,  0.891992,  0.898581,  0.897098,  0.848434, -2.204406, -2.204499,  0.838018]
spherical_charges_l0: [[-0.770487],
 [-0.014619],
 [-0.013776],
 [-0.072566],
 [-0.038769],
 [-0.064609],
 [-0.036654],
 [-0.056867],
 [-0.04402 ],
 [-0.061199],
 [-0.016113],
 [-0.015052],
 [-0.739348]]
spherical_charges_l1: [[ 7.593156e-03, -2.233965e+00, -1.348622e+00],
 [ 8.444944e-03,  1.463251e-02,  1.251750e-02],
 [-3.549911e-03,  9.617215e-03,  4.078340e-03],
 [ 1.688378e-01, -7.472231e-01, -8.781555e-02],
 [-6.374998e-04, -3.671107e-02, -3.720557e-02],
 [-4.091850e-02,  3.573009e-02, -1.558474e-02],
 [-7.852577e-03,  9.999605e-03, -1.192175e-02],
 [ 3.114449e-02, -1.370111e-02, -5.274181e-02],
 [-2.269647e-02, -7.925345e-03, -6.534467e-02],
 [-2.369066e-01,  5.818748e-01, -2.185183e-01],
 [ 7.419915e-03, -4.516141e-03,  2.490562e-03],
 [ 4.794138e-03, -1.051159e-02,  5.341960e-03],
 [-1.270070e+00,  1.756456e+00, -1.296936e+00]]
spherical_charges_l2: [[ 1.705641e+00, -1.408360e+00,  2.506253e+00,  1.084046e+00, -1.696690e+00],
 [-7.664577e-02,  6.790340e-02, -7.436628e-02,  1.671988e-02,  5.736978e-02],
 [-7.821852e-02,  5.405641e-02, -6.463189e-02,  1.048175e-02,  5.578895e-02],
 [ 2.967712e-02,  7.013030e-02,  1.272579e-01,  4.631206e-02, -1.477205e-03],
 [ 1.447829e-01,  1.577350e-01, -1.023176e-01, -5.001003e-03,  8.463432e-02],
 [ 1.850442e-01,  9.744702e-02, -2.267210e-02, -2.197647e-01,  4.479213e-02],
 [ 1.402644e-01, -1.379303e-02,  8.723551e-03,  5.295166e-02,  7.448182e-02],
 [ 3.962184e-02,  1.585979e-01, -1.169882e-01,  1.460863e-01, -2.402948e-02],
 [ 9.820054e-02,  1.880154e-01, -3.291283e-03, -2.661877e-02,  7.682198e-02],
 [ 7.985905e-02,  1.636858e-02,  2.094323e-02,  1.705779e-02, -5.128296e-02],
 [-6.090765e-02, -1.041348e-01,  4.429347e-02,  3.425901e-02,  7.091270e-02],
 [-5.867040e-02, -1.021108e-01,  4.370145e-02,  3.290252e-02,  6.820425e-02],
 [ 1.554486e+00,  1.806556e+00, -4.213860e-01, -2.013442e+00, -2.199868e+00]]
energy_short: [-0.93137 ,  0.736158,  0.733633, -0.456984, -0.216479, -0.254208, -0.466801, -0.43982 , -0.446387, -0.615188,  0.748344,  0.742058, -0.669158]
energy_long: [0.007707, 0.095881, 0.08905 , 0.238136, 0.084535, 0.158124, 0.19853 , 0.214309, 0.274395, 0.224546, 0.101806, 0.098131, 0.137526]