step=3552435, graph_id=0, num_atoms=13
scalar_charges: [ 0.4344  , -1.293859, -1.29241 ,  0.489788,  0.51908 ,  0.514491,  0.491007,  0.493725,  0.492986,  0.471366, -1.300377, -1.296738,  0.459942]
spherical_charges_l0: [[-0.341685],
 [-0.005576],
 [-0.005196],
 [-0.035898],
 [-0.01199 ],
 [-0.0253  ],
 [-0.015569],
 [-0.022489],
 [-0.016915],
 [-0.030879],
 [-0.006512],
 [-0.005775],
 [-0.327446]]
spherical_charges_l1: [[ 4.130275e-03, -9.962240e-01, -5.992938e-01],
 [ 4.537644e-03,  6.826480e-04,  3.661681e-03],
 [-3.821384e-03,  1.465500e-03, -5.240963e-04],
 [ 7.653607e-02, -3.142982e-01, -3.630756e-02],
 [-5.223253e-03, -9.523476e-03, -1.767902e-02],
 [-1.804458e-02,  8.513544e-03, -1.185619e-02],
 [-3.244516e-03,  4.905405e-03, -5.581357e-03],
 [ 1.242111e-02, -4.643810e-03, -2.746949e-02],
 [-8.689512e-03, -7.256714e-03, -2.986760e-02],
 [-9.756384e-02,  2.478631e-01, -9.439755e-02],
 [ 2.989963e-03,  9.627938e-04, -3.588364e-04],
 [-1.216780e-03, -2.126040e-03,  1.012059e-03],
 [-5.582802e-01,  7.709460e-01, -5.731950e-01]]
spherical_charges_l2: [[ 7.513247e-01, -6.024523e-01,  1.077148e+00,  4.563457e-01, -7.182420e-01],
 [-3.254853e-02,  2.636086e-02, -3.032013e-02,  7.474537e-03,  2.239355e-02],
 [-3.178118e-02,  2.123562e-02, -2.666700e-02,  3.732992e-03,  2.230641e-02],
 [ 1.229339e-02,  3.167105e-02,  5.469078e-02,  1.958890e-02,  2.751497e-03],
 [ 6.386212e-02,  6.983542e-02, -4.571043e-02,  8.656788e-04,  3.532879e-02],
 [ 8.044930e-02,  3.861343e-02, -7.429861e-03, -9.669517e-02,  2.313756e-02],
 [ 6.552830e-02, -1.117890e-03,  1.615728e-03,  2.275182e-02,  3.336072e-02],
 [ 1.671707e-02,  6.934027e-02, -4.813441e-02,  6.818148e-02, -9.501712e-03],
 [ 4.460635e-02,  8.243579e-02, -4.797270e-03, -1.311099e-02,  3.568729e-02],
 [ 3.486894e-02,  6.677990e-03,  1.172050e-02,  6.394058e-03, -2.112928e-02],
 [-2.271512e-02, -4.469533e-02,  1.925249e-02,  1.454262e-02,  2.831388e-02],
 [-2.536347e-02, -4.156475e-02,  1.774356e-02,  1.259884e-02,  2.790416e-02],
 [ 6.775613e-01,  7.835521e-01, -1.790697e-01, -8.629105e-01, -9.341061e-01]]
energy_short: [-1.066405,  0.931424,  0.933158, -0.525242, -0.271086, -0.312155, -0.520179, -0.496215, -0.502581, -0.685011,  0.942794,  0.937326, -0.805121]
energy_long: [-0.014932,  0.079705,  0.06816 ,  0.209781,  0.076516,  0.138847,  0.1692  ,  0.181951,  0.251353,  0.197467,  0.085744,  0.081769,  0.128304]