step=1622025, graph_id=0, num_atoms=13
scalar_charges: [ 0.602065, -1.747053, -1.741797,  0.719059,  0.775732,  0.766069,  0.721538,  0.72636 ,  0.725386,  0.680762, -1.75146 , -1.748161,  0.673717]
spherical_charges_l0: [[-0.603794],
 [-0.011673],
 [-0.011044],
 [-0.054281],
 [-0.029855],
 [-0.051939],
 [-0.031429],
 [-0.04697 ],
 [-0.036292],
 [-0.044139],
 [-0.013191],
 [-0.012209],
 [-0.577602]]
spherical_charges_l1: [[ 3.014866e-03, -1.858952e+00, -1.115537e+00],
 [ 2.354844e-03,  1.057803e-02,  7.486932e-03],
 [-3.763160e-04,  2.624761e-03,  2.313204e-03],
 [ 1.392383e-01, -6.243144e-01, -8.643440e-02],
 [-8.993166e-03, -2.349627e-02, -3.992042e-02],
 [-3.771624e-02,  1.848464e-02, -2.413402e-02],
 [-4.711477e-03,  1.034165e-02, -3.938873e-03],
 [ 2.388580e-02, -8.437484e-03, -5.382382e-02],
 [-1.690241e-02, -1.301849e-02, -5.810565e-02],
 [-2.042753e-01,  4.909940e-01, -1.912598e-01],
 [-9.096448e-04, -2.039244e-03,  9.902810e-04],
 [ 4.678953e-03, -2.381376e-03,  1.346120e-03],
 [-1.053300e+00,  1.458254e+00, -1.071551e+00]]
spherical_charges_l2: [[ 1.407470e+00, -1.135918e+00,  1.974442e+00,  8.119964e-01, -1.317479e+00],
 [-6.257588e-02,  5.194701e-02, -5.815537e-02,  1.487552e-02,  4.339903e-02],
 [-6.086627e-02,  4.463396e-02, -4.892731e-02,  9.446554e-03,  4.376217e-02],
 [ 1.739074e-02,  5.308734e-02,  1.020492e-01,  4.172044e-02,  7.611404e-04],
 [ 1.197170e-01,  1.324993e-01, -8.733047e-02, -4.221918e-03,  6.909055e-02],
 [ 1.522400e-01,  7.956864e-02, -2.210501e-02, -1.747812e-01,  4.090407e-02],
 [ 1.126635e-01, -7.547271e-04,  4.915711e-03,  4.153352e-02,  6.281768e-02],
 [ 3.922934e-02,  1.318104e-01, -8.866636e-02,  1.177746e-01, -1.713285e-02],
 [ 8.628429e-02,  1.544645e-01, -8.086549e-03, -1.938580e-02,  6.082386e-02],
 [ 5.965814e-02,  9.501426e-03,  2.101106e-02,  8.405458e-03, -4.000397e-02],
 [-4.883895e-02, -8.454126e-02,  3.618672e-02,  2.511840e-02,  5.480375e-02],
 [-4.569291e-02, -8.302636e-02,  3.578650e-02,  2.496084e-02,  5.269444e-02],
 [ 1.241508e+00,  1.463930e+00, -3.466194e-01, -1.576428e+00, -1.719591e+00]]
energy_short: [-1.003616,  0.822817,  0.821361, -0.539575, -0.287122, -0.326025, -0.537632, -0.512884, -0.519435, -0.695939,  0.835787,  0.829335, -0.74711 ]
energy_long: [0.001702, 0.110014, 0.102555, 0.244583, 0.093327, 0.159048, 0.197029, 0.210702, 0.276283, 0.230955, 0.116637, 0.112996, 0.154728]