step=837045, graph_id=0, num_atoms=13
scalar_charges: [ 0.999286, -3.252282, -3.257863,  1.215777,  1.276112,  1.266947,  1.201582,  1.209575,  1.20615 ,  1.157726, -3.24557 , -3.249148,  1.124047]
spherical_charges_l0: [[-1.39823 ],
 [-0.022944],
 [-0.020821],
 [-0.149568],
 [-0.099109],
 [-0.138029],
 [-0.084133],
 [-0.126257],
 [-0.102555],
 [-0.125971],
 [-0.028594],
 [-0.025324],
 [-1.335239]]
spherical_charges_l1: [[ 9.662761e-02, -3.673713e+00, -2.262946e+00],
 [ 1.750230e-02,  3.192955e-02,  2.672688e-02],
 [-1.791856e-02,  2.767922e-02,  9.101032e-03],
 [ 2.783820e-01, -1.441526e+00, -1.839923e-01],
 [-1.330365e-02, -4.725783e-02, -8.424011e-02],
 [-6.842057e-02,  5.547803e-02, -4.248926e-02],
 [-6.899301e-03,  1.284027e-02, -1.793204e-03],
 [ 4.909956e-02, -3.567183e-02, -9.047991e-02],
 [-3.495508e-02, -7.750852e-03, -1.142250e-01],
 [-4.736625e-01,  1.127601e+00, -4.083802e-01],
 [ 4.116962e-02, -1.476172e-02,  8.702710e-03],
 [ 2.765457e-03, -3.886105e-02,  1.921932e-02],
 [-2.082767e+00,  2.875771e+00, -2.158623e+00]]
spherical_charges_l2: [[ 3.068559, -2.578188,  4.333809,  1.826555, -2.912386],
 [-0.131014,  0.108674, -0.122119,  0.026861,  0.090346],
 [-0.13362 ,  0.096702, -0.104553,  0.025321,  0.087915],
 [ 0.062483,  0.107087,  0.247218,  0.101381, -0.031048],
 [ 0.247709,  0.269305, -0.177395, -0.020556,  0.145381],
 [ 0.30121 ,  0.161189, -0.045333, -0.358761,  0.073803],
 [ 0.242964, -0.008574,  0.015277,  0.092348,  0.138102],
 [ 0.069233,  0.267057, -0.193512,  0.242052, -0.03973 ],
 [ 0.165872,  0.31134 , -0.007084, -0.044124,  0.121887],
 [ 0.143935,  0.039504,  0.026804, -0.005635, -0.133638],
 [-0.119392, -0.181193,  0.076883,  0.049308,  0.121849],
 [-0.092617, -0.18183 ,  0.078803,  0.055129,  0.111513],
 [ 2.731563,  3.178037, -0.728479, -3.467916, -3.767516]]
energy_short: [-0.894   ,  0.490067,  0.483023, -0.347934, -0.164149, -0.195899, -0.402452, -0.380949, -0.391274, -0.523407,  0.502651,  0.493729, -0.609848]
energy_long: [0.013115, 0.108016, 0.101149, 0.254182, 0.09385 , 0.164311, 0.210628, 0.215004, 0.301981, 0.241836, 0.111413, 0.108593, 0.160335]