step=2939670, graph_id=0, num_atoms=13
scalar_charges: [ 0.473929, -1.342972, -1.340613,  0.519005,  0.548754,  0.544072,  0.520893,  0.523478,  0.522772,  0.501968, -1.346095, -1.344109,  0.491121]
spherical_charges_l0: [[-0.368558],
 [-0.006302],
 [-0.005904],
 [-0.035834],
 [-0.01256 ],
 [-0.026926],
 [-0.015897],
 [-0.023731],
 [-0.01743 ],
 [-0.030265],
 [-0.007392],
 [-0.006583],
 [-0.352007]]
spherical_charges_l1: [[ 8.122310e-03, -1.054582e+00, -6.346804e-01],
 [ 4.164936e-03,  1.635393e-03,  3.955595e-03],
 [-3.310023e-03,  1.706962e-03, -1.276076e-04],
 [ 7.875408e-02, -3.278204e-01, -3.749162e-02],
 [-5.670314e-03, -1.118973e-02, -1.934173e-02],
 [-1.960591e-02,  1.025612e-02, -1.222119e-02],
 [-3.889874e-03,  5.077173e-03, -6.437992e-03],
 [ 1.325165e-02, -5.240421e-03, -2.838240e-02],
 [-9.328842e-03, -7.060568e-03, -3.152048e-02],
 [-1.026782e-01,  2.592057e-01, -9.822696e-02],
 [ 2.823295e-03,  1.470575e-04,  3.642420e-05],
 [-2.381505e-04, -2.310960e-03,  1.136660e-03],
 [-5.900376e-01,  8.162601e-01, -6.081746e-01]]
spherical_charges_l2: [[ 8.060662e-01, -6.498498e-01,  1.158930e+00,  4.918346e-01, -7.710659e-01],
 [-3.430609e-02,  2.775255e-02, -3.166008e-02,  8.084401e-03,  2.338808e-02],
 [-3.352153e-02,  2.200825e-02, -2.782409e-02,  4.181706e-03,  2.301129e-02],
 [ 1.022666e-02,  3.422935e-02,  5.710616e-02,  2.405508e-02,  2.169185e-03],
 [ 6.588567e-02,  7.347766e-02, -4.848831e-02,  1.055166e-03,  3.738041e-02],
 [ 8.505263e-02,  4.128188e-02, -9.005529e-03, -1.019880e-01,  2.275039e-02],
 [ 6.749534e-02, -2.594269e-03,  2.024067e-03,  2.390912e-02,  3.459834e-02],
 [ 1.794633e-02,  7.256943e-02, -5.133799e-02,  7.017339e-02, -1.090961e-02],
 [ 4.663375e-02,  8.615180e-02, -3.794637e-03, -1.413029e-02,  3.628367e-02],
 [ 3.565736e-02,  3.900663e-03,  1.376753e-02,  4.108554e-03, -2.298501e-02],
 [-2.389043e-02, -4.697497e-02,  2.025474e-02,  1.496049e-02,  2.947671e-02],
 [-2.669563e-02, -4.388271e-02,  1.876289e-02,  1.293474e-02,  2.908445e-02],
 [ 7.303849e-01,  8.402433e-01, -1.902659e-01, -9.292410e-01, -1.006136e+00]]
energy_short: [-1.098716,  0.949367,  0.950808, -0.539954, -0.282001, -0.322202, -0.530733, -0.50669 , -0.513387, -0.701369,  0.960461,  0.955438, -0.837391]
energy_long: [-0.015071,  0.086288,  0.076137,  0.213424,  0.077875,  0.141823,  0.174871,  0.188206,  0.253606,  0.20173 ,  0.091829,  0.088089,  0.135033]