step=3612510, graph_id=0, num_atoms=13
scalar_charges: [ 0.437092, -1.293888, -1.291978,  0.493097,  0.522996,  0.51832 ,  0.494454,  0.497206,  0.496467,  0.474466, -1.298754, -1.295921,  0.462699]
spherical_charges_l0: [[-0.337492],
 [-0.005485],
 [-0.005106],
 [-0.035653],
 [-0.011615],
 [-0.02487 ],
 [-0.015353],
 [-0.022076],
 [-0.016501],
 [-0.030643],
 [-0.006385],
 [-0.005676],
 [-0.323589]]
spherical_charges_l1: [[ 5.452998e-03, -9.866288e-01, -5.939440e-01],
 [ 4.052014e-03,  6.420435e-04,  3.357823e-03],
 [-3.378078e-03,  1.259771e-03, -4.567074e-04],
 [ 7.586061e-02, -3.135441e-01, -3.638218e-02],
 [-5.569571e-03, -9.277407e-03, -1.749116e-02],
 [-1.772839e-02,  7.900601e-03, -1.199555e-02],
 [-3.509033e-03,  4.795368e-03, -6.278947e-03],
 [ 1.202676e-02, -4.168791e-03, -2.743770e-02],
 [-8.394679e-03, -7.452271e-03, -2.985522e-02],
 [-9.723372e-02,  2.467838e-01, -9.389284e-02],
 [ 2.549934e-03,  7.312247e-04, -2.607809e-04],
 [-8.608818e-04, -1.866551e-03,  8.962280e-04],
 [-5.532461e-01,  7.637571e-01, -5.682825e-01]]
spherical_charges_l2: [[ 0.75012 , -0.599359,  1.072073,  0.452503, -0.713498],
 [-0.032501,  0.026004, -0.02993 ,  0.007633,  0.022051],
 [-0.031508,  0.021361, -0.026302,  0.003956,  0.022088],
 [ 0.012076,  0.031557,  0.055581,  0.020045,  0.003315],
 [ 0.063304,  0.068993, -0.044775,  0.00115 ,  0.035092],
 [ 0.079748,  0.038103, -0.0065  , -0.096141,  0.023113],
 [ 0.065651, -0.001655,  0.001528,  0.022658,  0.032908],
 [ 0.015967,  0.068567, -0.048138,  0.068186, -0.00938 ],
 [ 0.043866,  0.081627, -0.004456, -0.013264,  0.035939],
 [ 0.035036,  0.006833,  0.01224 ,  0.006447, -0.02099 ],
 [-0.022666, -0.044451,  0.019152,  0.014337,  0.02809 ],
 [-0.025092, -0.041462,  0.017724,  0.012413,  0.027578],
 [ 0.675854,  0.782576, -0.17938 , -0.857742, -0.929551]]
energy_short: [-1.069062,  0.929298,  0.931226, -0.52787 , -0.272105, -0.313512, -0.522175, -0.498159, -0.504393, -0.686999,  0.940958,  0.935345, -0.808503]
energy_long: [-0.015177,  0.078503,  0.066782,  0.207719,  0.074397,  0.135042,  0.16617 ,  0.181023,  0.247869,  0.195593,  0.084625,  0.080474,  0.126883]