step=1185480, graph_id=0, num_atoms=13
scalar_charges: [ 0.793426, -2.264129, -2.266459,  0.9544  ,  1.021956,  1.010869,  0.950337,  0.957851,  0.955888,  0.903744, -2.257943, -2.261273,  0.892307]
spherical_charges_l0: [[-0.876853],
 [-0.013101],
 [-0.01245 ],
 [-0.094802],
 [-0.049457],
 [-0.077466],
 [-0.047238],
 [-0.071029],
 [-0.056514],
 [-0.078632],
 [-0.016615],
 [-0.01484 ],
 [-0.838982]]
spherical_charges_l1: [[ 2.986995e-02, -2.583412e+00, -1.563808e+00],
 [ 1.816707e-02,  1.444148e-02,  1.822139e-02],
 [-1.473035e-02,  1.979665e-02,  4.509967e-03],
 [ 2.058334e-01, -9.407779e-01, -1.030032e-01],
 [ 4.068140e-03, -2.969880e-02, -3.801706e-02],
 [-3.719604e-02,  3.035115e-02, -2.076128e-02],
 [-4.258689e-03,  1.148090e-02,  4.153417e-04],
 [ 2.731317e-02, -1.384241e-02, -5.654068e-02],
 [-2.001928e-02, -7.467544e-03, -6.314445e-02],
 [-2.893595e-01,  7.275030e-01, -2.581565e-01],
 [ 2.770884e-02, -2.558962e-03,  2.230029e-03],
 [-3.784287e-03, -2.412536e-02,  1.174110e-02],
 [-1.471145e+00,  2.040374e+00, -1.503674e+00]]
spherical_charges_l2: [[ 2.011273e+00, -1.603321e+00,  2.828963e+00,  1.175926e+00, -1.879045e+00],
 [-7.037330e-02,  6.615844e-02, -6.826087e-02,  1.321268e-02,  5.588364e-02],
 [-7.696754e-02,  4.610910e-02, -6.624788e-02,  9.141931e-03,  4.982837e-02],
 [ 2.206054e-02,  8.901442e-02,  1.480080e-01,  6.407045e-02,  7.189424e-04],
 [ 1.603982e-01,  1.746482e-01, -1.143520e-01, -6.697417e-03,  9.271237e-02],
 [ 1.907554e-01,  1.017170e-01, -1.786258e-02, -2.385793e-01,  4.409076e-02],
 [ 1.621116e-01, -1.385422e-02,  8.867323e-03,  6.089460e-02,  8.600291e-02],
 [ 3.539879e-02,  1.712767e-01, -1.304464e-01,  1.586817e-01, -2.881890e-02],
 [ 1.019429e-01,  2.052744e-01, -2.647268e-03, -3.288005e-02,  8.362152e-02],
 [ 8.994248e-02,  3.978161e-03,  2.860163e-02,  9.898954e-03, -6.962433e-02],
 [-5.462237e-02, -1.038118e-01,  4.441996e-02,  3.646904e-02,  6.921392e-02],
 [-6.189990e-02, -9.681254e-02,  4.099311e-02,  3.108393e-02,  6.817732e-02],
 [ 1.800123e+00,  2.085361e+00, -4.821684e-01, -2.261079e+00, -2.470816e+00]]
energy_short: [-0.930277,  0.689002,  0.686138, -0.464982, -0.230498, -0.267089, -0.476934, -0.451702, -0.458848, -0.624315,  0.700022,  0.694096, -0.668365]
energy_long: [0.009874, 0.102186, 0.094801, 0.230156, 0.084483, 0.160298, 0.198497, 0.199019, 0.274523, 0.218062, 0.106633, 0.103328, 0.159572]