step=3408255, graph_id=0, num_atoms=13
scalar_charges: [ 0.435995, -1.291492, -1.290127,  0.49137 ,  0.5216  ,  0.516775,  0.49249 ,  0.495323,  0.494607,  0.472715, -1.296309, -1.293696,  0.460132]
spherical_charges_l0: [[-0.339228],
 [-0.005629],
 [-0.005225],
 [-0.034734],
 [-0.01166 ],
 [-0.025255],
 [-0.015429],
 [-0.022404],
 [-0.016652],
 [-0.029748],
 [-0.006535],
 [-0.005811],
 [-0.324788]]
spherical_charges_l1: [[ 5.271167e-03, -9.872590e-01, -5.950099e-01],
 [ 3.854213e-03,  1.296662e-03,  3.629720e-03],
 [-3.310098e-03,  1.169706e-03, -3.453279e-04],
 [ 7.610379e-02, -3.117508e-01, -3.642027e-02],
 [-6.094788e-03, -1.063891e-02, -1.934469e-02],
 [-1.950240e-02,  9.736815e-03, -1.220860e-02],
 [-3.111920e-03,  4.835524e-03, -5.267457e-03],
 [ 1.323090e-02, -5.208445e-03, -2.810623e-02],
 [-9.321414e-03, -7.226523e-03, -3.111582e-02],
 [-9.662621e-02,  2.457329e-01, -9.415796e-02],
 [ 2.346432e-03,  5.589465e-04, -1.821760e-04],
 [-6.222940e-04, -1.842919e-03,  8.937882e-04],
 [-5.525259e-01,  7.628754e-01, -5.674337e-01]]
spherical_charges_l2: [[ 7.531908e-01, -6.035517e-01,  1.074739e+00,  4.525073e-01, -7.164649e-01],
 [-3.212944e-02,  2.604160e-02, -3.005338e-02,  7.352892e-03,  2.208989e-02],
 [-3.159344e-02,  2.103271e-02, -2.641527e-02,  3.650605e-03,  2.222793e-02],
 [ 1.060865e-02,  3.214855e-02,  5.394260e-02,  2.061784e-02,  3.025539e-03],
 [ 6.391686e-02,  7.026555e-02, -4.690616e-02,  5.054345e-04,  3.486529e-02],
 [ 8.056615e-02,  3.890239e-02, -8.478423e-03, -9.700073e-02,  2.271702e-02],
 [ 6.497743e-02, -1.809115e-03,  1.841570e-03,  2.279325e-02,  3.329135e-02],
 [ 1.690423e-02,  6.935256e-02, -4.825123e-02,  6.777035e-02, -1.019089e-02],
 [ 4.476681e-02,  8.247802e-02, -4.625132e-03, -1.347254e-02,  3.499234e-02],
 [ 3.401726e-02,  4.968387e-03,  1.242171e-02,  5.697018e-03, -2.106254e-02],
 [-2.267309e-02, -4.410840e-02,  1.897619e-02,  1.441771e-02,  2.815008e-02],
 [-2.501363e-02, -4.129053e-02,  1.763072e-02,  1.265314e-02,  2.773662e-02],
 [ 6.765536e-01,  7.838199e-01, -1.802045e-01, -8.584456e-01, -9.307578e-01]]
energy_short: [-1.076021,  0.934728,  0.936501, -0.525645, -0.271581, -0.31315 , -0.521602, -0.497328, -0.503368, -0.685137,  0.946417,  0.940941, -0.816237]
energy_long: [-0.014511,  0.081551,  0.070526,  0.212199,  0.078032,  0.13825 ,  0.172133,  0.183991,  0.25566 ,  0.199905,  0.087718,  0.083725,  0.133534]