step=3880845, graph_id=0, num_atoms=13
scalar_charges: [ 0.437027, -1.294692, -1.292795,  0.493841,  0.523065,  0.518416,  0.494928,  0.497749,  0.497059,  0.475295, -1.300451, -1.297112,  0.463491]
spherical_charges_l0: [[-0.337146],
 [-0.005236],
 [-0.00485 ],
 [-0.035739],
 [-0.011948],
 [-0.025068],
 [-0.015615],
 [-0.022282],
 [-0.016843],
 [-0.030582],
 [-0.006099],
 [-0.005406],
 [-0.322727]]
spherical_charges_l1: [[ 6.224907e-03, -9.914486e-01, -5.960945e-01],
 [ 3.778709e-03,  7.800818e-04,  3.283998e-03],
 [-3.294164e-03,  9.679431e-04, -5.121360e-04],
 [ 7.580466e-02, -3.120693e-01, -3.645303e-02],
 [-5.157028e-03, -9.169056e-03, -1.704237e-02],
 [-1.747616e-02,  8.003976e-03, -1.164281e-02],
 [-3.175076e-03,  4.793965e-03, -5.711212e-03],
 [ 1.214718e-02, -4.242751e-03, -2.719191e-02],
 [-8.450232e-03, -7.435793e-03, -2.949902e-02],
 [-9.647027e-02,  2.454767e-01, -9.398265e-02],
 [ 2.211941e-03,  7.181100e-04, -2.656672e-04],
 [-7.748363e-04, -1.610070e-03,  7.734271e-04],
 [-5.542755e-01,  7.652754e-01, -5.698429e-01]]
spherical_charges_l2: [[ 7.514165e-01, -5.996873e-01,  1.073758e+00,  4.536091e-01, -7.138399e-01],
 [-3.225739e-02,  2.596722e-02, -2.954072e-02,  7.762095e-03,  2.179442e-02],
 [-3.148153e-02,  2.091385e-02, -2.610746e-02,  4.008337e-03,  2.175943e-02],
 [ 1.209988e-02,  3.147723e-02,  5.490752e-02,  2.020363e-02,  2.844038e-03],
 [ 6.408380e-02,  6.942029e-02, -4.523533e-02,  4.947063e-04,  3.512641e-02],
 [ 7.986787e-02,  3.847780e-02, -7.042978e-03, -9.542886e-02,  2.340666e-02],
 [ 6.553675e-02, -1.186538e-03,  1.470966e-03,  2.260132e-02,  3.316271e-02],
 [ 1.654500e-02,  6.886975e-02, -4.780709e-02,  6.779266e-02, -9.059966e-03],
 [ 4.426602e-02,  8.186137e-02, -4.950612e-03, -1.264772e-02,  3.569498e-02],
 [ 3.475767e-02,  6.688080e-03,  1.199375e-02,  5.896539e-03, -2.096989e-02],
 [-2.238593e-02, -4.433335e-02,  1.912595e-02,  1.414862e-02,  2.775423e-02],
 [-2.514017e-02, -4.117214e-02,  1.760010e-02,  1.210699e-02,  2.731736e-02],
 [ 6.752312e-01,  7.814279e-01, -1.786864e-01, -8.571637e-01, -9.279697e-01]]
energy_short: [-1.058612,  0.929191,  0.931255, -0.522105, -0.266832, -0.30891 , -0.518316, -0.493416, -0.499219, -0.68059 ,  0.941171,  0.93536 , -0.80001 ]
energy_long: [-0.015724,  0.075656,  0.063745,  0.20728 ,  0.073347,  0.133875,  0.165631,  0.178049,  0.248879,  0.19513 ,  0.0822  ,  0.078018,  0.125873]