step=2675340, graph_id=0, num_atoms=13
scalar_charges: [ 0.453159, -1.355811, -1.353151,  0.504445,  0.538722,  0.532798,  0.507191,  0.509975,  0.509325,  0.485671, -1.360382, -1.357632,  0.474957]
spherical_charges_l0: [[-0.379639],
 [-0.005898],
 [-0.005473],
 [-0.037841],
 [-0.01283 ],
 [-0.028073],
 [-0.016766],
 [-0.024603],
 [-0.01794 ],
 [-0.031973],
 [-0.006912],
 [-0.006163],
 [-0.364267]]
spherical_charges_l1: [[ 4.688862e-03, -1.093943e+00, -6.583325e-01],
 [ 4.630595e-03,  1.607207e-03,  4.105971e-03],
 [-3.493052e-03,  2.045679e-03, -1.949460e-04],
 [ 8.568268e-02, -3.504550e-01, -3.739369e-02],
 [-3.360236e-03, -1.083515e-02, -1.763534e-02],
 [-1.870982e-02,  1.082218e-02, -1.106018e-02],
 [-3.569165e-03,  5.024597e-03, -5.880143e-03],
 [ 1.325681e-02, -5.476478e-03, -2.827526e-02],
 [-9.337846e-03, -6.705567e-03, -3.112953e-02],
 [-1.089010e-01,  2.773759e-01, -1.031711e-01],
 [ 2.653047e-03,  7.857041e-04, -2.838943e-04],
 [-7.761312e-04, -2.326817e-03,  1.125371e-03],
 [-6.157006e-01,  8.517655e-01, -6.314637e-01]]
spherical_charges_l2: [[ 8.441320e-01, -6.735983e-01,  1.199834e+00,  5.059742e-01, -7.950315e-01],
 [-3.360810e-02,  2.778161e-02, -3.193434e-02,  7.421493e-03,  2.377838e-02],
 [-3.260601e-02,  2.191160e-02, -2.758358e-02,  3.605875e-03,  2.309800e-02],
 [ 1.168134e-02,  3.505662e-02,  6.093582e-02,  2.497266e-02,  3.110260e-03],
 [ 7.056189e-02,  7.654578e-02, -4.833695e-02,  1.446344e-05,  4.062821e-02],
 [ 8.949189e-02,  4.451443e-02, -7.809424e-03, -1.068387e-01,  2.448210e-02],
 [ 7.106850e-02, -2.406930e-03,  2.126477e-03,  2.505194e-02,  3.662608e-02],
 [ 1.813838e-02,  7.617125e-02, -5.457815e-02,  7.379249e-02, -1.019659e-02],
 [ 4.799364e-02,  9.070214e-02, -3.544410e-03, -1.358159e-02,  3.980152e-02],
 [ 3.774247e-02,  4.808229e-03,  1.495455e-02,  5.400626e-03, -2.274177e-02],
 [-2.445871e-02, -4.576603e-02,  1.960333e-02,  1.531055e-02,  3.005734e-02],
 [-2.588488e-02, -4.334169e-02,  1.850125e-02,  1.369489e-02,  2.927048e-02],
 [ 7.601863e-01,  8.813916e-01, -2.006456e-01, -9.598458e-01, -1.037359e+00]]
energy_short: [-1.08317 ,  0.947627,  0.948003, -0.53897 , -0.277468, -0.318982, -0.527721, -0.503546, -0.51007 , -0.69776 ,  0.95869 ,  0.953379, -0.81775 ]
energy_long: [-0.015297,  0.087736,  0.077943,  0.213694,  0.08034 ,  0.136926,  0.175359,  0.18762 ,  0.250476,  0.202614,  0.093241,  0.089557,  0.136087]