step=2767455, graph_id=0, num_atoms=13
scalar_charges: [ 0.441288, -1.328529, -1.326607,  0.500345,  0.535812,  0.529841,  0.502851,  0.505883,  0.505149,  0.480351, -1.333807, -1.330835,  0.467347]
spherical_charges_l0: [[-0.366855],
 [-0.006318],
 [-0.005894],
 [-0.03578 ],
 [-0.012458],
 [-0.027372],
 [-0.016628],
 [-0.024204],
 [-0.017726],
 [-0.030416],
 [-0.007305],
 [-0.006532],
 [-0.349839]]
spherical_charges_l1: [[-3.940747e-04, -1.067255e+00, -6.410121e-01],
 [ 3.913762e-03,  2.314985e-03,  4.087960e-03],
 [-2.843994e-03,  2.010094e-03,  1.820651e-04],
 [ 8.325568e-02, -3.370310e-01, -3.937014e-02],
 [-4.992617e-03, -1.120182e-02, -1.963675e-02],
 [-2.083601e-02,  1.021873e-02, -1.306592e-02],
 [-3.273670e-03,  5.259852e-03, -5.242656e-03],
 [ 1.397148e-02, -5.357481e-03, -3.023468e-02],
 [-9.819173e-03, -7.435947e-03, -3.283987e-02],
 [-1.035473e-01,  2.656131e-01, -1.020194e-01],
 [ 2.581501e-03, -2.312605e-04,  2.131388e-04],
 [ 2.135902e-04, -2.485927e-03,  1.237290e-03],
 [-5.977315e-01,  8.240041e-01, -6.102894e-01]]
spherical_charges_l2: [[ 8.303652e-01, -6.595928e-01,  1.179920e+00,  4.885289e-01, -7.885997e-01],
 [-3.525773e-02,  2.759658e-02, -3.259050e-02,  8.290017e-03,  2.356656e-02],
 [-3.371045e-02,  2.311929e-02, -2.775888e-02,  4.491365e-03,  2.374130e-02],
 [ 1.366312e-02,  3.428000e-02,  5.896750e-02,  2.254648e-02,  2.774483e-03],
 [ 7.102763e-02,  7.645007e-02, -4.787831e-02,  3.820188e-04,  3.981247e-02],
 [ 8.883485e-02,  4.317670e-02, -7.718001e-03, -1.059664e-01,  2.520287e-02],
 [ 7.117233e-02, -3.061618e-03,  1.854676e-03,  2.474692e-02,  3.554494e-02],
 [ 1.821320e-02,  7.577462e-02, -5.365246e-02,  7.434810e-02, -1.034524e-02],
 [ 4.833246e-02,  9.015045e-02, -4.205132e-03, -1.403027e-02,  3.956276e-02],
 [ 3.846495e-02,  7.368505e-03,  1.202904e-02,  6.110085e-03, -2.367553e-02],
 [-2.532123e-02, -4.674476e-02,  2.004971e-02,  1.490011e-02,  3.023742e-02],
 [-2.581921e-02, -4.485874e-02,  1.924901e-02,  1.367483e-02,  2.928920e-02],
 [ 7.402974e-01,  8.615096e-01, -2.020873e-01, -9.335803e-01, -1.020083e+00]]
energy_short: [-1.080246,  0.944894,  0.946234, -0.531771, -0.271492, -0.313527, -0.521686, -0.497602, -0.503863, -0.689575,  0.956144,  0.950885, -0.818072]
energy_long: [-0.017131,  0.08587 ,  0.076174,  0.212362,  0.075786,  0.133662,  0.173208,  0.183205,  0.250821,  0.200209,  0.091494,  0.087778,  0.13041 ]