step=3392235, graph_id=0, num_atoms=13
scalar_charges: [ 0.43416 , -1.300978, -1.299455,  0.49055 ,  0.521211,  0.516341,  0.491944,  0.494831,  0.494092,  0.471734, -1.307034, -1.303802,  0.459193]
spherical_charges_l0: [[-0.339738],
 [-0.005745],
 [-0.005353],
 [-0.035279],
 [-0.011956],
 [-0.025357],
 [-0.015666],
 [-0.022543],
 [-0.016833],
 [-0.029819],
 [-0.006692],
 [-0.005956],
 [-0.324953]]
spherical_charges_l1: [[ 5.801179e-03, -9.902086e-01, -5.974292e-01],
 [ 4.293404e-03,  8.539419e-04,  3.636176e-03],
 [-3.581307e-03,  1.119114e-03, -5.443791e-04],
 [ 7.647672e-02, -3.138303e-01, -3.545861e-02],
 [-5.437077e-03, -9.896344e-03, -1.823207e-02],
 [-1.811780e-02,  8.821300e-03, -1.145818e-02],
 [-3.430770e-03,  4.695893e-03, -5.794170e-03],
 [ 1.234802e-02, -4.502758e-03, -2.711032e-02],
 [-8.630285e-03, -7.352433e-03, -2.973288e-02],
 [-9.690765e-02,  2.465667e-01, -9.375417e-02],
 [ 2.475473e-03,  9.496577e-04, -3.696596e-04],
 [-1.042093e-03, -1.784702e-03,  8.508075e-04],
 [-5.544624e-01,  7.658388e-01, -5.696514e-01]]
spherical_charges_l2: [[ 7.506446e-01, -6.027430e-01,  1.070548e+00,  4.541404e-01, -7.117909e-01],
 [-3.297077e-02,  2.629309e-02, -3.074200e-02,  7.483996e-03,  2.243635e-02],
 [-3.197501e-02,  2.161077e-02, -2.659314e-02,  3.929911e-03,  2.241644e-02],
 [ 1.030447e-02,  3.240780e-02,  5.535955e-02,  2.221617e-02,  2.796159e-03],
 [ 6.327260e-02,  6.878449e-02, -4.540288e-02,  3.586024e-04,  3.477209e-02],
 [ 7.964180e-02,  3.856809e-02, -7.305491e-03, -9.537017e-02,  2.229588e-02],
 [ 6.515603e-02, -1.568597e-03,  1.745923e-03,  2.270981e-02,  3.327681e-02],
 [ 1.646516e-02,  6.854987e-02, -4.835286e-02,  6.698201e-02, -9.433330e-03],
 [ 4.383006e-02,  8.148791e-02, -4.223369e-03, -1.272266e-02,  3.520521e-02],
 [ 3.457243e-02,  4.743849e-03,  1.298544e-02,  4.833395e-03, -2.152353e-02],
 [-2.351043e-02, -4.492101e-02,  1.932123e-02,  1.435048e-02,  2.861140e-02],
 [-2.514670e-02, -4.221396e-02,  1.806054e-02,  1.281458e-02,  2.800293e-02],
 [ 6.747057e-01,  7.811904e-01, -1.781458e-01, -8.574509e-01, -9.269273e-01]]
energy_short: [-1.087091,  0.937876,  0.939335, -0.53478 , -0.276783, -0.318757, -0.528418, -0.503614, -0.509861, -0.695242,  0.949779,  0.94421 , -0.825612]
energy_long: [-0.008659,  0.083962,  0.073043,  0.212097,  0.078708,  0.138381,  0.171714,  0.184318,  0.25073 ,  0.200556,  0.089941,  0.085971,  0.134   ]