step=1457820, graph_id=0, num_atoms=13
scalar_charges: [ 0.642752, -2.047042, -2.043646,  0.786738,  0.852443,  0.841206,  0.787942,  0.794422,  0.793136,  0.742978, -2.046004, -2.04576 ,  0.727807]
spherical_charges_l0: [[-0.681024],
 [-0.013425],
 [-0.012717],
 [-0.065914],
 [-0.033433],
 [-0.057223],
 [-0.032606],
 [-0.050396],
 [-0.038039],
 [-0.0546  ],
 [-0.015344],
 [-0.014147],
 [-0.64948 ]]
spherical_charges_l1: [[ 4.962644e-03, -2.054638e+00, -1.237267e+00],
 [ 6.211595e-03,  1.240658e-02,  1.025254e-02],
 [-3.606464e-03,  6.995367e-03,  2.906342e-03],
 [ 1.627880e-01, -7.024106e-01, -8.787654e-02],
 [-1.030857e-02, -2.871736e-02, -4.444168e-02],
 [-4.137399e-02,  2.444704e-02, -2.610664e-02],
 [-5.594418e-03,  9.582254e-03, -7.250569e-03],
 [ 2.715999e-02, -1.186568e-02, -5.820333e-02],
 [-1.923474e-02, -1.267804e-02, -6.618260e-02],
 [-2.224308e-01,  5.492290e-01, -2.121353e-01],
 [ 6.001113e-03, -2.996515e-03,  1.696232e-03],
 [ 3.631435e-03, -7.800831e-03,  3.971410e-03],
 [-1.160173e+00,  1.608641e+00, -1.181323e+00]]
spherical_charges_l2: [[ 1.540284, -1.254089,  2.213979,  0.928235, -1.486652],
 [-0.068609,  0.060763, -0.063641,  0.015765,  0.050065],
 [-0.069812,  0.046938, -0.058279,  0.009345,  0.04796 ],
 [ 0.028843,  0.059852,  0.122566,  0.047656, -0.004282],
 [ 0.133365,  0.146221, -0.09209 , -0.002478,  0.078249],
 [ 0.169259,  0.084994, -0.018047, -0.198086,  0.042842],
 [ 0.129997, -0.008516,  0.007174,  0.048394,  0.069952],
 [ 0.038246,  0.144241, -0.105022,  0.134685, -0.020583],
 [ 0.090956,  0.170325, -0.004589, -0.023499,  0.070728],
 [ 0.077521,  0.018147,  0.019823,  0.005763, -0.0545  ],
 [-0.050764, -0.095266,  0.040862,  0.031336,  0.061992],
 [-0.054796, -0.090438,  0.038601,  0.027665,  0.060718],
 [ 1.394928,  1.621722, -0.370226, -1.779607, -1.930903]]
energy_short: [-0.974309,  0.768053,  0.766348, -0.49663 , -0.248856, -0.287709, -0.499512, -0.471611, -0.477695, -0.649263,  0.780611,  0.774379, -0.718826]
energy_long: [0.004128, 0.103859, 0.095477, 0.230819, 0.090617, 0.151311, 0.197889, 0.20732 , 0.275642, 0.219689, 0.110266, 0.10646 , 0.15439 ]