step=480600, graph_id=0, num_atoms=13
scalar_charges: [ 1.779105, -6.748089, -6.737625,  2.186996,  2.264002,  2.255321,  2.181884,  2.189805,  2.184852,  2.116383, -6.756388, -6.747154,  2.025887]
spherical_charges_l0: [[-1.924849],
 [-0.050777],
 [-0.036672],
 [-0.35365 ],
 [-0.223447],
 [-0.270267],
 [-0.201842],
 [-0.254957],
 [-0.222185],
 [-0.326779],
 [-0.051719],
 [-0.046013],
 [-1.878383]]
spherical_charges_l1: [[ 1.170842e-01, -4.589720e+00, -2.739584e+00],
 [ 6.848218e-02,  7.792306e-02,  7.452524e-02],
 [-5.837038e-02,  9.959196e-02,  2.464359e-02],
 [ 4.372815e-01, -2.596350e+00, -4.569895e-01],
 [-2.477025e-02, -3.838384e-02, -8.561669e-02],
 [-4.124438e-02,  3.159022e-02, -4.225590e-02],
 [ 1.140637e-03,  1.862568e-02,  5.019555e-03],
 [ 3.567248e-02, -1.521650e-02, -1.137929e-01],
 [-2.469316e-02, -2.514254e-02, -1.256302e-01],
 [-9.033139e-01,  2.039587e+00, -8.066240e-01],
 [ 1.291148e-01, -4.616096e-02,  2.709394e-02],
 [-1.687720e-03, -1.125820e-01,  5.524561e-02],
 [-2.661550e+00,  3.678822e+00, -2.731326e+00]]
spherical_charges_l2: [[ 3.772943, -3.019433,  5.354298,  2.32777 , -3.614289],
 [-0.182368,  0.188964, -0.187809,  0.021691,  0.158235],
 [-0.22053 ,  0.126919, -0.188815,  0.029598,  0.132391],
 [ 0.250442,  0.110649,  0.58993 ,  0.1557  , -0.137727],
 [ 0.390875,  0.383419, -0.222292, -0.025825,  0.214769],
 [ 0.442573,  0.22192 , -0.048531, -0.495027,  0.130844],
 [ 0.35919 ,  0.065987,  0.007155,  0.122008,  0.217283],
 [ 0.121266,  0.390432, -0.251592,  0.360969, -0.027725],
 [ 0.251846,  0.444744, -0.027887, -0.048035,  0.198238],
 [ 0.369009,  0.246903, -0.023928, -0.066905, -0.363538],
 [-0.13003 , -0.282211,  0.121343,  0.108875,  0.186184],
 [-0.178637, -0.250104,  0.104446,  0.08282 ,  0.189154],
 [ 3.437919,  3.924762, -0.871417, -4.328589, -4.64264 ]]
energy_short: [-0.91767 ,  0.382375,  0.373071, -0.281381, -0.134079, -0.159101, -0.354716, -0.34205 , -0.355716, -0.470198,  0.391586,  0.382787, -0.619535]
energy_long: [0.025613, 0.083531, 0.079   , 0.267769, 0.094294, 0.195481, 0.261779, 0.230847, 0.299921, 0.259429, 0.085295, 0.082256, 0.16001 ]