step=3175965, graph_id=0, num_atoms=13
scalar_charges: [ 0.434446, -1.29401 , -1.292547,  0.491345,  0.522016,  0.517118,  0.492454,  0.495231,  0.494454,  0.472234, -1.299215, -1.296379,  0.460326]
spherical_charges_l0: [[-0.342536],
 [-0.00575 ],
 [-0.005446],
 [-0.034992],
 [-0.011694],
 [-0.025587],
 [-0.015741],
 [-0.022715],
 [-0.016822],
 [-0.029763],
 [-0.006701],
 [-0.005992],
 [-0.327782]]
spherical_charges_l1: [[ 7.076915e-03, -9.919903e-01, -5.985106e-01],
 [ 3.241322e-03,  1.340628e-03,  3.190190e-03],
 [-2.791513e-03,  7.622752e-04, -4.152356e-04],
 [ 7.618170e-02, -3.203257e-01, -3.678571e-02],
 [-4.505279e-03, -9.698575e-03, -1.736351e-02],
 [-1.761609e-02,  8.941387e-03, -1.140131e-02],
 [-3.362319e-03,  4.804707e-03, -5.707203e-03],
 [ 1.192449e-02, -4.467811e-03, -2.676711e-02],
 [-8.437177e-03, -6.911872e-03, -2.896289e-02],
 [-1.006063e-01,  2.529881e-01, -9.543851e-02],
 [ 1.377441e-03,  4.488876e-04, -1.620659e-04],
 [-2.148231e-04, -1.207593e-03,  5.947796e-04],
 [-5.547710e-01,  7.662665e-01, -5.711098e-01]]
spherical_charges_l2: [[ 7.572925e-01, -6.058331e-01,  1.082328e+00,  4.600473e-01, -7.180231e-01],
 [-3.282733e-02,  2.669625e-02, -3.046344e-02,  7.491809e-03,  2.263980e-02],
 [-3.219035e-02,  2.190354e-02, -2.707427e-02,  3.809109e-03,  2.276704e-02],
 [ 1.036136e-02,  3.250789e-02,  5.520307e-02,  2.190812e-02,  3.492024e-03],
 [ 6.444030e-02,  7.012612e-02, -4.455800e-02,  7.534202e-04,  3.632377e-02],
 [ 8.057904e-02,  3.850373e-02, -6.458433e-03, -9.706457e-02,  2.222506e-02],
 [ 6.554431e-02, -2.339290e-03,  1.782897e-03,  2.284343e-02,  3.296293e-02],
 [ 1.604071e-02,  6.862313e-02, -4.912415e-02,  6.784759e-02, -9.666796e-03],
 [ 4.393621e-02,  8.221768e-02, -3.744327e-03, -1.295200e-02,  3.609540e-02],
 [ 3.436104e-02,  5.048097e-03,  1.308736e-02,  5.885568e-03, -2.083652e-02],
 [-2.285429e-02, -4.489979e-02,  1.931988e-02,  1.488287e-02,  2.870741e-02],
 [-2.559752e-02, -4.195664e-02,  1.790158e-02,  1.284348e-02,  2.827713e-02],
 [ 6.808291e-01,  7.867092e-01, -1.787726e-01, -8.664512e-01, -9.359846e-01]]
energy_short: [-1.082211,  0.939794,  0.941482, -0.536055, -0.283491, -0.324689, -0.532944, -0.509253, -0.515837, -0.697106,  0.951107,  0.945872, -0.819521]
energy_long: [-0.012126,  0.08366 ,  0.073035,  0.214388,  0.078111,  0.138298,  0.170471,  0.186623,  0.247233,  0.202177,  0.089509,  0.085571,  0.127342]