step=3023775, graph_id=0, num_atoms=13
scalar_charges: [ 0.431678, -1.319112, -1.318126,  0.493077,  0.525351,  0.520275,  0.494204,  0.497209,  0.49641 ,  0.472987, -1.325991, -1.322441,  0.459621]
spherical_charges_l0: [[-0.362225],
 [-0.006509],
 [-0.006057],
 [-0.035531],
 [-0.012717],
 [-0.026719],
 [-0.016337],
 [-0.02368 ],
 [-0.017651],
 [-0.030016],
 [-0.007521],
 [-0.00671 ],
 [-0.346119]]
spherical_charges_l1: [[ 2.158775e-03, -1.045590e+00, -6.295616e-01],
 [ 3.970433e-03,  2.074323e-03,  4.047554e-03],
 [-2.991939e-03,  1.645967e-03, -2.270506e-06],
 [ 7.806030e-02, -3.264694e-01, -3.748509e-02],
 [-6.260228e-03, -1.118661e-02, -2.049395e-02],
 [-2.040051e-02,  9.958535e-03, -1.247198e-02],
 [-3.393692e-03,  4.934726e-03, -5.533488e-03],
 [ 1.369276e-02, -5.067716e-03, -2.895729e-02],
 [-9.699355e-03, -7.480322e-03, -3.227079e-02],
 [-1.027037e-01,  2.587820e-01, -9.815370e-02],
 [ 2.788923e-03, -1.356288e-04,  1.737643e-04],
 [ 5.657528e-05, -2.345588e-03,  1.163473e-03],
 [-5.847990e-01,  8.072837e-01, -5.983616e-01]]
spherical_charges_l2: [[ 7.945625e-01, -6.409408e-01,  1.144269e+00,  4.838232e-01, -7.673311e-01],
 [-3.493106e-02,  2.819746e-02, -3.250161e-02,  8.004301e-03,  2.382040e-02],
 [-3.380786e-02,  2.298394e-02, -2.803666e-02,  4.229787e-03,  2.364732e-02],
 [ 1.171090e-02,  3.248196e-02,  5.592763e-02,  2.136143e-02,  2.797586e-03],
 [ 6.820010e-02,  7.426600e-02, -4.902793e-02, -8.140906e-04,  3.773256e-02],
 [ 8.530990e-02,  4.224002e-02, -9.357723e-03, -1.013937e-01,  2.450165e-02],
 [ 6.682825e-02, -2.000935e-03,  2.001705e-03,  2.353675e-02,  3.427549e-02],
 [ 1.843471e-02,  7.311910e-02, -5.004845e-02,  7.041214e-02, -9.846581e-03],
 [ 4.748633e-02,  8.675069e-02, -5.133581e-03, -1.312649e-02,  3.664645e-02],
 [ 3.546824e-02,  6.225183e-03,  1.249080e-02,  6.307361e-03, -2.151049e-02],
 [-2.482385e-02, -4.711029e-02,  2.024361e-02,  1.516301e-02,  3.020206e-02],
 [-2.635719e-02, -4.454718e-02,  1.906391e-02,  1.360791e-02,  2.952277e-02],
 [ 7.137375e-01,  8.259980e-01, -1.909406e-01, -9.123655e-01, -9.923987e-01]]
energy_short: [-1.089434,  0.94294 ,  0.944215, -0.536483, -0.284123, -0.324322, -0.533824, -0.509417, -0.515871, -0.697485,  0.954062,  0.948945, -0.826886]
energy_long: [-0.017065,  0.082043,  0.071892,  0.209992,  0.077396,  0.134977,  0.169621,  0.181089,  0.248932,  0.198383,  0.087848,  0.084022,  0.128568]