step=3432285, graph_id=0, num_atoms=13
scalar_charges: [ 0.442991, -1.301685, -1.300299,  0.497227,  0.527443,  0.522737,  0.498512,  0.501326,  0.500615,  0.478685, -1.306837, -1.303978,  0.467048]
spherical_charges_l0: [[-0.342724],
 [-0.005719],
 [-0.005355],
 [-0.036042],
 [-0.012155],
 [-0.0255  ],
 [-0.015595],
 [-0.022532],
 [-0.016961],
 [-0.031084],
 [-0.006619],
 [-0.005917],
 [-0.328351]]
spherical_charges_l1: [[ 5.288779e-03, -9.979166e-01, -6.011109e-01],
 [ 4.180595e-03,  6.556761e-04,  3.381154e-03],
 [-3.509897e-03,  1.127407e-03, -6.316080e-04],
 [ 7.664702e-02, -3.177229e-01, -3.589499e-02],
 [-3.410043e-03, -9.648278e-03, -1.589991e-02],
 [-1.687972e-02,  8.977155e-03, -1.042570e-02],
 [-3.441897e-03,  4.763759e-03, -5.871865e-03],
 [ 1.187186e-02, -4.356815e-03, -2.628699e-02],
 [-8.452233e-03, -6.584619e-03, -2.852233e-02],
 [-9.897730e-02,  2.514448e-01, -9.474666e-02],
 [ 2.483045e-03,  7.720937e-04, -2.834938e-04],
 [-9.559382e-04, -1.792622e-03,  8.564568e-04],
 [-5.591606e-01,  7.722741e-01, -5.741269e-01]]
spherical_charges_l2: [[ 7.571114e-01, -6.059775e-01,  1.082739e+00,  4.568534e-01, -7.211613e-01],
 [-3.334162e-02,  2.664047e-02, -3.080431e-02,  7.810860e-03,  2.257749e-02],
 [-3.219626e-02,  2.200730e-02, -2.672191e-02,  4.106354e-03,  2.259831e-02],
 [ 1.170695e-02,  3.172539e-02,  5.468222e-02,  1.990175e-02,  3.274606e-03],
 [ 6.347702e-02,  6.912415e-02, -4.473381e-02,  9.013086e-04,  3.568413e-02],
 [ 7.989469e-02,  3.846743e-02, -6.591351e-03, -9.636378e-02,  2.330938e-02],
 [ 6.558187e-02, -1.536720e-03,  1.533227e-03,  2.263166e-02,  3.286672e-02],
 [ 1.599278e-02,  6.874701e-02, -4.798452e-02,  6.815635e-02, -9.123188e-03],
 [ 4.405886e-02,  8.196758e-02, -4.657107e-03, -1.299479e-02,  3.603982e-02],
 [ 3.455353e-02,  6.273062e-03,  1.213095e-02,  6.819375e-03, -2.075345e-02],
 [-2.359171e-02, -4.504944e-02,  1.938078e-02,  1.433475e-02,  2.865048e-02],
 [-2.528036e-02, -4.248723e-02,  1.818687e-02,  1.278093e-02,  2.806458e-02],
 [ 6.809521e-01,  7.890884e-01, -1.811645e-01, -8.649305e-01, -9.376574e-01]]
energy_short: [-1.076363,  0.933515,  0.93479 , -0.533614, -0.278028, -0.318932, -0.528051, -0.503743, -0.50978 , -0.692718,  0.944576,  0.939285, -0.81518 ]
energy_long: [-0.013814,  0.08187 ,  0.070661,  0.209511,  0.075419,  0.137244,  0.172536,  0.18257 ,  0.249604,  0.197491,  0.087798,  0.083784,  0.127938]